46922,8729271947 45930,0741792015 32817,124939454 47675,1592611411 46049,3302411374 33293,8524213747
46922,8729271947 45930,0741792015 32817,124939454 47675,1592611411 46049,3302411374 33293,8524213747
49065,3857346879 47017,6396466391 36647,3433117544 48611,6060625354 46919,3275235422 36626,8656598852
49703,9171486596 48300,77685126 37323,9165504184 49178,7462141596 47922,78950407 39544,6477042544
52479,5213107687 49410,4035151016 39411,4995118553 50171,9005482522 48781,291341219 38619,9593587238
52479,5213107687 50140,5396451956 39687,8119923573 51324,0182885801 49843,4003180066 39552,2651182974
52722,9954774477 51027,6525525322 39834,9628239684 51587,4162151648 50402,2045515783 41456,8473431955
52858,5823508909 51861,9303326562 41412,0998858334 52166,2690005449 51092,1821076574 42485,7958101789
53775,7753033676 52466,889779266 42153,6347215924 52747,5965972422 51765,0915154921 43742,7817236444
54653,93024886 53277,9660821646 44543,2410077265 53083,7227707711 52445,4816700149 45110,723163368
54924,2591375207 53802,3624397833 43991,5117689154 54201,5516590654 52813,7634833759 46116,4663337449
55415,2792636114 54225,2821504254 45656,8618012182 54346,0393701837 53257,8015295178 46092,2075680363
56326,2220836137 54870,8494298751 46761,3545229383 55256,3487899058 53736,8963040457 45547,3032106583
56718,5712475826 55402,7828023754 48646,0358682586 55317,596431219 54175,0240635907 46469,7041082905
57029,8740849488 55641,5037918987 47813,7265055224 55443,9005607243 54392,4140073396 47608,4340895317
57343,5912801177 56175,0920092414 47055,1632200214 55980,789228154 54875,6598070775 47217,4701306566
58027,2632776601 56621,6184137031 49514,5956394371 56456,0747847677 55100,8275680783 48565,0759200328
58499,3465014872 57125,2003484573 49466,6204728547 56456,0747847677 55328,7338997613 48615,308834465
58743,2120733777 57415,6538371815 49369,0432090704 56629,5041427533 55525,4967933264 49405,8196100841
58962,5252427426 57786,3649346569 50686,8831163671 56766,6275077202 55684,490255658 48364,4528596435
59358,1161644746 58106,1573176416 51764,0656837493 56907,0890310109 55988,7810438516 49432,0476791502
59608,1389289133 58325,1996094506 52446,0657065698 57151,7757131865 56203,0508018739 49553,4163423578
60002,4292956282 58683,6522417463 52580,3585621338 57151,7757131865 56341,7186268478 49995,0787088308
60363,9485144719 58884,3110352822 52691,2768381362 57288,2742797978 56595,7781052199 50004,3910232247
60560,3228015635 59121,0688965539 53142,7844479171 57799,9733272635 56788,6573312367 50275,7801704053
60859,6459911054 59397,2670735073 53527,9306669524 58186,6189282273 56936,9691668047 50194,5213744792
60859,6459911054 59392,0690013808 51540,9943452268 60419,8611158738 59017,9663301173 50194,5213744792
61101,2183087173 59670,0458759644 53653,115879917 60912,2953703417 59186,4497369408 49043,684017029
61443,1432115046 59869,8572886295 53882,1353246756 60912,2953703417 59411,9390475275 51256,9875250005
61753,1872965077 60047,6379464295 54048,5623422244 60912,2953703417 59487,3515760402 52767,0937569652
62014,3548434545 60316,0822873372 53769,4145035817 61401,138929071 59690,1682782249 50576,5632468063
62014,3548434545 60402,4858520525 54260,8261627506 61401,138929071 59743,3773020666 49884,4124574056
62116,5498698771 60551,6932999868 54622,485298569 61401,138929071 59907,9899669732 52506,9856749261
62116,5498698771 60683,6490318738 54624,9327127245 61685,3997069502 60002,6615631481 51996,2448190107
62247,0458806075 60842,8952278256 54820,7715684686 61837,2011013469 60138,7172696969 51616,2959684833
62677,0775864851 61036,5689321074 55923,7089622189 61948,2461471613 60341,5898172538 53635,327073828
62844,0351398036 61153,2202007114 55937,3051044036 61969,1348189711 60371,0085250821 53008,6055233194
62844,0351398036 61321,9065961122 56263,5785084658 62193,445699068 60511,8587584679 53511,1294747815
62969,5865388537 61433,377698278 57127,2293032286 62219,5770256123 60554,1624790375 52653,3680776649
62969,5865388537 61542,6923579805 56607,9996855867 62318,7841877632 60662,0759613523 53967,7354590322
63125,2899640253 61655,1753959558 56556,5129190028 62371,3634315937 60722,2632011129 53869,3079010355
63173,7554278755 61752,1060199814 54871,7717566306 62371,3634315937 60777,6960722965 54380,15878136
63216,8648712921 61844,9798020119 55193,7286808563 62521,654276206 60876,4910150697 53161,973621584
63314,6092678763 62017,3769322592 55970,0623994215 62521,654276206 60955,5723105344 53130,5425191598
63314,6092678763 62112,3118091422 55384,5711772742 62521,654276206 61022,2223754444 53161,973621584
63563,8984855594 62201,4280840141 55852,1580553306 62521,654276206 61085,0053568357 54143,6602618302
63563,8984855594 62234,5519874807 55375,3084495089 62594,6198144301 61173,1042055224 53368,1536249099
63563,8984855594 62267,2085088042 55267,6487661916 62646,9927649012 61323,8600259548 53937,4396083854
63583,3557690867 62342,1485596972 57106,6630353313 62646,9927649012 61354,0498628467 53466,868788439
63583,3557690867 62399,1644439772 57050,8476770422 62646,9927649012 61402,065699494 54305,893295019
63704,0413408614 62543,5989073699 58216,312635602 62691,0951236495 61473,1335527177 54394,451538981
63704,0413408614 62543,5989073699 55531,4660972644 63583,3557690867 62376,2073221481 54394,451538981
63704,0413408614 62595,5234423829 58235,0276026734 63627,7597312045 62419,7713995955 53417,1648721536
63864,0592402461 62706,0224870114 58519,2697759383 63627,7597312045 62463,5702971512 54286,3157161441
63864,0592402461 62781,5710593855 57354,5293437685 63627,7597312045 62484,4991511867 56387,8686779991
63886,7310383761 62810,8798092099 56975,3622370823 63714,5151534095 62502,167850581 55037,9340021542
63925,6365852429 62855,916328062 58699,7039475426 63741,1597345772 62587,8167277823 55645,3635143948
63925,6365852429 62914,234979724 57870,4502131039 63741,1597345772 62621,3897704721 55834,1212883242
63971,5727590871 62942,5554345006 58642,1290865761 63758,0022490685 62687,3415697434 55960,5902207748
63971,5727590871 63001,3229275961 58480,9421755287 63764,4621451199 62716,0610893175 55904,2563197244
63971,5727590871 63086,3971201556 57971,103192499 63843,4553544805 62818,7485224884 56517,0696389737
63999,5558030556 63134,2689058775 58894,3728393871 63931,5518153535 62862,3388722974 55066,6673670796
64162,0262278582 63251,2457945876 57813,695259232 63954,8542258961 62879,3708667746 55204,0184049149
64162,0262278582 63281,628019999 58871,4162137462 63969,2128708515 62980,1312088836 56123,0573534483
64228,059793824 63329,3256102621 59327,8336152277 64033,8474352567 63025,4105408157 56260,8698911056
64228,059793824 63355,1712297579 59045,3757492024 64033,8474352567 63046,4326344828 56260,8698911056
64256,3322361078 63405,3028825926 59157,8401203774 64060,4637276801 63077,1372223352 56244,1858869636
64256,3322361078 63451,9487284881 58791,7547967324 64110,9220032412 63126,7510429105 56530,9972766879
64256,3322361078 63480,1091169811 58651,7571719274 64120,9713820715 63142,855794757 56939,9421641475
64256,3322361078 63506,9794007191 58359,3918602404 64120,9713820715 63182,9877370921 55460,7158373074
64256,3322361078 63555,4221224023 59418,155352243 64236,4667852957 63210,6409809298 57488,9079056889
64256,3322361078 63638,7051001379 60055,7341690956 64236,4667852957 63226,2362468824 55880,831427014
64257,7490698665 63668,1406105455 59723,3258437994 64249,5282319502 63247,6610002234 55880,831427014
64257,7490698665 63713,3793706942 58253,596819934 64258,492036392 63273,9974189298 56624,5887401436
64346,4977175321 63781,2408426604 58881,9718480153 64310,3714537616 63297,0067074383 56613,472604581
64346,4977175321 63821,5822563772 59631,1281333697 64314,3968899386 63328,4807676735 56562,4084780878
64346,4977175321 63821,5822563772 57276,7666248409 64346,4977175321 63764,3519708815 56562,4084780878
64487,3326457079 63862,6145553061 58570,4071563828 64440,0281162501 63785,3259751517 54490,782130082
64502,3630137217 63916,0778861172 59035,7064752277 64440,0281162501 63876,3478341225 56843,2347534102
64516,4464617044 63934,5087249766 58723,5967842929 64467,9091939901 63905,7447805875 57166,5905258075
64545,8699929116 63957,1530246485 59907,9575551819 64501,0978135537 63924,1090536179 57300,07262354
64545,8699929116 63952,9954974747 60490,2053053558 64501,0978135537 63962,8686904922 57555,4868060356
64552,3252881435 63996,4116583658 59251,6574390933 64501,0978135537 64002,1408122784 57447,1247369761
64564,6864248922 64023,1772017941 59998,4538324157 64532,3064724818 64033,8754956917 57252,4503403335
64564,6864248922 64036,8167224118 59998,7983035128 64532,3064724818 64042,5206994398 57928,5364317355
64583,5974259274 64070,6734224807 59978,6747552608 64562,4790672662 64069,4658072816 57423,6722348819
64583,5974259274 64090,4051606986 59833,2390167264 64562,4790672662 64095,0201838616 58118,2925283465
64595,7459429191 64089,4635916076 59498,8223875864 64593,6877261943 64106,7536952359 57691,7498673568
64650,6440869474 64097,0763144666 59338,7238947899 64606,883029384 64131,3791385639 57742,9524753101
64650,6440869474 64133,1200330401 58963,9881619639 64606,883029384 64147,1971946042 57752,6153105395
64675,040513596 64160,6152953369 60029,6637446672 64625,6521477112 64165,8668543151 57418,5157506351
64675,040513596 64199,5738796352 59825,1839348677 64625,6521477112 64177,6903843869 57650,017521426
64675,040513596 64201,6642806888 60346,976531573 64625,6521477112 64186,1971679153 57501,0033419378
64678,479604674 64204,8314008351 60103,191253057 64666,2948069081 64197,5422818701 57756,184424928
64743,8500859504 64216,0003795942 59122,1839718664 64715,1822865804 64218,0858818955 56935,6863826192
64743,8500859504 64231,9213221741 60850,9667904919 64715,1822865804 64226,8393133115 57602,7856956155
64773,225256445 64239,1334171562 60450,6547598593 64737,6602752313 64241,7044574227 57881,7793397401
64773,225256445 64246,9936344665 59897,9656834419 64768,814724982 64253,7702344991 57686,346613672
64778,0649744712 64267,5409189052 60625,1455222377 64768,814724982 64256,7609548735 57686,346613672
64778,0649744712 64271,8296348198 59619,9754026619 64776,0255083919 64272,8857023757 58284,6735867819
64789,113920939 64274,8678516885 60894,5805953359 64776,0255083919 64286,0091411077 58250,7164228377
64789,113920939 64354,8777319728 59024,9481520211 64778,0649744712 64364,4337972336 58301,3376516558
64789,113920939 64365,7485676926 60921,7456361454 64790,37513757 64399,3291800012 57733,4959991645
64792,7103985388 64376,4032872973 59383,329159699 64790,37513757 64398,9912418595 56768,2304410077
64792,7103985388 64415,0144679752 60958,9738368072 64825,3181045868 64430,8016240721 57948,192740134
64792,7103985388 64428,7435336785 61474,6924581746 64825,3181045868 64446,5865435858 58085,0698487957
64822,0353500103 64442,4452104392 59717,9291913659 64825,3181045868 64447,7501278039 57679,6927287641
64831,5713203332 64463,4573640336 60878,6627524235 64839,9635286544 64452,2896199439 58503,452850584
64831,5713203332 64463,4573640336 58874,1147061081 64847,4940652347 64458,9399269377 57311,7759636257
64868,4536560302 64467,7622266442 60396,0791644497 64858,5430117025 64463,8849142141 58671,2582788271
64868,4536560302 64489,6322932291 61413,9100286921 64858,5430117025 64466,803180533 57796,5351934338
64868,4536560302 64489,6322932291 59294,9007885629 64878,3841697614 64483,1005337315 57688,4500987352
64868,4536560302 64498,7355848522 61092,5115855673 64878,3841697614 64490,4329615236 57339,2979139828
64954,2815420043 64513,2134647907 60827,069014611 64878,3841697614 64492,332390544 58337,9090168319
64954,2815420043 64513,2134647907 59900,9953292992 64878,3841697614 64496,4008477934 58328,5319267479
64954,2815420043 64513,2256684035 59360,5405065728 64934,4036801951 64514,4383361957 56491,6213322091
64960,4395803955 64534,2800786269 60072,0581451193 64934,4036801951 64517,9419908125 57341,4476560811
64960,4395803955 64535,2972033706 59380,2113429008 64934,4036801951 64517,9419908125 58625,619716618
64965,9742096406 64551,2363055811 59720,6507706314 64934,4036801951 64522,2318433264 58611,9050209924
64965,9742096406 64562,4807114065 60793,6150575299 64934,4036801951 64525,6679671273 58029,5226307972
64965,9742096406 64569,9285445016 61092,4807467997 64960,5488481417 64536,4458978721 58593,5088043899
64965,9742096406 64571,2817284696 60842,9321726153 64960,5488481417 64537,607266145 58339,0750640529
64976,6151236184 64584,4194234508 60103,1954813584 64960,5488481417 64541,5059865323 57365,4714663857
64976,6151236184 64594,8540302026 60382,5085252063 64960,5488481417 64550,0170820389 58318,1462096287
64976,6151236184 64597,6935471636 60382,5085252063 64960,5488481417 64550,1830028565 57325,6927846642
64976,6151236184 64597,6935471636 61404,3356953947 64987,880130716 64553,2395129761 58549,870372258
64976,6151236184 64642,6913141932 58714,8820032223 64987,880130716 64646,3694447772 58549,870372258
65023,73596129 64660,6681221723 59006,8646376643 64987,880130716 64657,3955915098 58524,4962150782
65146,8691346507 64678,9294157159 61366,3202341728 64993,95136624 64661,8190775821 58657,6233860814
65146,8691346507 64682,3961978423 60897,2564536785 64993,95136624 64662,6769117107 58282,3791408114
65146,8691346507 64683,0129276586 60754,4370236675 64993,95136624 64665,9766288693 58529,2362620972
65156,1362415267 64689,6864753447 60311,8976771415 64995,5447095283 64670,2472107982 58718,0245475765
65245,8482137494 64706,1798145605 60540,2087271503 64995,5447095283 64676,9978531642 58173,6927480776
65245,8482137494 64710,8089279892 61310,4509312516 64995,5447095283 64677,8825147823 58051,4505884431
65245,8482137494 64716,6755704334 60398,3447252727 65016,4592356902 64682,9641727697 58529,2362620972
65245,8482137494 64725,8110612433 61130,8177593493 65016,4592356902 64683,5266627203 58653,3705376217
65245,8482137494 64735,5039048391 60809,9463509532 65016,4592356902 64684,9857310051 58378,423901403
65245,8482137494 64737,6728644649 60404,3252431752 65016,4592356902 64684,9857310051 58081,3288366694
65245,8482137494 64746,72402576 61178,7663030878 65152,5758104329 64709,6952204874 57415,1279301596
65245,8482137494 64749,1776308144 61280,568115673 65152,5758104329 64714,8999515417 58578,0984360216
65245,8482137494 64751,7419249617 61543,2208204006 65152,5758104329 64714,8999515417 58005,381250853
65245,8482137494 64756,0899648925 60059,5453475532 65152,5758104329 64715,7365412918 58499,1146769553
65245,8482137494 64772,8492199325 61205,5106774445 65152,5758104329 64715,7365412918 58683,2155821676
65245,8482137494 64769,5882693861 61305,4033178458 65152,5758104329 64716,0600126667 58095,8789245296
65245,8482137494 64788,3133149465 61878,2896425687 65152,5758104329 64716,6645388701 58714,8820032223
65245,8482137494 64788,4167341503 60335,7033453721 65242,2877826556 64725,6357360924 58153,521554603
65245,8482137494 64788,4167341503 61205,5106774445 65242,2877826556 64725,6357360924 58095,8789245296
65245,8482137494 64792,6359525514 60583,5626122719 65242,2877826556 64726,198226043 58095,8789245296
65245,8482137494 64794,8925347894 60786,7595000235 65242,2877826556 64726,198226043 58712,4587951245
65245,8482137494 64794,8925347894 60718,7547035181 65242,2877826556 64726,198226043 58622,3009586314
65245,8482137494 64794,8925347894 61206,6475342018 65242,2877826556 64726,198226043 57429,6780180198
65245,8482137494 64799,7328625037 59880,3133185085 65245,8482137494 64799,7328625037 57429,6780180198
65245,8482137494 64805,0958477994 60427,0977755619 65273,6258131874 64813,1525465669 58886,4480546172
65245,8482137494 64805,0958477994 60098,0486338339 65282,8929200634 64814,0792572545 58585,9648452877
65245,8482137494 64808,2780040729 61548,8770933567 65282,8929200634 64815,2817335659 58838,2877084761
65245,8482137494 64810,2096066269 61361,4751444631 65273,6258131874 64814,3550228783 58614,1929090512
65245,8482137494 64826,6522213573 59946,6302284715 65273,6258131874 64814,3550228783 58940,1061314194
65245,8482137494 64845,1816153222 60018,6740397978 65273,6258131874 64817,8294081493 58737,724805929
65245,8482137494 64829,9746721188 61330,2202531665 65282,8929200634 64818,7561188369 58634,7711338257
65245,8482137494 64846,9152395844 60764,2104022908 65282,8929200634 64834,3965177612 58868,4696409561
65245,8482137494 64846,9152395844 59830,7234663178 65282,8929200634 64834,3965177612 58357,3652310235
65245,8482137494 64846,9152395844 61180,0644379691 65282,8929200634 64834,3965177612 57805,3966641016
65245,8482137494 64846,9152395844 61797,1648935515 65282,8929200634 64834,3965177612 58085,720486123
65245,8482137494 64846,9152395844 61346,2221013126 65282,8929200634 64834,3965177612 57894,5666621411
65245,8482137494 64846,9152395844 61418,2824863161 65282,8929200634 64834,3965177612 58738,8818803923
65245,8482137494 64846,9152395844 60718,7547035181 65282,8929200634 64834,3965177612 58917,4593962429
65245,8482137494 64846,9152395844 60663,4742992503 65282,8929200634 64836,5608595687 58085,720486123
65245,8482137494 64846,9152395844 61307,64257027 65282,8929200634 64836,5608595687 58799,4536670727
65245,8482137494 64846,9152395844 61129,9577473988 65282,8929200634 64836,5608595687 58357,3652310235
65245,8482137494 64846,9152395844 60718,7547035181 65282,8929200634 64836,5608595687 58435,5850612384
65245,8482137494 64846,9152395844 60310,5274050541 65282,8929200634 64836,5608595687 57927,9615312121
65245,8482137494 64847,8278510058 60903,255067841 65282,8929200634 64836,5608595687 58614,1929090512
65245,8482137494 64847,8278510058 60595,7049693842 65282,8929200634 64836,5608595687 58645,3675623477
65245,8482137494 64847,8278510058 61459,4407286868 65282,8929200634 64836,5608595687 58357,3652310235
65245,8482137494 64847,8278510058 61194,1815955343 65282,8929200634 64836,5608595687 58614,1929090512
65245,8482137494 64847,8278510058 60018,6740397978 65282,8929200634 64836,5608595687 58772,0443581472
65282,8929200634 64874,4606903539 59232,4100028333 65282,8929200634 64874,4606903539 58883,7812277769
65282,8929200634 64874,4606903539 61693,7446822177 65282,8929200634 64874,4606903539 58085,720486123
65282,8929200634 64883,1000675378 60660,8307996231 65282,8929200634 64874,4606903539 58634,7711338257
65282,8929200634 64883,1000675378 61352,146930022 65282,8929200634 64874,4606903539 58085,720486123
65282,8929200634 64883,1000675378 61516,2853853354 65282,8929200634 64874,4606903539 58357,3652310235
65282,8929200634 64883,1000675378 61418,2824863161 65282,8929200634 64874,4606903539 57927,9615312121
65282,8929200634 64883,1000675378 61098,2855492913 65282,8929200634 64874,4606903539 58805,1190153714
65282,8929200634 64886,7384845977 60377,218405418 65282,8929200634 64874,4606903539 58634,7711338257
65282,8929200634 64887,6683131591 61572,7466539463 65282,8929200634 64874,4606903539 57814,6637709775
65282,8929200634 64887,6683131591 61407,5373173815 65282,8929200634 64874,4606903539 58877,7845353359
65282,8929200634 64887,6683131591 61307,64257027 65282,8929200634 64874,4606903539 57814,6637709775
65282,8929200634 64887,6683131591 61302,8892024747 65282,8929200634 64874,4606903539 58799,4536670727
65282,8929200634 64887,6683131591 61541,80840655 65282,8929200634 64874,4606903539 58917,9483462769
65282,8929200634 64890,2475123738 60450,0482834849 65282,8929200634 64874,4606903539 57927,9615312121
65282,8929200634 64890,2475123738 61346,2221013126 65282,8929200634 64874,4606903539 58085,720486123
65282,8929200634 64890,2475123738 61495,3469227431 65282,8929200634 64874,4606903539 57381,9816381574
65282,8929200634 64890,2475123738 61822,3019636178 65282,8929200634 64874,4606903539 58614,1929090512
65282,8929200634 64890,2475123738 61392,5705642265 65282,8929200634 64874,4606903539 58357,3652310235
65282,8929200634 64890,2475123738 61736,2925847358 65282,8929200634 64874,4606903539 58085,720486123
65282,8929200634 64890,2475123738 61538,8843858485 65282,8929200634 64874,4606903539 58626,3859359801
65282,8929200634 64890,2475123738 60310,5274050541 65282,8929200634 64874,4606903539 58626,3859359801
65282,8929200634 64890,2475123738 61532,696823695 65282,8929200634 64874,4606903539 57814,6637709775
65282,8929200634 64890,2475123738 61594,365672265 65282,8929200634 64874,4606903539 58435,5850612384
65282,8929200634 64890,2475123738 60689,1754147244 65282,8929200634 64874,4606903539 58357,3652310235
65282,8929200634 64895,5044891263 61419,9272055102 65282,8929200634 64874,4606903539 58940,1061314194
65282,8929200634 64895,5044891263 58940,1061314194 65282,8929200634 64890,2475123738 58940,1061314194
65282,8929200634 64895,5044891263 61171,9024021878 65282,8929200634 64890,2475123738 58805,1190153714
65282,8929200634 64895,5044891263 61686,4117092517 65282,8929200634 64890,2475123738 58435,5850612384
65282,8929200634 64896,91696004 60663,4742992503 65282,8929200634 64890,2475123738 58635,6842215944
65282,8929200634 64896,91696004 61233,738741208 65282,8929200634 64890,2475123738 57814,6637709775
65282,8929200634 64896,91696004 61892,5846302891 65282,8929200634 64890,2475123738 58734,4236158024
65282,8929200634 64896,91696004 61302,8892024747 65282,8929200634 64890,9376815389 58917,9483462769
65282,8929200634 64896,91696004 60438,0212479912 65282,8929200634 64890,9376815389 58734,4236158024
65282,8929200634 64896,91696004 61283,9567786673 65282,8929200634 64890,9376815389 58085,720486123
65282,8929200634 64896,91696004 60815,9886136579 65282,8929200634 64890,9376815389 58742,9609527904
65282,8929200634 64896,91696004 61431,284456533 65282,8929200634 64890,9376815389 57927,9615312121
65282,8929200634 64896,91696004 59981,9567469457 65282,8929200634 64890,9376815389 58635,6842215944
65282,8929200634 64896,91696004 59981,9567469457 65282,8929200634 64890,9376815389 58357,3652310235
65282,8929200634 64896,91696004 60018,6740397978 65282,8929200634 64890,9376815389 58085,720486123
65282,8929200634 64896,91696004 60163,4039588841 65282,8929200634 64891,5027452555 58634,7711338257
65282,8929200634 64899,6478767686 61306,6989018645 65282,8929200634 64891,5027452555 58085,720486123
65282,8929200634 64899,6478767686 60310,5274050541 65282,8929200634 64891,5027452555 58085,720486123
65282,8929200634 64899,6478767686 60828,3585779675 65282,8929200634 64891,5027452555 57814,6637709775
65282,8929200634 64899,6478767686 60377,218405418 65282,8929200634 64891,5027452555 58634,7711338257
65282,8929200634 64899,6478767686 60852,2465561564 65282,8929200634 64891,5027452555 58635,6842215944
65282,8929200634 64899,6478767686 60450,0482834849 65282,8929200634 64891,5027452555 58772,0443581472
65282,8929200634 64899,6478767686 61443,9788474069 65282,8929200634 64891,5027452555 58614,1929090512
65282,8929200634 64900,3289804026 60167,021781477 65282,8929200634 64891,5027452555 58357,3652310235
65282,8929200634 64904,5006922804 61625,839933237 65282,8929200634 64891,5027452555 58435,5850612384
65282,8929200634 64900,3289804026 61167,9614786575 65282,8929200634 64891,5027452555 58742,9609527904
65282,8929200634 64900,3289804026 59765,9996098373 65282,8929200634 64900,3289804026 58742,9609527904
65282,8929200634 64900,3289804026 61180,0644379691 65282,8929200634 64900,3289804026 58651,9722432452
65282,8929200634 64900,3289804026 61516,2853853354 65282,8929200634 64900,3289804026 58357,3652310235
65282,8929200634 64900,3289804026 61161,147626466 65282,8929200634 64900,3289804026 57814,6637709775
65282,8929200634 64900,3289804026 60167,021781477 65282,8929200634 64900,3289804026 58634,7711338257
65282,8929200634 64901,2108345662 60018,6740397978 65282,8929200634 64900,3289804026 58742,9609527904
65282,8929200634 64901,2108345662 61540,2351271096 65282,8929200634 64900,3289804026 58254,1504507547
65282,8929200634 64901,2108345662 61439,251873552 65282,8929200634 64900,3289804026 58874,5831200741
65282,8929200634 64904,4587862715 61602,80519175 65282,8929200634 64900,3289804026 58435,5850612384
65282,8929200634 64904,4587862715 61071,9165228955 65282,8929200634 64900,6379895129 58702,3786982561
65282,8929200634 64904,4587862715 60852,2465561564 65282,8929200634 64916,0961691814 58634,7711338257
65282,8929200634 64904,4587862715 61395,3656173408 65282,8929200634 64916,6690142347 58357,3652310235
65282,8929200634 64904,4587862715 61611,3927226356 65282,8929200634 64916,6690142347 57814,6637709775
65282,8929200634 64904,4587862715 61302,8892024747 65282,8929200634 64916,6690142347 58085,720486123
65282,8929200634 64904,4587862715 60163,4039588841 65282,8929200634 64916,6690142347 58634,7711338257
65282,8929200634 64908,361790569 60167,021781477 65282,8929200634 64916,6690142347 58614,1929090512
65282,8929200634 64908,361790569 61167,9887303365 65282,8929200634 64916,6690142347 57927,9615312121
65282,8929200634 64908,361790569 61927,6637031776 65282,8929200634 64916,6690142347 58614,1929090512
65282,8929200634 64908,361790569 61008,3706909446 65282,8929200634 64917,3591833998 57814,6637709775
65282,8929200634 64908,361790569 60879,5279010786 65282,8929200634 64917,3591833998 58940,1061314194
65282,8929200634 64908,361790569 60154,2888315072 65282,8929200634 64917,3591833998 58742,9609527904
65282,8929200634 64908,361790569 60784,5761188297 65282,8929200634 64917,3591833998 57814,6637709775
65282,8929200634 64930,4217732995 61373,9576682317 65282,8929200634 64917,3591833998 58085,720486123
65282,8929200634 64930,4217732995 61838,5981483615 65282,8929200634 64917,3591833998 58357,3652310235
65282,8929200634 64930,4217732995 60466,9211394997 65282,8929200634 64917,3591833998 58772,0443581472
65282,8929200634 64943,3221704277 58874,5831200741 65282,8929200634 64921,2621876972 58772,0443581472
65282,8929200634 64943,3221704277 61152,3506933111 65282,8929200634 64921,2621876972 58772,0443581472
65282,8929200634 64947,7093650326 60769,535798271 65282,8929200634 64921,2621876972 57927,9615312121
65282,8929200634 64947,7093650326 61572,7466539463 65282,8929200634 64921,2621876972 57927,9615312121
65282,8929200634 64947,7093650326 61171,9024021878 65282,8929200634 64921,8272514139 57927,9615312121
65282,8929200634 64947,7536707524 60450,0482834849 65282,8929200634 64921,8272514139 58357,3652310235
65282,8929200634 64947,7536707524 61664,7672681227 65282,8929200634 64921,8272514139 57927,9615312121
65282,8929200634 64947,7536707524 61130,5683089434 65282,8929200634 64921,8272514139 58435,5850612384
65282,8929200634 64947,7536707524 61098,2855492913 65282,8929200634 64921,8272514139 58634,7711338257
65282,8929200634 64948,318734469 60476,2030503486 65282,8929200634 64921,8272514139 57814,6637709775
65282,8929200634 64953,4462862429 61660,1930418877 65282,8929200634 64921,8272514139 57927,9615312121
65282,8929200634 64959,8824694049 60368,3112828248 65282,8929200634 64921,8272514139 58772,0443581472
65282,8929200634 64959,8824694049 61295,1036387668 65282,8929200634 64921,8272514139 58799,4536670727
65282,8929200634 64959,8824694049 61720,5272472259 65282,8929200634 64921,8272514139 58357,3652310235
65282,8929200634 64962,2040766581 61233,738741208 65282,8929200634 64921,8272514139 58856,9604949412
65282,8929200634 64962,2040766581 60476,2030503486 65282,8929200634 64921,8272514139 58727,9650338496
65282,8929200634 64963,5517892728 61565,8037799732 65282,8929200634 64921,8272514139 58742,9609527904
65282,8929200634 64963,5517892728 60883,4693130117 65282,8929200634 64921,8272514139 57814,6637709775
65282,8929200634 64964,5559025477 61391,6329157991 65282,8929200634 64921,8272514139 58634,7711338257
65282,8929200634 64964,5559025477 61516,8176461884 65282,8929200634 64921,8272514139 58856,9604949412
65329,5120315169 64989,2720168585 61173,582982605 65282,8929200634 64921,8272514139 58357,3652310235
65282,8929200634 64968,2187778523 60310,5274050541 65282,8929200634 64921,8272514139 57814,6637709775
65282,8929200634 64968,2187778523 61516,2853853354 65282,8929200634 64921,8272514139 57927,9615312121
65282,8929200634 64968,2187778523 61171,9024021878 65282,8929200634 64921,8272514139 58742,9609527904
65282,8929200634 64968,2187778523 61016,851005478 65282,8929200634 64921,8272514139 58435,5850612384
65282,8929200634 64968,2187778523 59050,194221422 65282,8929200634 64968,2187778523 58435,5850612384
65282,8929200634 64968,2187778523 61462,3799711598 65282,8929200634 64968,319217634 58449,5542078821
65282,8929200634 64968,2187778523 61619,5544816142 65282,8929200634 64968,6599174955 58634,7711338257
65282,8929200634 64968,2187778523 60869,6616559675 65282,8929200634 64968,6599174955 58634,7711338257
65282,8929200634 64968,2187778523 59830,7234663178 65282,8929200634 64968,6599174955 57927,9615312121
65282,8929200634 64972,352828667 60595,7049693842 65282,8929200634 64968,6599174955 58495,5755561139
65387,649301035 64995,0857438103 61171,9024021878 65282,8929200634 64968,6599174955 58498,9825547292
65387,649301035 64995,0857438103 61098,2855492913 65282,8929200634 64968,6599174955 59007,3654031044
65387,649301035 64995,0857438103 60712,6667596414 65282,8929200634 64972,7986154003 58742,9609527904
65387,649301035 64995,0857438103 61346,2221013126 65282,8929200634 64972,7986154003 58357,3652310235
65387,649301035 64995,0857438103 60712,6667596414 65282,8929200634 64972,7986154003 58614,1929090512
65387,649301035 64995,0857438103 60167,021781477 65282,8929200634 64972,7986154003 58085,720486123
65387,649301035 64995,0857438103 60444,286445853 65282,8929200634 64972,7986154003 58634,7711338257
65545,7390255471 65010,8947162616 60923,185086987 65282,8929200634 64972,7986154003 58772,0443581472
65545,7390255471 65010,8947162616 61442,1663235194 65282,8929200634 64972,7986154003 58435,5850612384
65545,7390255471 65010,8947162616 61171,9024021878 65282,8929200634 64972,7986154003 58540,3695337766
65545,7390255471 65010,8947162616 61302,8892024747 65282,8929200634 64972,7986154003 58742,9609527904
65545,7390255471 65010,8947162616 60663,4742992503 65282,8929200634 64972,7986154003 58874,5831200741
65545,7390255471 65010,8947162616 60923,185086987 65282,8929200634 64972,7986154003 58772,0443581472
65545,7390255471 65010,8947162616 61337,383038093 65282,8929200634 64972,7986154003 59079,8433005985
65545,7390255471 65010,8947162616 61233,738741208 65282,8929200634 64972,7986154003 58727,9650338496
65545,7390255471 65010,8947162616 60785,6435518769 65282,8929200634 64972,7986154003 58675,2635740122
65545,7390255471 65010,8947162616 61334,6590498882 65282,8929200634 64972,7986154003 57814,6637709775
65545,7390255471 65010,9951560433 61709,3787354559 65282,8929200634 64972,7986154003 58950,0999180113
65545,7390255471 65010,9951560433 60988,5503504605 65282,8929200634 64972,7986154003 57927,9615312121
65545,7390255471 65010,9951560433 59870,9033684711 65545,7390255471 65010,9951560433 57927,9615312121
65545,7390255471 65010,9951560433 60444,286445853 65545,7390255471 65010,9951560433 58357,3652310235
65545,7390255471 65010,9951560433 60167,021781477 65545,7390255471 65010,9951560433 58917,9483462769
65545,7390255471 65010,9951560433 60923,185086987 65546,6866234263 65011,0899158312 58614,1929090512
65545,7390255471 65010,9951560433 60018,6740397978 65546,6866234263 65011,0899158312 58917,9483462769
65590,812507257 65022,3177633676 61914,0372283212 65546,6866234263 65011,0899158312 58742,9609527904
65590,812507257 65022,3177633676 61417,8589813749 65546,6866234263 65011,0899158312 58772,0443581472
65590,812507257 65022,3177633676 60882,1520740041 65546,6866234263 65011,0899158312 59007,3654031044
65590,812507257 65025,6780344752 60438,0212479912 65546,6866234263 65011,0899158312 57927,9615312121
65590,812507257 65025,6780344752 61346,2221013126 65546,6866234263 65011,0899158312 58078,4574743405
65590,812507257 65025,6780344752 62043,5344910704 65546,6866234263 65011,0899158312 58085,720486123
65590,812507257 65025,6780344752 61884,0897928296 65546,6866234263 65011,0899158312 57814,6637709775
65590,812507257 65025,6780344752 60444,286445853 65591,7601051363 65015,5972640022 58290,6608633649
65590,812507257 65025,6780344752 60663,4742992503 65591,7601051363 65015,5972640022 58078,4574743405
65590,812507257 65025,6780344752 60785,6435518769 65591,7601051363 65015,5972640022 58799,4536670727
65590,812507257 65025,6780344752 61462,3799711598 65591,7601051363 65015,5972640022 58435,5850612384
65590,812507257 65025,6780344752 60595,7049693842 65591,7601051363 65015,5972640022 57814,6637709775
65590,812507257 65025,6780344752 60663,4742992503 65591,7601051363 65015,5972640022 58085,720486123
65590,812507257 65025,6780344752 61395,3656173408 65591,7601051363 65015,5972640022 58824,9835689185
65591,7601051363 65025,7727942631 60815,9886136579 65591,7601051363 65015,5972640022 58952,9741935821
65591,7601051363 65025,7727942631 61395,3656173408 65591,7601051363 65015,5972640022 58742,9609527904
65591,7601051363 65025,7727942631 61219,6136488371 65591,7601051363 65015,5972640022 57814,6637709775
65591,7601051363 65025,7727942631 61875,7632039781 65591,7601051363 65015,5972640022 58877,7845353359
65591,7601051363 65025,7727942631 60785,6435518769 65591,7601051363 65015,5972640022 57927,9615312121
65591,7601051363 65025,7727942631 61433,685712116 65591,7601051363 65015,5972640022 58866,5157722396
65591,7601051363 65025,7727942631 60199,6443135363 65591,7601051363 65025,7727942631 58866,5157722396
65591,7601051363 65025,7727942631 61330,2202531665 65591,7601051363 65032,855223355 58902,0610230519
65591,7601051363 65025,7727942631 61516,2853853354 65591,7601051363 65032,855223355 57814,6637709775
65591,7601051363 65025,7727942631 61613,3997524174 65591,7601051363 65032,855223355 58902,0610230519
65591,7601051363 65025,7727942631 60784,5761188297 65591,7601051363 65040,9837955603 58229,4598527197
65591,7601051363 65025,7727942631 61574,8397966578 65591,7601051363 65040,9837955603 58085,720486123
65591,7601051363 65025,7727942631 61334,6590498882 65591,7601051363 65040,9837955603 57814,6637709775
65591,7601051363 65025,7727942631 61864,1017743941 65591,7601051363 65040,9837955603 58742,9609527904
65591,7601051363 65029,944506141 60450,0482834849 65591,7601051363 65040,9837955603 58874,5831200741
65591,7601051363 65047,8136043305 60784,5761188297 65591,7601051363 65040,9837955603 58085,720486123
65591,7601051363 65047,8136043305 60785,6435518769 65591,7601051363 65040,9837955603 58634,7711338257
65591,7601051363 65047,8136043305 60922,5040155575 65591,7601051363 65040,9837955603 57814,6637709775
65591,7601051363 65047,8136043305 60426,5804855809 65591,7601051363 65040,9837955603 59006,6141375736
65591,7601051363 65047,8136043305 60523,9570165401 65591,7601051363 65040,9837955603 58919,1513376298
65591,7601051363 65047,8136043305 61926,7838920874 65591,7601051363 65040,9837955603 57814,6637709775
65591,7601051363 65047,8982816512 61837,3170976737 65591,7601051363 65040,9837955603 58357,3652310235
65591,7601051363 65056,9851572658 61747,460199601 65591,7601051363 65040,9837955603 59232,4100028333
65591,7601051363 65056,9851572658 61479,6043456515 65591,7601051363 65040,9837955603 57636,5744970326
65591,7601051363 65061,05726974 61565,8037799732 65591,7601051363 65040,9837955603 57814,6637709775
65591,7601051363 65061,05726974 61976,2926979545 65591,7601051363 65040,9837955603 58634,7711338257
65591,7601051363 65061,05726974 61898,3578016071 65591,7601051363 65040,9837955603 58435,5850612384
65591,7601051363 65061,05726974 61534,30879858 65591,7601051363 65040,9837955603 58772,0443581472
65591,7601051363 65061,05726974 61690,6617170877 65591,7601051363 65040,9837955603 57927,9615312121
65591,7601051363 65061,05726974 61761,6587807161 65591,7601051363 65040,9837955603 58123,5309560504
65591,7601051363 65061,05726974 61442,1663235194 65591,7601051363 65040,9837955603 57814,6637709775
65591,7601051363 65068,1396988319 59920,8343758217 65591,7601051363 65068,1396988319 58727,9650338496
65591,7601051363 65068,1396988319 62079,5544122738 65591,7601051363 65068,1396988319 58874,5831200741
65591,7601051363 65068,1396988319 60848,7094642588 65591,7601051363 65068,1396988319 58123,5309560504
65591,7601051363 65068,1396988319 61398,5774714862 65591,7601051363 65068,1396988319 58917,9483462769
65591,7601051363 65068,1396988319 61651,9175519864 65591,7601051363 65068,1396988319 58917,9483462769
65591,7601051363 65068,1396988319 61665,469902312 65591,7601051363 65068,1396988319 58357,3652310235
65591,7601051363 65068,1396988319 60988,5503504605 65591,7601051363 65068,1396988319 57927,9615312121
65591,7601051363 65068,1396988319 60988,5503504605 65591,7601051363 65068,1396988319 58834,9810668628
65591,7601051363 65068,1396988319 60988,5503504605 65591,7601051363 65068,1396988319 58824,9835689185
65591,7601051363 65071,2003319154 61391,226375678 65591,7601051363 65068,1396988319 58637,6583372457
65591,7601051363 65071,2003319154 61361,4751444631 65591,7601051363 65068,1396988319 58877,7845353359
65591,7601051363 65071,2003319154 60167,021781477 65591,7601051363 65068,1396988319 58834,9810668628
65591,7601051363 65071,2003319154 59893,1586067448 65591,7601051363 65068,521366305 58637,6583372457
65591,7601051363 65082,4131314346 61362,4864400446 65591,7601051363 65068,521366305 59076,272790458
65591,7601051363 65082,4131314346 61861,1915373369 65591,7601051363 65069,6913432983 58637,6583372457
65591,7601051363 65082,4131314346 61026,3519881318 65591,7601051363 65069,6913432983 58357,3652310235
65591,7601051363 65085,3513139799 62200,1817416577 65591,7601051363 65071,4809387888 58850,4975115274
65591,7601051363 65085,3513139799 61513,0899935872 65591,7601051363 65071,4809387888 57814,6637709775
65591,7601051363 65085,3513139799 61187,3423274602 65591,7601051363 65071,4809387888 57927,9615312121
65591,7601051363 65085,3513139799 60122,5018712334 65591,7601051363 65071,4809387888 58937,5256396688
65591,7601051363 65091,1141105324 60398,685970671 65591,7601051363 65071,4809387888 57814,6637709775
65591,7601051363 65091,1141105324 60000,9624254543 65591,7601051363 65071,4809387888 57927,9615312121
65591,7601051363 65091,1141105324 61439,251873552 65591,7601051363 65071,4809387888 59076,272790458
65591,7601051363 65091,1141105324 61139,1249502626 65591,7601051363 65071,4809387888 59039,851763015
65591,7601051363 65091,1141105324 60310,5274050541 65591,7601051363 65071,4809387888 57814,6637709775
65591,7601051363 65091,1141105324 60043,0658571839 65591,7601051363 65091,1141105324 57814,6637709775
65591,7601051363 65091,1141105324 61516,2853853354 65591,7601051363 65091,1141105324 58085,720486123
65591,7601051363 65091,1141105324 60988,5503504605 65591,7601051363 65091,1141105324 59194,0316445143
65591,7601051363 65091,1141105324 61304,9270707935 65591,7601051363 65091,1141105324 58357,3652310235
65591,7601051363 65091,1141105324 61085,2550991837 65591,7601051363 65096,3930951334 58727,9650338496
65591,7601051363 65091,1141105324 61395,3656173408 65591,7601051363 65096,3930951334 57814,6637709775
65591,7601051363 65091,1141105324 60729,6402432868 65591,7601051363 65096,3930951334 58357,3652310235
65591,7601051363 65091,1141105324 60785,6435518769 65591,7601051363 65096,3930951334 57814,6637709775
65591,7601051363 65091,1141105324 61398,5774714862 65591,7601051363 65096,3930951334 58357,3652310235
65591,7601051363 65091,1141105324 61393,9460448659 65591,7601051363 65096,3930951334 58727,9650338496
65591,7601051363 65091,1141105324 61513,0899935872 65591,7601051363 65096,3930951334 58888,6970936709
65591,7601051363 65091,1141105324 61499,8528411862 65591,7601051363 65096,3930951334 58357,3652310235
65591,7601051363 65091,1141105324 60988,5503504605 65591,7601051363 65096,3930951334 58285,374655023
65591,7601051363 65091,1141105324 61747,460199601 65591,7601051363 65096,3930951334 57814,6637709775
65591,7601051363 65091,1141105324 60784,5761188297 65591,7601051363 65096,3930951334 57814,6637709775
65591,7601051363 65091,1141105324 61322,042602992 65591,7601051363 65096,3930951334 58865,0763388096
65591,7601051363 65091,1141105324 60785,6435518769 65591,7601051363 65096,3930951334 58877,7845353359
65591,7601051363 65091,1141105324 60591,6004116195 65591,7601051363 65096,3930951334 59034,1990737449
65591,7601051363 65091,1141105324 60163,4039588841 65591,7601051363 65096,3930951334 58085,720486123
65591,7601051363 65091,1141105324 61171,9024021878 65591,7601051363 65096,3930951334 59146,1645068172
65591,7601051363 65096,3930951334 62007,8842078287 65591,7601051363 65096,3930951334 57814,6637709775
65591,7601051363 65096,3930951334 60869,6616559675 65591,7601051363 65096,3930951334 58824,9835689185
65591,7601051363 65096,3930951334 60988,5503504605 65591,7601051363 65096,3930951334 57927,9615312121
65591,7601051363 65096,3930951334 60819,7578161616 65591,7601051363 65096,3930951334 58902,0610230519
65591,7601051363 65096,3930951334 61166,9479689394 65591,7601051363 65096,3930951334 58762,5677833194
65591,7601051363 65096,3930951334 58762,5677833194 65591,7601051363 65096,3930951334 58762,5677833194
65591,7601051363 65096,3930951334 61532,696823695 65591,7601051363 65096,3930951334 58285,374655023
65591,7601051363 65096,3930951334 61304,9270707935 65591,7601051363 65096,3930951334 58085,720486123
65591,7601051363 65096,3930951334 61085,2550991837 65591,7601051363 65096,3930951334 58902,0610230519
65591,7601051363 65096,3930951334 61816,5026967774 65591,7601051363 65096,3930951334 58937,5256396688
65591,7601051363 65096,3930951334 60998,7639735218 65591,7601051363 65096,3930951334 58824,9835689185
65591,7601051363 65096,3930951334 61065,6840283398 65591,7601051363 65096,3930951334 57814,6637709775
65591,7601051363 65096,3930951334 61807,0919749459 65591,7601051363 65096,3930951334 58085,720486123
65591,7601051363 65096,3930951334 62003,7577076978 65591,7601051363 65096,3930951334 58824,9835689185
65591,7601051363 65096,3930951334 62151,7227673932 65591,7601051363 65096,3930951334 57927,9615312121
65591,7601051363 65096,3930951334 60444,286445853 65591,7601051363 65096,3930951334 58085,720486123
65591,7601051363 65096,3930951334 59830,7234663178 65591,7601051363 65096,3930951334 57927,9615312121
65591,7601051363 65096,3930951334 61816,5026967774 65591,7601051363 65096,3930951334 58960,9357765071
65591,7601051363 65096,3930951334 60832,4801430579 65591,7601051363 65096,3930951334 58877,7845353359
65591,7601051363 65096,3930951334 61690,6617170877 65591,7601051363 65096,3930951334 59382,0093637712
65591,7601051363 65096,3930951334 60803,3865883311 65591,7601051363 65096,3930951334 58085,720486123
65591,7601051363 65096,3930951334 60998,7639735218 65591,7601051363 65096,3930951334 58357,3652310235
65591,7601051363 65096,3930951334 61534,30879858 65591,7601051363 65096,3930951334 57927,9615312121
65591,7601051363 65096,3930951334 61395,3656173408 65591,7601051363 65096,3930951334 58085,720486123
65591,7601051363 65096,3930951334 61506,1370952616 65591,7601051363 65096,3930951334 57927,9615312121
65591,7601051363 65096,3930951334 60377,218405418 65591,7601051363 65096,3930951334 58762,5677833194
65591,7601051363 65096,3930951334 61361,4751444631 65591,7601051363 65096,3930951334 58123,5309560504
65591,7601051363 65096,3930951334 60163,4039588841 65591,7601051363 65096,3930951334 58956,035405658
65591,7601051363 65096,3930951334 61506,1370952616 65591,7601051363 65096,3930951334 58762,5677833194
65591,7601051363 65096,3930951334 61816,5026967774 65591,7601051363 65096,3930951334 58762,5677833194
65591,7601051363 65096,3930951334 59881,7519505684 65591,7601051363 65096,3930951334 58762,5677833194
65591,7601051363 65096,3930951334 60785,6435518769 65591,7601051363 65096,3930951334 58085,720486123
65591,7601051363 65096,3930951334 61216,5735242011 65591,7601051363 65096,3930951334 58960,9357765071
65591,7601051363 65096,3930951334 61022,5542822089 65591,7601051363 65096,3930951334 57814,6637709775
65591,7601051363 65096,3930951334 60784,5761188297 65591,7601051363 65096,3930951334 58877,7845353359
65591,7601051363 65096,3930951334 59830,7234663178 65591,7601051363 65096,3930951334 59039,851763015
65591,7601051363 65096,3930951334 61485,634131937 65591,7601051363 65096,3930951334 57927,9615312121
65591,7601051363 65096,3930951334 61243,4067716632 65591,7601051363 65096,3930951334 57927,9615312121
65591,7601051363 65096,3930951334 61471,3252119653 65591,7601051363 65096,3930951334 57814,6637709775
65591,7601051363 65096,3930951334 61836,2722454302 65591,7601051363 65096,3930951334 57927,9615312121
65591,7601051363 65096,3930951334 61471,3252119653 65591,7601051363 65096,3930951334 58988,5491642029
65591,7601051363 65096,3930951334 60785,6435518769 65591,7601051363 65096,3930951334 58762,5677833194
65591,7601051363 65096,3930951334 60163,4039588841 65591,7601051363 65096,3930951334 58877,7845353359
65591,7601051363 65096,3930951334 62225,3476120441 65591,7601051363 65096,3930951334 58121,7300255424
65591,7601051363 65096,3930951334 59830,7234663178 65591,7601051363 65096,3930951334 57927,9615312121
65591,7601051363 65096,3930951334 61929,1052728315 65591,7601051363 65096,3930951334 58085,720486123
65591,7601051363 65096,3930951334 61442,1663235194 65591,7601051363 65096,3930951334 57814,6637709775
65591,7601051363 65096,3930951334 61485,634131937 65591,7601051363 65096,3930951334 58285,374655023
65591,7601051363 65096,3930951334 61747,460199601 65591,7601051363 65096,3930951334 57814,6637709775
65591,7601051363 65096,3930951334 61187,3423274602 65591,7601051363 65096,3930951334 58960,9357765071
65591,7601051363 65096,3930951334 60163,4039588841 65591,7601051363 65096,3930951334 58727,9650338496
65591,7601051363 65096,3930951334 61187,3423274602 65591,7601051363 65096,3930951334 58988,5491642029
65591,7601051363 65096,3930951334 61330,2202531665 65591,7601051363 65096,3930951334 59034,1990737449
65591,7601051363 65096,3930951334 61171,9024021878 65591,7601051363 65096,3930951334 57927,9615312121
65591,7601051363 65096,3930951334 61952,4313389041 65591,7601051363 65096,3930951334 58960,9357765071
65591,7601051363 65096,3930951334 59009,1120412464 65591,7601051363 65096,3930951334 59009,1120412464
65591,7601051363 65096,3930951334 61720,4495503201 65591,7601051363 65096,3930951334 57814,6637709775
65591,7601051363 65096,3930951334 60832,4801430579 65591,7601051363 65096,3930951334 58085,720486123
65591,7601051363 65096,3930951334 61797,0945735622 65591,7601051363 65096,3930951334 59076,272790458
65591,7601051363 65096,3930951334 61747,460199601 65591,7601051363 65096,3930951334 58877,7845353359
65591,7601051363 65096,3930951334 61346,2221013126 65591,7601051363 65096,3930951334 58762,5677833194
65591,7601051363 65096,3930951334 61171,9024021878 65591,7601051363 65096,3930951334 57814,6637709775
65591,7601051363 65096,3930951334 61442,1663235194 65591,7601051363 65096,3930951334 57814,6637709775
65591,7601051363 65096,3930951334 61321,3310527985 65591,7601051363 65096,3930951334 58988,5491642029
65591,7601051363 65096,3930951334 61893,3983097551 65591,7601051363 65096,3930951334 58877,7845353359
65591,7601051363 65096,3930951334 61797,0945735622 65591,7601051363 65096,3930951334 57814,6637709775
65591,7601051363 65096,3930951334 61330,2202531665 65591,7601051363 65096,3930951334 59034,1990737449
65591,7601051363 65096,3930951334 59830,7234663178 65591,7601051363 65096,3930951334 58824,9835689185
65591,7601051363 65096,3930951334 60869,6616559675 65591,7601051363 65096,3930951334 57814,6637709775
65591,7601051363 65096,3930951334 61393,9460448659 65591,7601051363 65096,3930951334 57927,9615312121
65591,7601051363 65096,3930951334 60832,4801430579 65591,7601051363 65096,3930951334 57927,9615312121
65591,7601051363 65096,3930951334 60377,218405418 65591,7601051363 65096,3930951334 58285,374655023
65591,7601051363 65096,3930951334 61567,5085636226 65591,7601051363 65096,3930951334 58285,374655023
65591,7601051363 65096,3930951334 61391,226375678 65591,7601051363 65096,3930951334 58357,3652310235
65591,7601051363 65096,3930951334 61521,5615695549 65591,7601051363 65096,3930951334 58085,720486123
65591,7601051363 65096,3930951334 61187,3423274602 65591,7601051363 65096,3930951334 58960,9357765071
65591,7601051363 65096,3930951334 61022,5542822089 65591,7601051363 65096,3930951334 58947,177692346
65591,7601051363 65096,3930951334 61690,6617170877 65591,7601051363 65096,3930951334 58886,2831354778
65591,7601051363 65096,3930951334 61233,6989052931 65591,7601051363 65096,3930951334 58956,035405658
65591,7601051363 65096,3930951334 60167,021781477 65591,7601051363 65096,3930951334 58727,9650338496
65591,7601051363 65096,3930951334 59702,0044148911 65591,7601051363 65096,3930951334 58727,9650338496
65591,7601051363 65096,3930951334 61361,4751444631 65591,7601051363 65096,3930951334 58824,9835689185
65591,7601051363 65096,3930951334 61395,3656173408 65591,7601051363 65096,3930951334 57814,6637709775
65591,7601051363 65096,3930951334 61166,9479689394 65591,7601051363 65096,3930951334 58123,5309560504
65591,7601051363 65096,3930951334 61304,9270707935 65591,7601051363 65096,3930951334 57927,9615312121
65591,7601051363 65096,3930951334 60377,218405418 65591,7601051363 65096,3930951334 57927,9615312121
65591,7601051363 65096,3930951334 61820,0820539936 65591,7601051363 65096,3930951334 57814,6637709775
65591,7601051363 65096,3930951334 61391,226375678 65591,7601051363 65096,3930951334 58400,5042281927
65591,7601051363 65096,3930951334 61171,9024021878 65591,7601051363 65096,3930951334 57814,6637709775
65591,7601051363 65096,3930951334 61720,4495503201 65591,7601051363 65096,3930951334 58762,5677833194
65591,7601051363 65096,3930951334 60167,021781477 65591,7601051363 65096,3930951334 58085,720486123
65591,7601051363 65096,3930951334 61709,3787354559 65591,7601051363 65096,3930951334 58285,374655023
65591,7601051363 65096,3930951334 60784,5761188297 65591,7601051363 65096,3930951334 58123,5309560504
65591,7601051363 65096,3930951334 61540,2351271096 65591,7601051363 65096,3930951334 57814,6637709775
65591,7601051363 65096,3930951334 60167,021781477 65591,7601051363 65096,3930951334 58727,9650338496
65591,7601051363 65096,3930951334 60988,5503504605 65591,7601051363 65096,3930951334 59124,3435368535
65591,7601051363 65096,3930951334 61506,1370952616 65591,7601051363 65096,3930951334 57814,6637709775
65591,7601051363 65096,3930951334 60163,4039588841 65591,7601051363 65096,3930951334 58716,5331939644
65591,7601051363 65096,3930951334 61511,4421693012 65591,7601051363 65096,3930951334 58085,720486123
65591,7601051363 65096,3930951334 61391,226375678 65591,7601051363 65096,3930951334 58123,5309560504
65591,7601051363 65096,3930951334 60167,021781477 65591,7601051363 65096,3930951334 58357,3652310235
65591,7601051363 65096,3930951334 60167,021781477 65591,7601051363 65096,3930951334 58824,9835689185
65591,7601051363 65096,3930951334 61085,2550991837 65591,7601051363 65096,3930951334 58762,5677833194
65591,7601051363 65096,3930951334 61085,2550991837 65591,7601051363 65096,3930951334 58917,9483462769
