24996,3905009569 21588,1330173141 -17836,2037422395 24384,0888736299 22430,2375805 -17064,6416633176
24996,3905009569 21588,1330173141 -17836,2037422395 24384,0888736299 22430,2375805 -17064,6416633176
26756,818546197 24581,3446735302 -7798,86227556788 25462,6197589512 24112,7338057617 -3893,77651354756
28446,7560218551 26707,4730066945 -1091,84181085875 27049,2530884587 25684,3713658899 2023,58877156433
33823,7729815587 29670,0354975924 -5603,54950412495 30182,2770719165 27938,8629966499 5860,84961339124
35212,4928837226 31822,8619009082 3488,53369867896 32079,8146796114 29362,0593803752 11931,3038509425
36656,8518323592 33793,738624403 4039,17608174654 33153,3364466168 30910,8141731204 13590,3429164187
37856,9461635486 35338,4437248087 4420,610162798 33770,9213556734 31797,6853503633 10700,4725298642
38887,370351379 37010,4183161845 8509,00117351868 34692,744546352 33061,4205897635 14009,7604041931
40475,6261889963 37716,4723840648 9781,42407086284 36782,1780966313 34364,0647401676 13099,8335509397
40714,6106906485 38930,5762085805 19287,2384070394 37220,5559551643 35212,2394266412 11195,029557508
42352,3540704426 40152,5463182544 17564,8231855652 38384,760261038 36365,9410247858 11505,1801206104
43123,5363634203 41114,3591380608 11299,6547072361 39181,0854242686 37157,5293733013 20484,4891115756
43461,27418678 41741,2060657835 17618,9071147334 40525,9054594958 37895,1502399915 19071,7272440483
44082,050565107 42480,9565554374 21729,0856702243 41007,8679046922 38836,4527721733 19698,1689219557
45411,7408878993 43151,0369061755 17663,0488980575 41183,0775806891 39303,6728160794 21709,7196791784
45716,2223077091 43834,9565720163 23772,2009086993 41938,3812113479 39890,9832115694 21764,4492230111
46049,2081052036 44643,1520332019 20478,8309906958 42457,5186519564 40225,3485450209 15902,3941037637
46800,3202224606 45138,3258944147 22957,0400512576 43578,9761468096 41208,2746069243 23416,833590266
47033,314470417 45471,7553847406 21296,5729925817 43690,8786643491 41646,8471868897 24095,262507588
47611,4704816092 45926,0305114322 26070,6153021407 43878,8975352637 41994,0252212065 23415,6951330965
47611,4704816092 45926,0305114322 25796,2869708283 47156,0607978562 45550,5973753704 23415,6951330965
47702,4442478775 46275,39836294 26622,259296525 47253,3355362049 45894,1315446687 28837,9088444695
48669,3252056895 46788,4190181458 27091,6605544283 47596,9061005775 46178,2460651956 29070,7429424981
50214,4029088588 47255,804984823 26252,1761926803 47704,703894033 46524,2051694477 27848,2408761607
50214,4029088588 47694,9816922666 28367,9491090203 48425,1154012504 47044,7874919629 29272,7442402702
51239,89764251 48179,3197097129 27673,3916436765 49126,6501903775 47433,039723751 30343,8011294788
51239,89764251 48447,1551720233 32016,5350266677 49275,6815194024 47621,4657951913 31625,8225707797
51657,6346345176 48806,7777638626 29506,3486439799 49701,4240611316 47998,9327431511 32843,4844540756
51801,2909566426 49136,9881318474 30960,7161538303 50719,2185251302 48271,9661371623 29904,7122739147
51896,5576586159 49479,2542791003 33104,9522001892 50719,2185251302 48379,8210580207 33336,3943348028
52407,7978029267 49637,9694389112 33794,667151937 50719,2185251302 48688,7524463275 33240,0533907959
52407,7978029267 49868,5203494289 31798,5691002811 51039,4656255284 49006,5182477712 32382,6395198209
52453,3619326073 50254,4233648719 34876,812158352 51039,4656255284 49064,2434290434 30286,7901548869
52771,7496628462 50379,9489525934 33683,4101972631 51361,2458903342 49318,4267580766 29920,8912752632
52771,7496628462 50711,5388244475 31786,0055674719 51411,728068778 49538,6966969077 30611,601386094
52913,718989236 50925,2706162929 31644,1618082113 51776,3916361392 49785,5130534275 34851,0686897827
53767,4701247248 51167,7109575375 27130,4454413836 51976,5511901133 49884,8533431997 34445,7095885352
53767,4701247248 51256,4917921468 34530,5023716668 52158,383150165 50168,408664571 34194,0129658346
53942,431644481 51494,9454088529 36282,7763001956 52477,3064170502 50341,6855165398 34681,7684748148
54263,7818977579 51666,9157319075 36914,1425586637 52696,1581222329 50503,1373475037 33944,4874985922
54263,7818977579 51666,9157319075 34930,7326874982 54024,720214718 51473,4486095565 33944,4874985922
54263,7818977579 51784,4502588716 37877,881832176 54024,720214718 51638,5081084576 35149,7102555001
54427,4924542253 52089,5866481592 30106,5134476572 53942,431644481 51729,7108471579 34478,6674794451
54586,6285211559 52229,7533529646 32894,2909577355 54184,7193483206 51904,3882771417 33822,6489773083
54586,6285211559 52408,322233272 34883,0058957208 54184,7193483206 51977,2576214982 36431,4539561254
54586,6285211559 52531,8042545333 35334,7238560718 54191,0868813679 52117,5663374465 34563,5545312866
54971,3705043463 52827,02705472 35136,5889196697 54099,891210852 52337,2811413144 34107,3599961885
55011,5024569001 53032,2066405684 35405,0741770109 54202,4528401378 52392,3109533403 35037,5734395191
55011,5024569001 53095,9005342271 36236,3027491466 54468,5353015162 52530,6313079703 34248,197313889
55396,2444400905 53248,7113821115 38293,5367734101 54468,5353015162 52600,1638468716 37362,655425244
55423,4164563791 53313,4606629054 37366,1444915477 54517,9401610477 52766,2513603591 35781,5720129166
55423,4164563791 53407,3337116822 37045,7733459389 54517,9401610477 52831,1947813692 37286,2041391859
55861,7263594031 53566,2292991294 37048,3085040993 54526,2250245621 52942,6926664319 37797,5184356517
55916,8328179948 53687,0268226612 31266,6814794422 54851,9650675709 53068,0261045061 36032,7082051613
55998,1800318907 53769,3821231373 34984,3554051592 54863,3655162287 53116,9791122832 36847,7693360837
56187,0555244912 53811,8667323732 33013,2291693416 54863,3655162287 53203,4778596618 36403,1661387651
56189,1318499761 53906,4858545458 37593,342275836 54921,4972165846 53294,7414819042 36275,2800766754
56189,1318499761 54056,7797897719 38714,0227661641 54921,4972165846 53448,4869015871 34796,0286709861
56373,866347294 54173,2640311911 32476,9351821495 55016,8260188141 53479,3156945675 37048,747002139
56484,7540954443 54364,0391583625 38368,7756567827 55082,7349878985 53537,2030532033 37116,9581676779
56484,7540954443 54557,6446217316 37768,8646407506 56373,866347294 54408,1743326724 37116,9581676779
56484,7540954443 54720,3261456347 39162,245198623 56373,866347294 54471,088083795 37181,9477253879
56586,1049473887 54806,9340807821 36821,1074607596 56373,866347294 54615,3513489913 39684,3667221287
56696,992695539 54876,5866596919 39001,2859322368 56399,5063251805 54625,2196680342 37396,2387364057
56696,992695539 54922,9330332892 36126,6913727339 56431,5057823001 54739,4849013851 36793,695853211
56765,3140221118 55067,6895818691 38255,7136516547 56525,7259365959 54860,6517224005 35900,9905063768
56876,2017702621 55220,6539754142 35013,0964532856 56659,5355668838 54883,6751284557 38324,0127727355
56931,2032201479 55287,1487387912 37052,1018762098 56659,5355668838 54931,7798640804 37465,3745799499
56931,2032201479 55471,9812974945 41304,975394593 56659,5355668838 55002,9943710048 38872,9052128004
56931,2032201479 55545,6987840989 38199,5759919873 56746,6325024696 55114,6848426417 37535,4270963537
56931,2032201479 55643,4650044692 31812,4278014355 56746,6325024696 55213,2574486085 36690,2246215804
56931,2032201479 55709,8139753644 35982,0425899843 56754,5607583369 55389,117233352 37744,9585861724
56931,2032201479 55781,0216461619 34948,5083336042 56758,8025074898 55400,2395782297 36051,4381961469
57010,565627583 55870,2943259331 41428,5892646973 56758,8025074898 55460,5817462309 36866,0744196677
57223,2233737121 55967,8024018308 38406,6556202664 56946,9856036682 55486,044303319 39808,6660487417
57249,8912041631 56024,620826835 40604,0805755446 56946,9856036682 55525,962657013 37259,7587664941
57538,4793504259 56126,0215730615 40530,7605247441 56884,5889345629 55539,8536353653 36997,172830443
57538,4793504259 56169,7390778284 35023,5163321496 56922,3242067336 55584,5832138428 40422,6207808542
57599,4869497269 56222,5248211078 38302,6844063949 56995,6209503308 55658,9032685958 37940,7161684541
57599,4869497269 56258,5542287657 38724,9849654167 56995,6209503308 55694,7401301642 37645,0428521145
57599,4869497269 56289,3306878335 38724,9849654167 57599,4869497269 56284,0390375238 37645,0428521145
57599,4869497269 56412,431786676 39966,961386875 57905,2916228224 56359,7275621301 37997,8197985067
57599,4869497269 56461,412253906 41395,5378262796 57659,6299234195 56436,3945984045 38356,5213072881
57960,9983559258 56540,0800804952 40503,7076983124 57659,6299234195 56458,7319506133 38420,6271787889
57960,9983559258 56587,775036396 39152,1928188642 58038,4937452347 56519,5023805476 38428,3335554579
57960,9983559258 56699,3350552296 37805,3248763931 58038,4937452347 56530,5946249638 38420,6271787889
57960,9983559258 56747,2282747471 41482,637745397 58076,9554435332 56624,4118831788 38844,3614529271
58003,8881063777 56766,1100497194 39888,4954213652 58076,9554435332 56710,3745600423 39135,9381411935
58003,8881063777 56846,7733600473 41015,1366883708 58076,9554435332 56725,002873296 41749,8362179368
58003,8881063777 56921,6870810389 41749,1182253057 58211,5555507089 56797,4386637023 38871,4367034812
58062,4875603849 56969,1395014896 41469,8355855566 58211,5555507089 56811,2900702839 40584,5201810179
58062,4875603849 57006,2239391116 42619,8394311125 58211,5555507089 56880,9961169707 40708,4710494982
58062,4875603849 57024,9429699643 42152,4430072232 58211,5555507089 56895,619720339 38317,9243022372
58062,4875603849 57039,206922704 43606,8289034867 58211,5555507089 56899,7066312838 39173,3407463856
58062,4875603849 57090,6541498357 43915,2924369325 58305,8302046662 56941,8845557053 41021,7842073803
58062,4875603849 57133,4908820348 43722,005484851 58305,8302046662 56957,5043011369 39139,5556750598
58062,4875603849 57155,9438504501 42487,2055009933 58307,5918162136 56978,751318398 39848,947687682
58262,3055260899 57190,1050492483 41324,4815136517 58455,364912405 57013,740874375 43158,7867742124
58262,3055260899 57242,9786212201 40942,6647363523 58455,364912405 57029,7213304104 39181,6839461051
58262,3055260899 57255,2353496765 41079,3164463492 58455,364912405 57043,9247013198 39536,5341347307
58361,44170553 57372,0140070745 41079,3164463492 58455,364912405 57371,1955348632 39536,5341347307
58775,2981871364 57454,6852271931 37434,4625018297 58586,8983076069 57412,27511048 39602,450869982
58905,0216006327 57582,6066283684 41111,6259982315 58543,8284757532 57427,9981470659 43078,5766288818
58925,3947465671 57603,0109763021 44184,4296999119 58522,628875839 57451,9471023566 39295,4196383124
59048,9231506967 57626,7953535934 40754,2051318153 58522,628875839 57472,199330429 39831,2927436117
59048,9231506967 57699,0161685417 45302,1057793171 58522,628875839 57514,4299515189 41819,2091995377
59048,9231506967 57709,6757871696 43232,5450753142 58568,1597819505 57549,1914887744 41763,3204975647
59048,9231506967 57734,4283135837 43315,0135420619 58568,1597819505 57583,306647001 39419,8071657045
59104,3230010483 57752,0078119895 41985,7022172997 58568,1597819505 57628,0953879075 43141,7470335131
59104,3230010483 57769,1184258662 45141,5330163468 58568,1597819505 57616,0843034779 39920,3717824152
59104,3230010483 57832,1381706152 43971,8028959893 58571,3722873562 57646,6335981837 39131,8575011882
59104,3230010483 57836,4131820486 39123,1156028847 58571,3722873562 57629,3899742061 41365,3367017978
59104,3230010483 57880,423840109 43580,736861318 58571,3722873562 57669,7858025933 40669,407650723
59104,3230010483 57892,1979538531 45168,8579736979 58601,0437770452 57719,2933967905 43136,1828000923
59104,3230010483 57892,6693065653 44394,4979610008 58627,6002521995 57727,2919296644 41311,2142069567
59104,3230010483 57940,4044260604 44109,2069433758 58627,6002521995 57739,5343714886 39525,7929494947
59146,6137735239 57958,0825685843 44432,9184848433 58674,6215636939 57755,3269239421 40011,3984767789
59146,6137735239 57969,7477162918 43761,6365035788 58674,6215636939 57799,2211062497 41207,1643156405
59146,6137735239 57977,9184445952 43879,077789184 58701,1780388482 57834,2139715286 40104,1412734287
59146,6137735239 57994,4551928044 40420,4316690097 58701,1780388482 57861,5818667862 40161,6140892883
59146,6137735239 58071,2947554642 40420,4316690097 59146,6137735239 58056,9994227045 40161,6140892883
59146,6137735239 58091,686846386 45353,7448060254 59213,2711293854 58097,592325274 42208,8101163381
59146,6137735239 58122,615450082 44497,9813291039 59213,2711293854 58111,7142702514 41907,5459799574
59146,6137735239 58149,5318218203 42702,8463837701 59213,2711293854 58117,8013751841 42025,3544218149
59146,6137735239 58169,0602311776 43125,1070570193 59213,2711293854 58137,9719911167 40149,2013109698
59146,6137735239 58182,9032290462 40535,7684640262 59213,2711293854 58188,2516630698 39891,0109132972
59146,6137735239 58199,0003914896 38745,3360600284 59213,2711293854 58211,2086930635 42607,1719478748
59146,6137735239 58210,9906727233 40535,7684640262 59213,2711293854 58209,9700297625 41668,9519771092
59146,6137735239 58239,8324363915 39210,2532142763 59213,2711293854 58267,0916560538 44379,786556626
59146,6137735239 58268,2247987308 45970,4001903103 59213,2711293854 58266,9322159395 39764,9020156515
59146,6137735239 58291,381974242 45548,3539374906 59262,0494442463 58262,691985582 41056,7675215989
59146,6137735239 58293,3388159146 41088,2621756018 59262,0494442463 58282,58847386 41028,7467994216
59146,6137735239 58317,9556479628 44042,7477314127 59262,0494442463 58283,7845394844 40320,4582632046
59146,6137735239 58317,9556479628 47156,0651904939 59262,0494442463 58310,338472089 44014,2763294578
59146,6137735239 58336,3028333571 45481,6397433651 59262,0494442463 58338,4376899628 40283,1821339019
59146,6137735239 58357,5346462692 41865,7355345856 59262,0494442463 58343,4007950679 41808,37584847
59146,6137735239 58362,3414758293 47322,6129756551 59262,0494442463 58375,8503433781 40320,4582632046
59146,6137735239 58362,8400263639 44393,5161690283 59262,0494442463 58348,4660854139 42433,3106880222
59146,6137735239 58379,7569585962 44017,800822867 59262,0494442463 58351,8501672735 40424,7842975009
59146,6137735239 58386,9215275937 44878,1267918921 59262,0494442463 58359,8430372381 40283,1821339019
59262,0494442463 58502,6799812576 44878,1267918921 59262,0494442463 58502,2805020605 40283,1821339019
59262,0494442463 58549,2070115618 46614,756600344 59262,0494442463 58513,8478944585 42762,9942588084
59262,0494442463 58565,8074769018 45999,363470581 59262,0494442463 58536,343400325 40864,873488316
59262,0494442463 58579,1861563491 44035,0983192426 59262,0494442463 58539,5716549907 41773,7693585418
59262,0494442463 58592,7213817414 45451,7881614268 59262,0494442463 58553,1177210445 42332,0956417482
59262,0494442463 58592,7213817414 46329,949318838 59262,0494442463 58555,7516794274 41734,3875223324
59420,8216420702 58632,8561699982 42393,5995577591 59262,0494442463 58579,6104125443 42959,8143730094
59444,4287110191 58635,2168768931 46550,7471287837 59262,0494442463 58585,7620970978 43583,3098569581
59444,4287110191 58639,6804065343 45541,6023461471 59262,0494442463 58601,0011488543 40892,8707858557
59444,4287110191 58639,6804065343 45664,6652549501 59262,0494442463 58608,7570814043 42677,8579071778
59444,4287110191 58639,6804065343 46265,1423393104 59262,0494442463 58611,8444563277 44850,2445326381
59444,4287110191 58649,309259934 46239,6459319915 59262,0494442463 58614,2041809133 42702,0440013269
59444,4287110191 58649,309259934 45243,489501619 59262,0494442463 58619,8114066296 40472,0204640897
59444,4287110191 58649,309259934 42054,358933921 59262,0494442463 58641,1266658329 41050,5185286251
59444,4287110191 58649,309259934 45932,3094625745 59262,0494442463 58658,482095805 40967,9135892121
59444,4287110191 58651,6467138573 45523,7380446171 59262,0494442463 58659,2108622492 41702,4623984757
59444,4287110191 58651,6467138573 47567,4628984192 59262,0494442463 58676,154438082 43322,6363846518
59444,4287110191 58656,1784158992 45648,8362630601 59262,0494442463 58679,1854209644 41773,7693585418
59444,4287110191 58667,255694182 46239,6459319915 59262,0494442463 58679,1854209644 43060,4988608975
59444,4287110191 58667,255694182 48379,1595085601 59262,0494442463 58701,1303493782 42755,138477699
59444,4287110191 58768,0524045872 44563,4521088985 59444,4287110191 58755,12306688 42755,138477699
59444,4287110191 58779,038136446 46898,4861523188 59477,6354313923 58783,1455818268 41773,7693585418
59444,4287110191 58792,7242593605 45140,1945907746 59477,6354313923 58762,8735519082 42765,0672597558
59444,4287110191 58800,5054867521 45559,7840233996 59477,6354313923 58767,1163339546 41773,7693585418
59444,4287110191 58802,2736346069 42620,7871820804 59477,6354313923 58769,5936944434 41372,6253198597
59444,4287110191 58819,2484749392 46187,2187764212 59477,6354313923 58767,1163339546 40472,0204640897
59444,4287110191 58819,2484749392 46488,6025211542 59477,6354313923 58770,7720555538 42856,4220555957
59444,4287110191 58825,3601961859 47197,1609800655 59477,6354313923 58792,7688700079 42355,9356051892
59444,4287110191 58827,3799449679 43565,9545985509 59477,6354313923 58790,5414663089 42771,2608857461
59444,4287110191 58844,2700487058 42864,2414765993 59477,6354313923 58790,5414663089 41825,2230673266
59444,4287110191 58853,4367274533 41284,0026768437 59477,6354313923 58837,5800447595 41021,1253649259
59444,4287110191 58868,9922053468 44680,2351664963 59477,6354313923 58837,5800447595 39259,1745274716
59444,4287110191 58868,9922053468 45066,7997031131 59477,6354313923 58837,5800447595 41050,5185286251
59444,4287110191 58884,622494519 46187,2187764212 59477,6354313923 58862,1206819562 41050,5185286251
59444,4287110191 58884,622494519 47613,202567107 59477,6354313923 58863,7299634037 43425,6283251912
59444,4287110191 58884,622494519 43717,3873146816 59477,6354313923 58890,9169335036 40472,0204640897
59444,4287110191 58889,9504377013 42628,4375313149 59477,6354313923 58882,1861946057 41050,5185286251
59444,4287110191 58889,9504377013 45730,6597332688 59477,6354313923 58879,7231273308 42299,4221885773
59444,4287110191 58901,2498390998 43000,0575814687 59477,6354313923 58900,0588590672 40472,0204640897
59444,4287110191 58901,2498390998 44583,3451054538 59477,6354313923 58900,0588590672 42793,4779709327
59477,6354313923 58946,1891715559 44583,3451054538 59477,6354313923 58966,5249032923 42793,4779709327
59477,6354313923 58972,691674719 44918,7086822646 59477,6354313923 58966,5249032923 41600,7205436871
59477,6354313923 58984,1491047262 44204,9244272657 59477,6354313923 58966,5249032923 41094,1535833302
59477,6354313923 58990,3550287031 41998,8378514231 59477,6354313923 58966,5249032923 41092,8436993372
59477,6354313923 58997,3521180324 45546,7868655456 59477,6354313923 58976,6914298315 42667,0648478599
59477,6354313923 59006,9362819318 44171,6139540524 59477,6354313923 58976,6914298315 41245,2552667542
59477,6354313923 59006,9362819318 44762,5652187177 59477,6354313923 58978,8160683057 42890,7516561353
59477,6354313923 59006,9362819318 46080,4305536276 59477,6354313923 58978,8160683057 41092,8436993372
59477,6354313923 59011,8375930927 46787,7868837112 59477,6354313923 58978,8160683057 40515,625094619
59477,6354313923 59019,0615556386 46276,1422482452 59477,6354313923 58984,4880526501 41773,7693585418
59477,6354313923 59019,0615556386 43571,0554888992 59477,6354313923 58984,4880526501 42511,2113592004
59477,6354313923 59019,0615556386 44583,3451054538 59477,6354313923 59010,28119362 41245,2552667542
59477,6354313923 59019,0615556386 45815,9982515032 59477,6354313923 59010,12034754 41245,2552667542
59586,5767932252 59029,9556918219 43164,6910440151 59477,6354313923 59010,12034754 42650,0727007254
59586,5767932252 59029,9556918219 45277,9608150434 59477,6354313923 59031,0354170682 44409,2535739758
59586,5767932252 59053,6810680409 43524,6781596908 59477,6354313923 59023,0180840025 41245,2552667542
59586,5767932252 59053,6810680409 44171,6139540524 59477,6354313923 59023,0180840025 41900,8605302579
59586,5767932252 59057,1354755811 44762,5652187177 59477,6354313923 59037,7745897395 42955,8427339296
59586,5767932252 59057,1354755811 44583,3451054538 59477,6354313923 59037,9354358196 41245,2552667542
59586,5767932252 59057,1354755811 46240,9345223968 59477,6354313923 59037,9354358196 41245,2552667542
59586,5767932252 59084,3530811781 46240,9345223968 59586,5767932252 59105,6683403814 41245,2552667542
59586,5767932252 59084,7085400879 45895,6456812725 59586,5767932252 59119,8841715039 41442,2539768549
59586,5767932252 59091,2852075135 43164,6910440151 59586,5767932252 59120,4395638923 42933,7176239847
59586,5767932252 59091,2852075135 44764,6412309701 59586,5767932252 59120,4395638923 41476,7980522574
59586,5767932252 59091,2852075135 47040,1260263745 59586,5767932252 59124,5896174247 43408,4003971765
59586,5767932252 59092,4839212736 44713,8174368295 59586,5767932252 59124,5896174247 42537,5668188626
59586,5767932252 59101,9742696187 45861,4903886425 59586,5767932252 59125,6183349062 41044,3804622695
59586,5767932252 59101,9742696187 45061,3264073542 59586,5767932252 59125,6183349062 42003,2973310291
59586,5767932252 59115,5010821018 45014,1747156757 59586,5767932252 59125,6183349062 41476,7980522574
59586,5767932252 59126,3602742905 46086,4902925724 59586,5767932252 59141,960136649 42919,5168517197
59586,5767932252 59126,3602742905 46388,100082159 59586,5767932252 59132,6859558565 41476,7980522574
59586,5767932252 59126,3602742905 46557,3576440306 59586,5767932252 59143,4545091766 41873,6741404819
59586,5767932252 59126,3602742905 46477,4698996947 59586,5767932252 59143,4545091766 41571,9996175026
59586,5767932252 59126,3602742905 45564,5027693156 59607,7840233298 59145,5752321871 43130,0266800769
59586,5767932252 59126,3602742905 47810,0390915945 59607,7840233298 59145,5752321871 42955,8427339296
59586,5767932252 59126,3602742905 43682,1706771534 59607,7840233298 59147,9741213915 41461,0694984124
59586,5767932252 59126,3602742905 42542,6931194706 59607,7840233298 59147,9741213915 42744,4139170484
59586,5767932252 59126,3602742905 44688,5032032228 59607,7840233298 59147,9741213915 41873,6741404819
59586,5767932252 59126,3602742905 46087,0754303668 59607,7840233298 59153,1509941766 43482,0009287505
59586,5767932252 59126,3602742905 46727,2167681969 59607,7840233298 59157,5092999451 41873,6741404819
59607,7840233298 59173,7214875019 46727,2167681969 59607,7840233298 59185,8077235116 41873,6741404819
59607,7840233298 59173,7214875019 44663,9024414646 59607,7840233298 59185,8077235116 41773,7693585418
59607,7840233298 59184,0599281668 44893,2528193559 59607,7840233298 59185,8077235116 39967,3075156698
59607,7840233298 59194,8269081178 43164,6910440151 59607,7840233298 59185,8077235116 40701,4215176487
59607,7840233298 59215,2336544608 47106,7942652048 59607,7840233298 59189,1789483495 40701,4215176487
59607,7840233298 59215,2336544608 47219,3436298806 59607,7840233298 59189,1789483495 40689,628862423
59607,7840233298 59216,1281835906 43639,517332368 59607,7840233298 59189,1789483495 41773,7693585418
59607,7840233298 59216,1281835906 45861,0550145222 59607,7840233298 59189,8636793715 43812,6270604816
59607,7840233298 59216,1281835906 45685,6990845075 59607,7840233298 59207,2590852533 42856,5412970481
59607,7840233298 59223,3530482913 43164,6910440151 59607,7840233298 59216,2078965128 41515,9826777572
59607,7840233298 59223,7711492727 44893,2528193559 59607,7840233298 59213,460576509 44195,5113638651
59607,7840233298 59225,2648154856 42792,1964464551 59607,7840233298 59216,8318013469 42955,8427339296
59607,7840233298 59228,1323099468 43197,2115299569 59607,7840233298 59213,460576509 41571,9996175026
59607,7840233298 59243,1297849419 45892,8014736261 59607,7840233298 59213,460576509 42803,8864320914
59607,7840233298 59243,1297849419 44213,2209179528 59607,7840233298 59213,460576509 40939,5891252462
59607,7840233298 59243,1297849419 46087,0754303668 59607,7840233298 59221,9137096209 40744,6893824257
59607,7840233298 59243,1297849419 45586,5591491714 59607,7840233298 59221,9137096209 43429,9133261222
59607,7840233298 59243,1297849419 45940,3071114013 59607,7840233298 59225,2849344588 42955,8427339296
59607,7840233298 59243,1297849419 45873,8688287643 59607,7840233298 59232,3468712568 41095,7821240493
59607,7840233298 59243,1297849419 45235,8489143598 59607,7840233298 59232,3468712568 41773,7693585418
59607,7840233298 59283,0421611227 43709,5059510804 59607,7840233298 59290,1040979207 41773,7693585418
59607,7840233298 59285,0933440812 47313,3719411576 59607,7840233298 59292,7887126989 41699,9147449973
59607,7840233298 59285,7894811265 45582,8538126918 59607,7840233298 59292,7887126989 41067,1720911779
59607,7840233298 59287,8406640849 44893,2528193559 59607,7840233298 59299,6776844173 41094,7398243454
59607,7840233298 59287,8406640849 43211,8564168921 59607,7840233298 59299,6776844173 43095,2562366155
59607,7840233298 59287,8406640849 45161,7405096579 59607,7840233298 59304,1592128492 41094,7398243454
59607,7840233298 59295,2790357442 44117,6702563763 59607,7840233298 59304,1592128492 42960,3507360812
59607,7840233298 59295,348936306 46477,4698996947 59607,7840233298 59306,2103958077 41094,7398243454
59607,7840233298 59296,4227489027 46173,3274968255 59607,7840233298 59306,2103958077 40522,0468481269
59607,7840233298 59296,4227489027 47579,0764296031 59607,7840233298 59306,2103958077 43080,1391251748
59607,7840233298 59296,4227489027 47175,1740718647 59607,7840233298 59306,2103958077 41347,8022643061
59607,7840233298 59306,6701545478 43211,8564168921 59668,8499150835 59313,9186615556 40768,717283899
59607,7840233298 59310,0881871689 45235,8489143598 59670,7289968976 59314,106569737 41648,5789786641
59607,7840233298 59315,5295752638 45971,9723126249 59670,7289968976 59314,106569737 41503,9091414407
59607,7840233298 59318,9185121452 46439,2243313119 59670,7289968976 59314,106569737 41648,5789786641
59619,1775747422 59321,7705397495 45582,8538126918 59670,7289968976 59314,106569737 41503,9091414407
59619,1775747422 59321,7705397495 45388,8057522883 59670,7289968976 59314,106569737 40480,7478041871
59632,4112213406 59327,0960113612 46177,5701001413 59670,7289968976 59314,106569737 41648,5789786641
59632,4112213406 59327,7587568551 47184,8859138707 59670,7289968976 59314,106569737 42095,0901622595
59632,4112213406 59327,7587568551 43900,9996915393 59672,5263060975 59314,286300657 41347,8022643061
59672,5263060975 59331,7702653308 43900,9996915393 59670,7289968976 59331,5905344108 41347,8022643061
59684,5268128515 59332,9703160062 45586,5591491714 59684,5268128515 59336,7781321306 41347,8022643061
59774,0057593172 59341,9182106528 46486,702964772 59684,5268128515 59336,7781321306 41581,2651451528
59774,0057593172 59341,9182106528 42248,3313735033 59684,5268128515 59341,2626881036 41152,1917158291
59774,0057593172 59341,9182106528 43900,9996915393 59684,5268128515 59341,2626881036 43245,2217091498
59774,0057593172 59341,9182106528 43692,292887482 59684,5268128515 59346,1751461906 44604,5854756027
59781,3045184518 59342,6480865662 44644,6601054979 59686,7450042092 59341,4845072394 41334,7645425083
59781,3045184518 59342,6480865662 42801,71290236 59686,7450042092 59341,4845072394 43283,7116461955
59781,3045184518 59342,6480865662 46596,8462920581 59684,5268128515 59341,2626881036 41481,221406884
59781,3045184518 59342,6480865662 46160,5841531314 59684,5268128515 59352,5647295851 44029,5476221033
59781,3045184518 59342,6480865662 44626,5067230947 59684,5268128515 59351,9019840911 41325,8148371929
59781,3045184518 59345,1781880341 45971,9723126249 59684,5268128515 59351,9019840911 41348,5623584622
59781,3045184518 59345,1781880341 44205,9832990003 59688,4747123553 59352,2967740415 41673,9982106259
59781,3045184518 59345,1781880341 47580,3955663104 59688,4747123553 59352,9595195355 41673,9982106259
59781,3045184518 59358,2135776942 45109,7754612573 59689,3597818565 59353,0480264856 43245,2217091498
59873,2283491382 59367,4059607629 45912,3197866516 59688,4747123553 59352,9595195355 42697,0393295013
59873,2283491382 59368,8608765567 43692,292887482 59690,2720215552 59353,1392504555 42088,8562817884
59873,2283491382 59368,8608765567 47761,586988893 59690,2720215552 59353,1392504555 41672,0352843671
59901,4259810224 59371,6806397451 45586,5591491714 59826,9934194208 59366,811390242 42110,6852874132
59901,4259810224 59371,6806397451 45109,7754612573 59826,9934194208 59366,811390242 41672,0352843671
59901,4259810224 59376,7847478701 45109,7754612573 59873,2283491382 59373,9649846817 41672,0352843671
59901,4259810224 59376,7847478701 44885,7658609292 59879,306718193 59374,5728215871 44701,8343004197
60379,2240782219 59424,56455759 47365,7353114172 59879,306718193 59374,5728215871 43095,2562366155
60379,2240782219 59424,56455759 47442,2888676861 59879,306718193 59374,5728215871 43055,0605230872
60379,2240782219 59424,56455759 44014,5863522642 59879,306718193 59374,5728215871 41293,7765239926
60379,2240782219 59424,56455759 44490,9565206438 59879,306718193 59374,5728215871 41333,9496004733
60379,2240782219 59424,56455759 46574,8321827398 59879,306718193 59375,0256037295 41672,0352843671
60379,2240782219 59424,56455759 42248,3313735033 59879,306718193 59375,0256037295 41672,0352843671
60379,2240782219 59425,0173397324 43979,2111943306 59879,306718193 59375,0256037295 41537,263894749
60379,2240782219 59430,2141830464 45998,7593495073 59879,306718193 59375,0256037295 41543,3422638037
60379,2240782219 59430,2141830464 43839,1420546711 59879,306718193 59375,0256037295 42058,7256641071
60379,2240782219 59430,2141830464 45819,284137581 59879,306718193 59375,0256037295 42542,576289212
60379,2240782219 59430,2141830464 47580,4913304518 59879,306718193 59375,0256037295 43536,0919034371
60379,2240782219 59430,2141830464 42354,1450177592 59879,306718193 59380,2224470435 44604,5854756027
60379,2240782219 59435,2917384271 41562,2347423443 59879,306718193 59380,2224470435 41672,0352843671
60379,2240782219 59435,2917384271 44804,3356012703 59879,306718193 59380,2224470435 41731,2665896312
60379,2240782219 59441,1762179169 47023,1049363361 59879,306718193 59380,2224470435 41929,2429001802
60379,2240782219 59441,1762179169 42354,1450177592 59879,306718193 59380,2224470435 43095,2562366155
60379,2240782219 59441,1762179169 41562,2347423443 59879,306718193 59380,2224470435 44939,7253034375
60379,2240782219 59441,1762179169 46486,702964772 59879,306718193 59380,2224470435 41275,2247408078
60379,2240782219 59441,1762179169 43536,0919034371 60379,2240782219 59441,1762179169 41275,2247408078
60379,2240782219 59441,1762179169 47540,5754621206 60385,3024472767 59441,7840548223 41731,2665896312
60379,2240782219 59441,1762179169 46920,0677093273 60385,3024472767 59441,7840548223 42257,1185014569
60379,2240782219 59441,1762179169 42248,3313735033 60385,3024472767 59441,7840548223 43055,0605230872
60379,2240782219 59441,1762179169 45388,8057522883 60385,3024472767 59441,7840548223 41347,8022643061
60379,2240782219 59441,1762179169 45157,241310734 60385,3024472767 59441,7840548223 41347,8022643061
60379,2240782219 59441,1762179169 44644,6601054979 60385,3024472767 59441,7840548223 44349,7763354472
60379,2240782219 59441,1762179169 42248,3313735033 60385,3024472767 59441,7840548223 43536,0919034371
60379,2240782219 59441,1762179169 47466,4445888837 60385,3024472767 59441,7840548223 43589,6707282609
60379,2240782219 59441,1762179169 46860,5398561723 60385,3024472767 59441,7840548223 43506,1667737737
60379,2240782219 59441,1762179169 45109,7754612573 60385,3024472767 59441,7840548223 42263,1968705117
60379,2240782219 59441,1762179169 46920,0677093273 60385,3024472767 59441,7840548223 41347,8022643061
60379,2240782219 59441,1762179169 44237,7508451167 60385,3024472767 59441,7840548223 42056,8261677771
60379,2240782219 59441,1762179169 46068,0103379751 60385,3024472767 59441,7840548223 41731,2665896312
60379,2240782219 59441,1762179169 46439,2243313119 60385,3024472767 59441,7840548223 41672,0352843671
60379,2240782219 59441,1762179169 45873,8688287643 60385,3024472767 59441,7840548223 41875,9364268546
60379,2240782219 59441,1762179169 45691,7069341662 60385,3024472767 59441,7840548223 41347,8022643061
60379,2240782219 59441,1762179169 46415,8548726222 60385,3024472767 59441,7840548223 43409,0451837259
60379,2240782219 59441,1762179169 44686,2150919321 60385,3024472767 59441,7840548223 41672,0352843671
60379,2240782219 59441,1762179169 46497,2258478508 60385,3024472767 59441,7840548223 42955,4050638273
60385,3024472767 59441,7840548223 46374,5819941752 60385,3024472767 59441,7840548223 42955,4050638273
60385,3024472767 59441,7840548223 45912,3197866516 60385,3024472767 59441,7840548223 42263,1968705117
60385,3024472767 59441,7840548223 47225,8139731114 60385,3024472767 59441,7840548223 42717,9141244601
60385,3024472767 59441,7840548223 42628,1770330227 60385,3024472767 59441,7840548223 41672,0352843671
60385,3024472767 59441,7840548223 46050,2180882495 60385,3024472767 59441,7840548223 41731,2665896312
60385,3024472767 59441,7840548223 44595,5457162389 60385,3024472767 59441,7840548223 43055,0605230872
60385,3024472767 59441,7840548223 44644,6601054979 60385,3024472767 59441,7840548223 41347,8022643061
60385,3024472767 59441,7840548223 45940,3071114013 60385,3024472767 59441,7840548223 41672,0352843671
60385,3024472767 59441,7840548223 46029,6085907929 60385,3024472767 59441,7840548223 41347,8022643061
60385,3024472767 59441,7840548223 45483,0803207498 60385,3024472767 59441,7840548223 41875,9364268546
60385,3024472767 59441,7840548223 47354,5783718564 60385,3024472767 59441,7840548223 41672,0352843671
60385,3024472767 59441,7840548223 44658,1774011579 60385,3024472767 59441,7840548223 41347,8022643061
60385,3024472767 59441,7840548223 47336,4896468158 60385,3024472767 59441,7840548223 41172,5205234731
60385,3024472767 59441,7840548223 46986,6902593753 60385,3024472767 59441,7840548223 41136,9106176882
60385,3024472767 59441,7840548223 47370,0435075105 60385,3024472767 59441,7840548223 43095,2562366155
60385,3024472767 59441,7840548223 43979,2111943306 60385,3024472767 59441,7840548223 41347,8022643061
60385,3024472767 59444,3566181165 42248,3313735033 60385,3024472767 59441,7840548223 43536,0919034371
60385,3024472767 59444,3566181165 45109,7754612573 60385,3024472767 59441,7840548223 43409,0451837259
60385,3024472767 59444,3566181165 46902,1000569513 60385,3024472767 59441,7840548223 41731,2665896312
60385,3024472767 59444,3566181165 45912,3197866516 60385,3024472767 59441,7840548223 43912,338212364
60385,3024472767 59444,3566181165 45912,3197866516 60385,3024472767 59444,3566181165 43912,338212364
60385,3024472767 59444,3566181165 45157,241310734 60385,3024472767 59444,3566181165 44477,569099326
60385,3024472767 59444,3566181165 45262,5260213864 60385,3024472767 59445,2660136182 41347,8022643061
60385,3024472767 59444,3566181165 45873,8688287643 60385,3024472767 59445,2660136182 41731,2665896312
60385,3024472767 59444,3566181165 46031,4331995008 60385,3024472767 59445,2660136182 41672,0352843671
60385,3024472767 59444,3566181165 45109,7754612573 60385,3024472767 59445,2660136182 43055,0605230872
60410,8142252909 59446,9077959179 46574,8321827398 60385,3024472767 59445,2660136182 44497,4028454625
60410,8142252909 59446,9077959179 46160,5841531314 60385,3024472767 59445,2660136182 41731,2665896312
60433,0014292736 59449,1265163161 42858,9856133491 60385,3024472767 59445,2660136182 44961,7890305284
60433,0014292736 59449,1265163161 44658,1774011579 60385,3024472767 59462,8694599791 40445,0520568702
60433,0014292736 59458,4212494044 45873,8688287643 60385,3024472767 59462,8694599791 41640,3470643104
60433,0014292736 59458,4212494044 42858,9856133491 60385,3024472767 59478,670784703 42284,2597586082
60433,0014292736 59458,4212494044 44561,3490267163 60385,3024472767 59478,670784703 43095,2562366155
60433,0014292736 59458,4212494044 47843,847094421 60385,3024472767 59478,670784703 43283,7116461955
60433,0014292736 59458,4212494044 44088,8764826067 60385,3024472767 59478,670784703 41731,2665896312
60433,0014292736 59492,735415991 46574,8321827398 60385,3024472767 59478,670784703 42263,1968705117
60433,0014292736 59492,735415991 43211,8564168921 60385,3024472767 59478,670784703 41672,0352843671
60433,0014292736 59492,735415991 46029,6085907929 60385,3024472767 59478,670784703 41621,9696502966
60433,0014292736 59492,735415991 48832,766519748 60385,3024472767 59478,670784703 41731,2665896312
60433,0014292736 59492,735415991 48232,4340357677 60385,3024472767 59478,670784703 43236,1038362678
60433,0014292736 59492,735415991 48232,4340357677 60433,0014292736 59492,735415991 43236,1038362678
60433,0014292736 59492,735415991 43756,314305717 60433,0014292736 59492,735415991 43055,0605230872
60433,0014292736 59492,735415991 45388,8057522883 60433,0014292736 59492,735415991 41672,0352843671
60433,0014292736 59492,735415991 43211,8564168921 60433,0014292736 59492,735415991 42117,6027625357
60433,0014292736 59492,735415991 46860,5398561723 60433,0014292736 59492,735415991 41932,525841814
60433,0014292736 59492,735415991 43211,8564168921 60433,0014292736 59492,735415991 41347,8022643061
60433,0014292736 59492,735415991 42354,1450177592 60433,0014292736 59492,735415991 41550,3461192401
60433,0014292736 59492,735415991 44471,0266095159 60433,0014292736 59492,735415991 41672,0352843671
60433,0014292736 59492,735415991 48128,0515954631 60433,0014292736 59492,735415991 43049,5768127172
60433,0014292736 59492,735415991 46177,5701001413 60433,0014292736 59492,735415991 42117,6027625357
60433,0014292736 59492,735415991 42628,1770330227 60433,0014292736 59492,735415991 41672,0352843671
60433,0014292736 59492,735415991 43756,314305717 60433,0014292736 59492,735415991 43055,0605230872
60433,0014292736 59492,735415991 46634,8220148423 60433,0014292736 59492,735415991 42049,2388246956
60433,0014292736 59492,735415991 47505,3260011443 60433,0014292736 59492,735415991 41347,8022643061
60433,0014292736 59492,735415991 46925,0136102859 60433,0014292736 59492,735415991 41672,0352843671
60433,0014292736 59492,735415991 46173,3274968255 60433,0014292736 59492,735415991 42049,2388246956
60433,0014292736 59492,735415991 46160,5841531314 60433,0014292736 59492,735415991 42117,6027625357
60433,0014292736 59492,735415991 43756,314305717 60433,0014292736 59492,735415991 41347,8022643061
60433,0014292736 59492,735415991 45789,1553412377 60433,0014292736 59492,735415991 42310,8958525087
60433,0014292736 59492,735415991 42259,3908067653 60433,0014292736 59492,735415991 41425,7930089329
60433,0014292736 59492,735415991 42259,3908067653 60433,0014292736 59492,735415991 41425,7930089329
60433,0014292736 59492,735415991 45109,7754612573 60433,0014292736 59492,735415991 41672,0352843671
60433,0014292736 59492,735415991 47579,0764296031 60476,0484453249 59497,0401175961 43055,0605230872
60433,0014292736 59492,735415991 45751,6213732715 60476,0484453249 59497,0401175961 41443,2003139647
60433,0014292736 59492,735415991 47388,84333888 60476,0484453249 59497,0401175961 41672,0352843671
60433,0014292736 59492,735415991 44786,8916281332 60476,0484453249 59497,0401175961 41347,8022643061
60433,0014292736 59492,735415991 47999,1442938337 60476,0484453249 59497,0401175961 41924,764367551
60433,0014292736 59492,735415991 46234,4774885114 60476,0484453249 59497,0401175961 41620,9451562304
60433,0014292736 59492,735415991 44658,1774011579 60476,0484453249 59497,0401175961 42310,8958525087
60433,0014292736 59492,735415991 45109,7754612573 60476,0484453249 59497,0401175961 42117,6027625357
60433,0014292736 59492,735415991 46902,1000569513 60476,0484453249 59497,0401175961 43409,0451837259
60433,0014292736 59492,735415991 46160,5841531314 60476,0484453249 59497,0401175961 42049,2388246956
60433,0014292736 59492,735415991 46703,1551800972 60476,0484453249 59497,0401175961 40811,6248359289
60433,0014292736 59492,735415991 46634,8220148423 60476,0484453249 59497,0401175961 42117,6027625357
60433,0014292736 59492,735415991 47080,8889099083 60476,0484453249 59497,0401175961 42356,425854847
60433,0014292736 59492,735415991 46177,5701001413 60476,0484453249 59497,0401175961 41647,6764434091
60433,0014292736 59492,735415991 42354,1450177592 60476,0484453249 59498,3025090862 41347,8022643061
60433,0014292736 59492,735415991 47581,7202162666 60476,0484453249 59498,3025090862 43361,918299934
60433,0014292736 59492,735415991 42628,1770330227 60476,0484453249 59498,3025090862 39809,3162112983
60433,0014292736 59492,735415991 44786,8916281332 60476,0484453249 59498,3025090862 41347,8022643061
60476,0484453249 59497,0401175961 44786,8916281332 60476,0484453249 59498,3025090862 41347,8022643061
60476,0484453249 59497,0401175961 46634,8220148423 60476,0484453249 59498,3025090862 43283,7116461955
60589,5556114238 59508,390834206 47697,6902887799 60476,0484453249 59498,3025090862 43589,6707282609
60589,5556114238 59508,390834206 42775,3102060129 60476,0484453249 59498,3025090862 42086,9955164679
60589,5556114238 59508,390834206 45155,1107086762 60476,0484453249 59498,3025090862 43824,2434127758
60589,5556114238 59508,390834206 45388,8057522883 60476,0484453249 59498,3025090862 41432,6202755342
60589,5556114238 59508,390834206 46920,0677093273 60476,0484453249 59498,3025090862 42243,557024098
60589,5556114238 59508,390834206 44786,8916281332 60476,0484453249 59498,3025090862 43907,8387447248
60589,5556114238 59508,390834206 46031,4331995008 60476,0484453249 59498,3025090862 41347,8022643061
60589,5556114238 59508,390834206 43979,2111943306 60476,0484453249 59498,3025090862 41672,0352843671
60589,5556114238 59508,390834206 43211,8564168921 60476,0484453249 59498,3025090862 42049,2388246956
60589,5556114238 59508,390834206 47348,7641892567 60476,0484453249 59499,262132609 41347,8022643061
60589,5556114238 59508,390834206 44986,8106039709 60476,0484453249 59499,262132609 43095,2562366155
60589,5556114238 59508,390834206 42775,3102060129 60476,0484453249 59499,262132609 42356,425854847
60589,5556114238 59508,390834206 46165,1063803304 60476,0484453249 59499,262132609 43589,6707282609
60589,5556114238 59508,390834206 47336,4896468158 60476,0484453249 59499,262132609 41786,7225142496
60589,5556114238 59508,390834206 47532,4786932468 60476,0484453249 59499,262132609 41573,1743388845
60589,5556114238 59508,390834206 46559,9547160838 60476,0484453249 59499,262132609 44333,9910721736
60589,5556114238 59508,390834206 42628,1770330227 60476,0484453249 59499,262132609 44701,8343004197
60589,5556114238 59508,390834206 45586,5591491714 60476,0484453249 59499,262132609 41347,8022643061
60589,5556114238 59510,6128492189 45304,5378143067 60589,5556114238 59510,6128492189 41347,8022643061
60589,5556114238 59510,6128492189 44205,9832990003 60589,5556114238 59510,6128492189 42049,2388246956
60589,5556114238 59510,6128492189 43756,314305717 60589,5556114238 59510,6128492189 41672,0352843671
60589,5556114238 59510,6128492189 42781,510735681 60589,5556114238 59510,6128492189 43095,2562366155
60589,5556114238 59510,6128492189 45873,8688287643 60589,5556114238 59510,6128492189 43409,0451837259
60589,5556114238 59510,6128492189 42354,1450177592 60589,5556114238 59510,6128492189 41347,8022643061
60589,5556114238 59510,6128492189 45839,4777546079 60589,5556114238 59510,6128492189 42049,2388246956
60589,5556114238 59510,6128492189 44986,8106039709 60589,5556114238 59510,6128492189 43589,6707282609
60589,5556114238 59510,6128492189 47326,0020677821 60589,5556114238 59510,6128492189 41347,8022643061
60589,5556114238 59510,6128492189 46050,2180882495 60589,5556114238 59510,6128492189 44961,7890305284
60589,5556114238 59510,6128492189 45902,4579470986 60589,5556114238 59510,6128492189 43095,2562366155
60589,5556114238 59510,6128492189 47975,5382237158 60589,5556114238 59510,6128492189 41347,8022643061
60589,5556114238 59510,6128492189 42781,510735681 60589,5556114238 59510,6128492189 44228,6852061263
60589,5556114238 59520,8882201511 43823,4694704706 60589,5556114238 59510,6128492189 41436,5197990445
60589,5556114238 59520,8882201511 45789,1553412377 60589,5556114238 59510,6128492189 45184,9566020686
60589,5556114238 59520,8882201511 44786,8916281332 60589,5556114238 59510,6128492189 42117,6027625357
60589,5556114238 59520,8882201511 44804,3356012703 60589,5556114238 59510,6128492189 42469,933020946
60589,5556114238 59520,8882201511 47893,2069804877 60589,5556114238 59510,6128492189 42049,2388246956
60589,5556114238 59520,8882201511 46628,8549385137 60589,5556114238 59510,6128492189 43589,6707282609
60589,5556114238 59520,8882201511 44686,2150919321 60589,5556114238 59510,6128492189 41118,9672939036
60589,5556114238 59520,8882201511 44686,2150919321 60589,5556114238 59520,8882201511 41118,9672939036
60589,5556114238 59520,8882201511 47825,8600264875 60589,5556114238 59520,8882201511 42362,8521490382
60589,5556114238 59520,8882201511 45912,3197866516 60589,5556114238 59520,8882201511 41672,0352843671
60589,5556114238 59520,8882201511 46777,9319525507 60589,5556114238 59520,8882201511 41347,8022643061
60589,5556114238 59520,8882201511 44563,1078475946 60589,5556114238 59520,8882201511 41672,0352843671
60589,5556114238 59520,8882201511 43979,2111943306 60589,5556114238 59520,8882201511 41672,0352843671
60589,5556114238 59520,8882201511 42248,3313735033 60589,5556114238 59520,8882201511 42467,4500346589
60589,5556114238 59520,8882201511 45751,6213732715 60589,5556114238 59520,8882201511 42450,9269308553
60589,5556114238 59520,8882201511 44034,61364035 60589,5556114238 59520,8882201511 43409,0451837259
60589,5556114238 59520,8882201511 42248,3313735033 60589,5556114238 59520,8882201511 42469,933020946
60589,5556114238 59520,8882201511 44034,61364035 60589,5556114238 59520,8882201511 41023,1472898432
60589,5556114238 59520,8882201511 46574,8321827398 60589,5556114238 59520,8882201511 41347,8022643061
60589,5556114238 59520,8882201511 46902,1000569513 60589,5556114238 59520,8882201511 43293,7401901875
60589,5556114238 59520,8882201511 43979,2111943306 60589,5556114238 59520,8882201511 41918,3912478131
60589,5556114238 59520,8882201511 44786,8916281332 60589,5556114238 59520,8882201511 41347,8022643061
60589,5556114238 59520,8882201511 46160,5841531314 60589,5556114238 59520,8882201511 42221,9667754443
60589,5556114238 59520,8882201511 45582,8538126918 60589,5556114238 59520,8882201511 43536,0919034371
60589,5556114238 59520,8882201511 46628,8549385137 60589,5556114238 59520,8882201511 41672,0352843671
60589,5556114238 59520,8882201511 46306,0243157177 60589,5556114238 59520,8882201511 43095,2562366155
60589,5556114238 59520,8882201511 45388,8057522883 60589,5556114238 59520,8882201511 42467,4500346589
60589,5556114238 59520,8882201511 45388,8057522883 60589,5556114238 59520,8882201511 42467,4500346589
60589,5556114238 59520,8882201511 45751,6213732715 60589,5556114238 59520,8882201511 41672,0352843671
60589,5556114238 59520,8882201511 44986,8106039709 60589,5556114238 59520,8882201511 43055,0605230872
60589,5556114238 59520,8882201511 44473,2959391142 60589,5556114238 59520,8882201511 42467,4500346589
60589,5556114238 59520,8882201511 44786,8916281332 60589,5556114238 59520,8882201511 41672,0352843671
60589,5556114238 59520,8882201511 42259,3908067653 60589,5556114238 59520,8882201511 41672,0352843671
60589,5556114238 59520,8882201511 44786,8916281332 60589,5556114238 59520,8882201511 42469,933020946
60589,5556114238 59520,8882201511 47532,4786932468 60589,5556114238 59520,8882201511 40833,2957526374
60589,5556114238 59520,8882201511 45873,8688287643 60589,5556114238 59520,8882201511 41940,9428823402
60589,5556114238 59520,8882201511 48959,3198910161 60589,5556114238 59520,8882201511 41672,0352843671
60589,5556114238 59520,8882201511 42628,1770330227 60589,5556114238 59520,8882201511 42064,0289224969
60589,5556114238 59520,8882201511 42858,9856133491 60589,5556114238 59520,8882201511 41522,4596010202
60589,5556114238 59520,8882201511 46777,9319525507 60589,5556114238 59520,8882201511 41672,0352843671
60589,5556114238 59520,8882201511 45940,3071114013 60589,5556114238 59520,8882201511 41672,0352843671
60589,5556114238 59520,8882201511 43823,4694704706 60589,5556114238 59520,8882201511 41672,0352843671
60589,5556114238 59520,8882201511 44563,1078475946 60589,5556114238 59520,8882201511 44229,1375509282
60589,5556114238 59520,8882201511 45388,8057522883 60589,5556114238 59520,8882201511 41347,8022643061
60589,5556114238 59520,8882201511 45819,284137581 60589,5556114238 59520,8882201511 43055,0605230872
60589,5556114238 59520,8882201511 47542,0950660622 60589,5556114238 59520,8882201511 41347,8022643061
60589,5556114238 59520,8882201511 42248,3313735033 60589,5556114238 59520,8882201511 42823,2681877673
60589,5556114238 59520,8882201511 42248,3313735033 60589,5556114238 59520,8882201511 42823,2681877673
60589,5556114238 59520,8882201511 45873,8688287643 60589,5556114238 59520,8882201511 42467,4500346589
60589,5556114238 59520,8882201511 44473,2959391142 60589,5556114238 59523,8881606617 41507,4930271461
60589,5556114238 59520,8882201511 45109,7754612573 60589,5556114238 59523,8881606617 41347,8022643061
60589,5556114238 59520,8882201511 44034,61364035 60589,5556114238 59523,8881606617 42283,6326416931
60589,5556114238 59520,8882201511 44786,8916281332 60589,5556114238 59523,8881606617 42305,8771905477
60589,5556114238 59520,8882201511 45751,6213732715 60589,5556114238 59523,8881606617 41347,8022643061
60589,5556114238 59520,8882201511 44686,2150919321 60589,5556114238 59523,8881606617 41347,8022643061
60589,5556114238 59520,8882201511 46050,2180882495 60589,5556114238 59523,8881606617 41347,8022643061
60589,5556114238 59520,8882201511 42858,9856133491 60589,5556114238 59523,8881606617 41672,0352843671
60589,5556114238 59520,8882201511 47348,7641892567 60589,5556114238 59523,8881606617 41347,8022643061
60589,5556114238 59520,8882201511 46031,4331995008 60589,5556114238 59523,8881606617 41737,2136595244
60589,5556114238 59520,8882201511 47326,911720951 60589,5556114238 59523,8881606617 41624,1410457168
60589,5556114238 59520,8882201511 42858,9856133491 60589,5556114238 59523,8881606617 46001,1684739759
60589,5556114238 59520,8882201511 42259,3908067653 60589,5556114238 59523,8881606617 42469,933020946
60589,5556114238 59520,8882201511 44786,8916281332 60589,5556114238 59523,8881606617 42589,8959200188
60589,5556114238 59520,8882201511 46036,9675757791 60589,5556114238 59523,8881606617 41878,24186283
60589,5556114238 59520,8882201511 42259,3908067653 60589,5556114238 59523,8881606617 44422,5440921631
60589,5556114238 59520,8882201511 45762,6403009143 60589,5556114238 59523,8881606617 43288,0290865971
