48389,8662653346 47397,3790102435 35808,2653882348 48923,8168128618 47074,5051197423 38006,5208499455
49323,8545518153 48423,6872901348 38097,6749030518 49293,1670395001 47902,5223244306 38566,2418004275
50128,6666464677 49408,265130573 37439,6782524478 49763,4195655065 48785,6073577247 37947,8119097865
51884,4828381168 50618,2799057289 40304,9008163719 50672,83589967 49521,0805979241 40549,3213567981
52948,1455232693 51412,218031851 41600,5480640257 52137,9871913062 50252,4292312243 40993,026337734
53470,127276753 51955,1869407117 40935,9678373205 52358,7701451771 51035,7880463341 42453,4412411536
54183,6340428095 52653,5367235978 42723,6453831458 53106,3109690556 51634,2028978125 42668,5209120271
54183,6340428095 53189,877942221 43884,873353727 53883,0968583741 52293,0645083382 41481,6324988423
54676,6566328589 53563,0613835054 44134,6914634885 54195,4919386244 52755,7188733544 44005,963721983
55190,6621467948 54022,0937802646 44897,5747255577 54682,5751070753 53225,5833080672 43938,9492908228
55978,8950726186 54626,6102838409 46267,1165615541 55149,8489901163 53684,539816739 46473,8496078957
56356,6124871658 55252,0255936821 45686,6820301603 55149,8489901163 53974,8318834818 45219,5989994933
56588,751223061 55628,0434426035 48508,8495778816 55520,5457595223 54274,1425676475 46637,0008458875
56997,5385975303 55980,4364580533 49123,7841324829 55907,5300650112 54770,7517147918 47766,3429226818
57377,0372026893 56357,9564633308 50065,76268016 55979,1793752223 55089,485713399 47532,0264581798
57924,0697374611 56715,2945612952 50275,990480325 56652,5715864912 55451,2789416876 46960,4361388579
58122,7019949639 57004,0209784885 51414,364560651 57088,3460774878 55788,5991599973 47719,7774725103
58342,7338259945 57337,3775803448 51358,2411219254 57177,7582302235 56094,5572625085 48891,605386831
58857,1764635222 57733,4142216358 52004,1883701732 57404,0328679512 56224,0535516916 48870,1299809809
59056,9164975651 58020,0289210402 52100,8720171509 57481,8559026683 56581,7069045734 49323,8061178094
59479,4244951382 58171,1493611857 50036,7949411022 59022,1506713102 58093,7632851534 49728,1255377019
59479,4244951382 58466,951259965 50280,2664547268 59663,3448106038 58279,2553634744 50846,0960187197
59732,5884362309 58647,4176609238 52927,5904542005 59647,3809960141 58711,363331725 50773,184421137
59995,9045071969 58893,3770311366 52774,2040197437 59647,3809960141 58790,4006969643 50798,7815430803
60310,4815752074 59190,7898795493 52797,619852332 59850,4539785698 58974,4176362327 51190,1211521514
60475,518443182 59356,47873338 52329,8168012973 59850,4539785698 59058,3774379605 51151,116994984
60527,3767914747 59502,5427630138 52099,1876095937 60132,2580436164 59252,7138051532 51623,5252939124
60575,8372839611 59666,7831578246 53711,8897937641 60132,2580436164 59355,3224367648 52825,0281552523
60575,8372839611 59821,0734498164 54655,0434246371 60282,8724644139 59479,2636980614 51439,604770577
60630,5926346698 59963,822474305 54239,7920139083 60399,3657189267 59548,7680892278 52315,9985012085
60962,4644742946 60105,0970209103 54722,2840172903 60399,3657189267 59767,062389618 53047,1944478915
60962,4644742946 60251,6442114884 54791,3938407017 60399,3657189267 59846,8793203662 52452,5801641562
61211,4588161623 60437,0969808531 55467,5317519008 60525,4917116739 59940,7606976785 51097,4786511379
61372,7139459309 60554,1176078768 55582,8727369826 60615,8963065393 60021,9218936944 52792,5426368113
61502,2202066648 60639,8356295903 55360,9939582596 60871,0238983455 60112,242218423 52793,9064864693
61571,6575703371 60776,2423996278 55775,6483802251 60871,0238983455 60227,3973799207 53031,3045454557
61691,1555119761 60868,3277735541 54646,8667253404 61110,9258896448 60357,6246912452 54045,5523793493
61934,2829051939 60978,1096668651 55493,4684454779 61110,9258896448 60380,9234807479 53907,7176951005
62150,9158374873 61126,0387020787 52332,4492813521 61290,7865414749 60471,2008734713 53163,6518899846
62169,2600753388 61229,5155556393 55666,4926094761 61290,7865414749 60619,9428851205 52707,7300372076
62248,3618771004 61401,6765538679 54326,1276359808 62150,9158374873 61314,7271431403 53307,2118924387
62505,1299758425 61531,9386295206 55345,1797401402 62150,9158374873 61407,5877554216 53853,2629371713
62606,4094674808 61666,3778554758 55639,0619102575 62362,438712006 61494,394797639 52553,2243091303
62703,4433877917 61759,424518152 55648,5325652205 62362,438712006 61554,3843731787 54649,3201946575
62715,3948739702 61855,9560289799 56556,1639619342 62362,438712006 61652,2888181555 54662,3372918822
62862,9052016117 61951,7166987327 57002,0119855426 62413,9069531154 61694,8974485797 54568,9935613609
62862,9052016117 62026,8897275494 58088,5968649601 62413,9069531154 61806,7404346015 54700,2367961571
62959,6920356523 62078,7301588514 57171,9230854121 62487,8431639761 61830,7681619743 55415,1592769717
63010,1384621168 62174,241190833 57873,1310338594 62615,6046363696 61897,2263899413 55037,4890857195
63122,8748465237 62264,2345566808 57878,9783986722 62615,6046363696 61960,905905678 54608,3449073286
63122,8748465237 62362,3786170917 57916,8092619316 62805,738024305 62020,5563253044 55610,7518151261
63160,344151056 62416,5027091179 57787,5932204552 62835,9291564164 62071,5153889559 54982,7546301397
63160,344151056 62530,0827218134 58271,9413089301 62919,2864075636 62130,2408691262 54527,6952070627
63283,5818016969 62578,3318772079 57892,1109210996 62919,2864075636 62204,7938455959 55046,6793794921
63283,5818016969 62652,9460257606 58522,2332905176 62984,585910735 62237,9357772983 55747,7190642414
63382,2260990323 62730,7702905537 58572,6349466096 63014,8841477969 62276,2096414745 55973,9941249381
63382,2260990323 62774,4383284745 59059,0392419806 63014,8841477969 62328,7827964474 54572,7130736695
63442,4513156382 62861,9521404731 57892,8075631353 63180,8628770491 62379,8043521985 55694,450754368
63442,4513156382 62884,346098619 58677,4190184796 63180,8628770491 62403,412606743 55756,620954604
63468,6225891247 62989,7678682463 59072,7995411018 63180,8628770491 62437,2827374777 55194,5451017218
63580,040687549 63043,7871114108 58974,2968030233 63468,6225891247 63023,0566928189 56459,022817509
63580,040687549 63099,1656283475 58021,3026819913 63563,6695901818 63090,9409041687 56015,5684975714
63587,5034521324 63152,490375774 59263,9374845701 63563,6695901818 63111,2180651371 56435,8708049094
63587,5034521324 63161,5185604393 59363,9087421429 63563,6695901818 63137,9794597333 56918,8766108059
63587,5034521324 63195,8002308663 58918,3256282733 63563,6695901818 63220,13642747 57064,0405465929
63587,5034521324 63222,612799145 59744,4256851573 63645,0327967843 63247,2268410875 57064,0405465929
63792,3467436421 63293,5160345981 58959,1366957322 63645,0327967843 63310,5517959688 56281,0751992992
63903,0456231489 63331,8729530904 59034,3499903615 63993,9222850292 63361,3112415195 56863,0583228421
63903,0456231489 63400,9880341367 58214,2907894307 63993,9222850292 63392,1250483694 55726,8797517046
63903,0456231489 63418,4387631184 58756,9796927154 64009,9605729686 63439,0015863308 57094,1518519776
63903,0456231489 63454,5339682979 58033,123018653 64011,2664421448 63515,7342787342 57142,2644043214
63903,0456231489 63469,2376224922 58486,3756204379 64011,9274103579 63542,6994949988 55007,5935879461
63903,0456231489 63482,7467261821 59370,9573610466 64011,9274103579 63552,4855098287 57330,7496184454
63903,0456231489 63490,0284535872 60268,0817676193 64044,9175946118 63569,9028583149 57243,5938763998
63903,0456231489 63499,4618867736 60329,6275509102 64220,296887096 63627,1273301112 57430,4882352264
63903,0456231489 63524,2460312523 59829,5860589716 64257,4012700217 63672,9945135504 56533,5607639317
63956,6245506304 63553,8576199542 59867,5058617918 64257,4012700217 63680,8472743697 56475,776147901
63978,6384616083 63621,8554247524 58980,3241088044 64257,4012700217 63722,387032559 56945,9997681393
64065,7038647414 63637,1816966237 60065,93958691 64392,329389963 63747,2110933026 57225,7920721731
64065,7038647414 63685,5415849227 60220,2845154931 64398,8903098341 63758,5195782988 57301,7676689497
64429,4337728887 63988,2402913267 59043,3873830349 64429,4337728887 63905,0999237798 57646,308828655
64489,0363866742 64054,7167464095 58395,6451358788 64429,4337728887 63913,3227992271 54034,6970845789
64526,1407695999 64136,3324358631 59758,7586742664 64450,89551742 63934,5615731167 57018,8567205511
64550,7737365581 64177,6230033948 58035,2630288023 64450,89551742 63982,9712554054 57014,8444665181
64583,0738274955 64229,2941592382 60252,4514968633 64450,89551742 64019,4972464729 57528,2299438804
64590,7505473523 64242,2348092187 59679,4777671304 64450,89551742 64033,915850513 57295,8841622854
64614,4391166222 64256,3760077148 60380,4183218935 64456,1169744984 64047,4678989607 58086,9118212192
64614,4391166222 64265,8036818596 60530,0982287952 64497,0858857013 64071,4571644212 56964,7798344156
64636,1356645453 64283,8052054279 59616,0675047646 64497,0858857013 64074,9569837821 57279,2937487367
64636,1356645453 64301,9443933318 61043,2221465851 64552,3034195481 64102,5445253781 57375,638644343
64762,9107656696 64316,0761942441 61022,6941600374 64538,9437228109 64111,0364239459 58133,0650049662
64813,0801682209 64362,5147519508 60529,0869737922 64584,7859498255 64118,3576783828 57253,7390958955
64813,0801682209 64371,223845566 59486,0621133496 64584,7859498255 64174,7575497553 57805,6577359261
64828,1766047907 64397,0242499747 60529,0869737922 64584,7859498255 64185,024335936 57578,1428652299
64831,8899975807 64406,3133989271 59880,4388927154 64584,7859498255 64189,939622377 56998,7243218658
65043,7713150288 64465,2627215181 60083,3958284924 64584,7859498255 64201,0958751982 57301,0744980329
65043,7713150288 64495,5609291734 58813,771152638 64599,9774978099 64210,4942871254 57324,5598462008
65043,7713150288 64514,9373145454 58671,5694929203 64616,1239803573 64227,3386838563 57928,4094344028
65043,7713150288 64534,3542816292 59491,9500551617 64616,1239803573 64231,6635457108 57609,4412007645
65043,7713150288 64546,377074257 60729,515658454 64616,1239803573 64231,6635457108 57814,9697720562
65043,7713150288 64592,3532189864 57606,8470202164 65070,7597446496 64581,9171325649 57454,0216195907
65043,7713150288 64600,3790806089 58790,4818259194 65070,7597446496 64585,2787555796 57986,7647812482
65043,7713150288 64605,2487330447 60291,2724208464 65070,7597446496 64588,2227717356 57512,8460287001
65043,7713150288 64648,4525003318 61070,0776835879 65070,7597446496 64591,1010870321 58683,920765404
65043,7713150288 64655,3646958758 59836,084939573 65070,7597446496 64592,140836293 57994,3616273628
65043,7713150288 64662,3950222837 59836,084939573 65070,7597446496 64600,8595571817 58248,74261384
65043,7713150288 64689,5361487283 60285,8702579094 65070,7597446496 64623,3334734574 58052,2944392367
65043,7713150288 64695,4585480343 61102,6612152539 65070,7597446496 64630,2284458334 57841,5234991229
65043,7713150288 64730,4658458901 60543,3581966347 65070,7597446496 64635,9744325246 57841,5234991229
65043,7713150288 64732,9947275039 61809,040738951 65070,7597446496 64639,2255354563 58258,7025491182
65043,7713150288 64790,3736431798 60986,2529847496 65071,7073425288 64641,876702202 58054,6288536114
65043,7713150288 64793,9787450438 61000,4752835482 65077,3955674516 64648,2745297976 58410,4370990756
65043,7713150288 64818,879288752 60797,3149911632 65077,3955674516 64650,259471872 58154,6304794106
65043,7713150288 64823,0943315314 61923,7817293486 65077,3955674516 64655,1882126618 58004,2088428724
65043,7713150288 64827,2948079752 60553,4958897586 65078,3431653308 64655,4014591127 58675,3277052378
65070,7597446496 64836,8779256121 61181,063521044 65078,3431653308 64662,2609668498 57538,6941680413
65070,7597446496 64836,7491332605 61088,0574569297 65078,3431653308 64663,8729125672 58296,8680999564
65070,7597446496 64836,7491332605 60123,2388886022 65078,3431653308 64667,1618902964 58591,6343142686
65070,7597446496 64850,0041415086 61705,4366054755 65078,3431653308 64669,91335268 58067,7940178433
65070,7597446496 64852,0557502257 61848,0921339949 65078,3431653308 64669,91335268 57563,4607031453
65078,3431653308 64880,6837419022 60446,5192064502 65078,3431653308 64878,9578159257 58720,776553875
65078,3431653308 64897,8423467679 61727,9973759474 65078,3431653308 64893,9418978614 57949,4285365198
65078,3431653308 64911,7423192097 60965,0431678308 65078,3431653308 64896,6589956781 58366,4816916175
65078,3431653308 64914,4074781686 60529,4322909503 65078,3431653308 64896,6589956781 58502,4178167606
65078,3431653308 64914,4074781686 61240,902206042 65078,3431653308 64896,6589956781 58860,9534297232
65078,3431653308 64918,0743466658 61290,4312159812 65078,3431653308 64900,664010426 57964,5806695928
65078,3431653308 64922,3706381606 61393,1917388498 65078,3431653308 64903,4865271283 58361,2135294814
65078,3431653308 64922,3706381606 60636,6567179488 65078,3431653308 64903,7401404865 57778,4450477801
65078,3431653308 64922,3706381606 61028,6436670425 65078,3431653308 64904,2812882668 59043,7138614473
65083,6432818652 64925,2621987396 59880,4966196827 65078,3431653308 64916,7172879247 58401,811397784
65083,6432818652 64925,2621987396 60494,3698514703 65078,3431653308 64918,9186790225 59090,4516558464
65083,6432818652 64925,2621987396 62022,5945315208 65078,3431653308 64922,6284790635 58476,2748705348
65433,606283411 64964,7367761456 61479,6064739407 65078,3431653308 64923,1696268438 58380,6028694527
65433,606283411 64964,7367761456 61247,1816583311 65078,3431653308 64931,6438586932 58634,5774092116
65433,606283411 64964,7367761456 61356,5530073912 65085,3408299298 64927,504027575 57778,4450477801
65433,606283411 64977,2702103555 62104,5835791776 65085,3408299298 64934,6854017678 57969,9431287903
65433,606283411 64977,2702103555 61028,6436670425 65085,3408299298 64934,6854017678 58576,5936047145
65433,606283411 64977,2702103555 61030,7732525819 65086,9429707904 64935,0490486072 57627,5436234687
65433,606283411 64977,9152046873 59855,3917222514 65086,9429707904 64944,5927160664 58679,7374146179
65433,606283411 64987,0226580093 61381,6884755347 65086,9429707904 64944,5927160664 57627,5436234687
65433,606283411 65029,5578445196 60701,4975211445 65433,606283411 65033,5492317222 56882,6885642659
65433,606283411 65037,2411556348 62192,1354609023 65433,606283411 65034,0191185636 58590,278270172
65433,606283411 65046,2311405103 61061,8880562336 65433,606283411 65037,0147927629 58662,3936908715
65433,606283411 65046,2311405103 61422,3167238674 65433,606283411 65038,2514757095 58776,3521743598
65433,606283411 65047,5690617631 61027,0000087058 65433,606283411 65040,4083239758 58919,5066181303
65433,606283411 65047,8435403559 61407,1979598133 65433,606283411 65042,6138966927 57849,6436051244
65433,606283411 65047,8435403559 61349,6993486968 65433,606283411 65045,2022185357 58074,539404664
65433,606283411 65050,7689970937 61511,6091068748 65433,606283411 65045,3060650872 57600,051501447
65433,606283411 65056,7805904064 59851,1828370883 65433,606283411 65045,3060650872 58634,5774092116
65433,606283411 65064,7348796254 61932,2125370196 65433,606283411 65045,3060650872 57819,7776290326
65433,606283411 65064,7348796254 60328,558749039 65433,606283411 65045,3060650872 58074,539404664
65433,606283411 65064,7348796254 62009,9695285839 65433,606283411 65045,3060650872 58181,4373961085
65433,606283411 65069,2036403931 60328,558749039 65433,606283411 65045,3060650872 58616,1772237432
65433,606283411 65069,2036403931 61509,0190461625 65433,606283411 65045,3060650872 58678,7330122618
65433,606283411 65069,2036403931 61213,5364734005 65433,606283411 65046,922130774 57849,6436051244
65433,606283411 65069,2036403931 61755,9924603659 65433,606283411 65047,5930006432 57600,051501447
65433,606283411 65082,9283944067 61511,6091068748 65433,606283411 65047,5930006432 58380,6028694527
65433,606283411 65120,5874501387 61415,7509486302 65433,606283411 65076,9668491268 57819,7776290326
65433,606283411 65120,5874501387 61885,0430613715 65433,606283411 65076,9668491268 58576,5936047145
65433,606283411 65127,2829941664 60328,558749039 65433,606283411 65076,9668491268 57819,7776290326
65433,606283411 65135,2595548601 61240,0812618652 65433,606283411 65129,1273645756 59108,2174618227
65433,606283411 65135,2595548601 60797,4016941386 65433,606283411 65129,1273645756 58678,7330122618
65433,606283411 65137,9968297251 61719,0993888333 65433,606283411 65131,8430917701 58983,463890547
65433,606283411 65137,9968297251 59865,6456163078 65433,606283411 65135,6643806773 58335,265199134
65433,606283411 65139,0348951947 61702,6854972196 65433,606283411 65135,6643806773 58487,1212822894
65433,606283411 65139,0348951947 61511,6091068748 65433,606283411 65135,6643806773 58741,2582662435
65433,606283411 65139,0348951947 60965,9123551885 65433,606283411 65136,2448072759 57865,3080351096
65433,606283411 65139,0348951947 62005,8206259066 65433,606283411 65136,2448072759 58335,265199134
65433,606283411 65139,0348951947 61270,3474050895 65433,606283411 65136,2448072759 58492,0861523954
65433,606283411 65139,0348951947 62078,5089868303 65433,606283411 65137,5378187818 57819,7776290326
65433,606283411 65139,0348951947 60826,0438230494 65433,606283411 65137,5378187818 58872,5340117553
65433,606283411 65139,0348951947 61811,890034631 65433,606283411 65137,5378187818 58031,3795767502
65433,606283411 65139,0740771473 62120,0192975308 65433,606283411 65137,5378187818 57819,7776290326
65433,606283411 65139,0740771473 61770,8347087586 65433,606283411 65137,5378187818 58654,055012753
65433,606283411 65139,0740771473 60938,0104538357 65433,606283411 65137,5378187818 57865,3080351096
65433,606283411 65139,0740771473 61704,7425019769 65433,606283411 65137,5378187818 58872,5340117553
65433,606283411 65139,0740771473 62292,4857774259 65433,606283411 65140,2222176844 58765,8470742454
65433,606283411 65139,0740771473 60497,8358516715 65433,606283411 65140,2222176844 58335,265199134
65433,606283411 65139,0740771473 61036,5008141565 65433,606283411 65140,3232553644 58969,4732424133
65433,606283411 65139,0740771473 61694,8120648977 65433,606283411 65140,3232553644 58335,265199134
65433,606283411 65154,879394549 62112,8888505726 65433,606283411 65147,4251769451 57895,9094712865
65433,606283411 65156,8024522844 61191,7542606682 65433,606283411 65147,4251769451 57819,7776290326
65433,606283411 65156,8024522844 60406,281015128 65433,606283411 65147,4251769451 58860,1827992159
65433,606283411 65156,8024522844 60328,558749039 65433,606283411 65147,4251769451 57895,9094712865
65433,606283411 65156,8024522844 61066,016460705 65433,606283411 65149,5526779515 58530,8172178911
65433,606283411 65156,8024522844 60149,6838853208 65433,606283411 65149,5526779515 58031,3795767502
65433,606283411 65156,8024522844 61502,7407150691 65433,606283411 65149,5526779515 58530,8172178911
65433,606283411 65156,8024522844 62048,3546298678 65433,606283411 65149,5526779515 58256,2265993013
65433,606283411 65156,8024522844 60328,558749039 65433,606283411 65149,5526779515 58530,8172178911
65433,606283411 65164,7703741146 62021,0281585382 65433,606283411 65149,5526779515 57865,3080351096
65433,606283411 65164,7703741146 60328,558749039 65433,606283411 65153,1568100741 57691,7948833794
65433,606283411 65164,7703741146 60328,558749039 65433,606283411 65153,1568100741 58848,6450651368
65433,606283411 65164,7703741146 61533,7158458973 65433,606283411 65153,1568100741 57819,7776290326
65433,606283411 65164,7703741146 61183,5124548448 65433,606283411 65153,1568100741 58746,5775720776
65433,606283411 65164,7703741146 60486,517023061 65433,606283411 65153,1568100741 58812,6037439109
65433,606283411 65164,7703741146 61458,0220574175 65433,606283411 65153,1568100741 58578,6718044049
65433,606283411 65164,7703741146 61705,2593759584 65433,606283411 65153,1568100741 59162,4632668724
65433,606283411 65164,7703741146 61141,5656744436 65433,606283411 65153,1568100741 58678,7330122618
65433,606283411 65164,7703741146 61196,1348158556 65433,606283411 65153,1568100741 57865,3080351096
65433,606283411 65164,7703741146 61677,8288628442 65433,606283411 65153,1568100741 57895,9094712865
65433,606283411 65168,5789495082 61270,3474050895 65433,606283411 65168,6781091889 57819,7776290326
65433,606283411 65168,5789495082 61770,8347087586 65433,606283411 65168,6781091889 58945,8886049367
65433,606283411 65168,5789495082 61753,0213448412 65433,606283411 65168,6781091889 57894,4008224848
65433,606283411 65168,5789495082 61429,6680010023 65433,606283411 65168,6781091889 57858,1070159567
65433,606283411 65168,5789495082 61561,1051847974 65433,606283411 65168,6781091889 58723,0024835433
65433,606283411 65168,5789495082 61165,4884549418 65433,606283411 65168,6781091889 58031,3795767502
65433,606283411 65168,5789495082 62302,7412054497 65433,606283411 65168,6781091889 57895,9094712865
65433,606283411 65168,5789495082 60179,2888909209 65433,606283411 65168,6781091889 59178,0607479152
65433,606283411 65168,5789495082 61116,7760737498 65433,606283411 65168,6781091889 57819,7776290326
65433,606283411 65168,5789495082 61220,3444821764 65433,606283411 65168,6781091889 57819,7776290326
65433,606283411 65168,5789495082 61653,2659356799 65433,606283411 65168,6781091889 57819,7776290326
65433,606283411 65168,5789495082 61677,8288628442 65433,606283411 65168,6781091889 58848,6450651368
65433,606283411 65168,5789495082 61347,2604742054 65433,606283411 65168,6781091889 57819,7776290326
65433,606283411 65168,5789495082 60638,2680179322 65433,606283411 65168,6781091889 57895,3924192917
65433,606283411 65168,5789495082 61146,210643138 65433,606283411 65168,6781091889 57895,9094712865
65433,606283411 65168,5789495082 60984,3752159229 65433,606283411 65168,6781091889 58782,6188933034
65433,606283411 65168,5789495082 61779,7435622331 65433,606283411 65168,6781091889 58723,0024835433
65433,606283411 65168,5789495082 60486,517023061 65433,606283411 65168,6781091889 58031,3795767502
65433,606283411 65168,5789495082 60746,1858915777 65433,606283411 65168,6781091889 57895,9094712865
65433,606283411 65168,5789495082 61547,6273661787 65433,606283411 65168,6781091889 58031,3795767502
65433,606283411 65168,6781091889 61220,3444821764 65433,606283411 65168,6781091889 57819,7776290326
65433,606283411 65168,6781091889 61146,210643138 65433,606283411 65168,6781091889 58335,265199134
65433,606283411 65168,6781091889 61451,323955169 65433,606283411 65168,6781091889 57815,6983972476
65433,606283411 65168,6781091889 61445,9491051024 65433,606283411 65168,6781091889 57895,9094712865
65433,606283411 65168,6781091889 61848,0607492683 65433,606283411 65168,6781091889 57895,9094712865
65433,606283411 65168,6781091889 61891,1783763919 65433,606283411 65168,6781091889 57895,3924192917
65433,606283411 65168,6781091889 61502,7407150691 65433,606283411 65168,6781091889 58335,265199134
65433,606283411 65168,6781091889 61298,1449529186 65433,606283411 65168,6781091889 58723,0024835433
65433,606283411 65168,6781091889 61891,1783763919 65433,606283411 65168,6781091889 59187,6288335039
65433,606283411 65168,6781091889 60938,0104538357 65433,606283411 65168,6781091889 57819,7776290326
65433,606283411 65168,6781091889 62048,3546298678 65433,606283411 65168,6781091889 58031,3795767502
65433,606283411 65168,6781091889 60746,1858915777 65433,606283411 65168,6781091889 57895,3924192917
65433,606283411 65168,6781091889 61747,9353059439 65433,606283411 65168,6781091889 58798,5685860756
65433,606283411 65168,6781091889 61960,78199674 65433,606283411 65168,6781091889 57819,7776290326
65433,606283411 65168,6781091889 61346,8225881867 65433,606283411 65168,6781091889 57819,7776290326
65433,606283411 65168,6781091889 61502,5335514833 65433,606283411 65168,6781091889 57819,7776290326
65433,606283411 65168,6781091889 60938,0104538357 65433,606283411 65168,6781091889 57865,3080351096
65433,606283411 65168,6781091889 59865,6456163078 65433,606283411 65168,6781091889 58031,3795767502
65433,606283411 65168,6781091889 61785,0643575162 65433,606283411 65168,6781091889 57819,7776290326
65433,606283411 65168,6781091889 61439,6345368541 65433,606283411 65168,6781091889 57865,3080351096
65433,606283411 65168,6781091889 61848,0607492683 65433,606283411 65168,6781091889 57819,7776290326
65433,606283411 65168,6781091889 60847,005695558 65433,606283411 65168,6781091889 57819,7776290326
65433,606283411 65168,6781091889 61502,7407150691 65433,606283411 65168,6781091889 57819,7776290326
65433,606283411 65168,6781091889 60406,281015128 65433,606283411 65168,6781091889 59054,5788344781
65433,606283411 65168,6781091889 60328,558749039 65433,606283411 65168,6781091889 59054,5788344781
65433,606283411 65168,6781091889 61191,7542606682 65433,606283411 65168,6781091889 57865,3080351096
65433,606283411 65169,8225406916 61227,8356014525 65433,606283411 65168,6781091889 58588,2139288665
65433,606283411 65169,8225406916 61227,8356014525 65433,606283411 65168,6781091889 58945,8886049367
65433,606283411 65169,8622276286 60938,0104538357 65433,606283411 65168,6781091889 57895,3924192917
65433,606283411 65172,9819114376 61861,2794744624 65433,606283411 65168,6781091889 57895,3924192917
65433,606283411 65172,9819114376 61346,8225881867 65433,606283411 65168,6781091889 58678,7330122618
65433,606283411 65172,9819114376 61449,6348921119 65433,606283411 65168,6781091889 57865,3080351096
65433,606283411 65176,3147622491 61943,3770304655 65433,606283411 65168,6781091889 59483,191021182
65433,606283411 65176,3147622491 61445,9491051024 65433,606283411 65168,6781091889 57865,3080351096
65433,606283411 65176,3147622491 61789,5092887913 65433,606283411 65168,6781091889 59399,5761923287
65433,606283411 65176,3147622491 61547,6273661787 65433,606283411 65168,6781091889 57819,7776290326
65433,606283411 65176,3147622491 60638,2680179322 65433,606283411 65168,6781091889 58723,0024835433
65433,606283411 65176,3147622491 61146,210643138 65433,606283411 65168,6781091889 57895,3924192917
65433,606283411 65176,3147622491 60983,9257219519 65433,606283411 65168,6781091889 58031,3795767502
65433,606283411 65176,3147622491 61511,6091068748 65433,606283411 65168,6781091889 58588,2139288665
65433,606283411 65176,3147622491 61298,1449529186 65433,606283411 65176,3147622491 57819,7776290326
65433,606283411 65176,3147622491 61439,6345368541 65433,606283411 65176,3147622491 58954,5029004113
65433,606283411 65176,3147622491 60328,558749039 65433,606283411 65176,3147622491 58922,5644627381
65433,606283411 65176,3147622491 61292,8603568575 65433,606283411 65176,3147622491 59239,1324288377
65433,606283411 65176,3147622491 60217,6288935653 65433,606283411 65176,3147622491 59032,3452746192
65433,606283411 65176,3147622491 60938,0104538357 65433,606283411 65176,3147622491 57865,3080351096
65433,606283411 65176,3147622491 61831,3637095041 65433,606283411 65176,3147622491 58723,0024835433
65433,606283411 65176,3147622491 61293,8740136292 65433,606283411 65176,3147622491 58335,265199134
65433,606283411 65176,3147622491 61116,7760737498 65433,606283411 65176,3147622491 57865,3080351096
65433,606283411 65176,3147622491 60638,2680179322 65433,606283411 65176,3147622491 58031,3795767502
65433,606283411 65176,3147622491 60983,9257219519 65433,606283411 65176,3147622491 57895,3924192917
65433,606283411 65176,3147622491 60406,281015128 65433,606283411 65176,3147622491 57895,3924192917
65433,606283411 65176,3147622491 61910,3077597919 65433,606283411 65176,3147622491 57819,7776290326
65433,606283411 65176,3147622491 61835,0259661674 65433,606283411 65176,3147622491 59178,0607479152
65433,606283411 65176,3147622491 61270,3474050895 65433,606283411 65176,3147622491 57819,7776290326
65433,606283411 65176,3147622491 61292,8603568575 65433,606283411 65176,3147622491 57819,7776290326
65433,606283411 65176,3147622491 60746,1858915777 65433,606283411 65176,3147622491 58678,7330122618
65433,606283411 65176,3147622491 60406,281015128 65433,606283411 65176,3147622491 57865,3080351096
65433,606283411 65176,3147622491 60757,8189238682 65433,606283411 65176,3147622491 57819,7776290326
65433,606283411 65176,3147622491 61848,0607492683 65433,606283411 65176,3147622491 57895,9094712865
65433,606283411 65176,3147622491 60612,4291503693 65433,606283411 65176,3147622491 58031,3795767502
65433,606283411 65176,3147622491 61439,6345368541 65433,606283411 65176,3147622491 58909,7442323906
65433,606283411 65176,3147622491 61472,9220431319 65433,606283411 65176,3147622491 57819,7776290326
65433,606283411 65176,3147622491 62366,5923049445 65433,606283411 65176,3147622491 57895,9094712865
65433,606283411 65176,3147622491 62014,0017466763 65433,606283411 65176,3147622491 57895,9094712865
65433,606283411 65176,3147622491 61292,8603568575 65433,606283411 65176,3147622491 57895,3924192917
65433,606283411 65176,3147622491 61705,2593759584 65433,606283411 65176,3147622491 57895,3924192917
65433,606283411 65176,3147622491 61835,0259661674 65433,606283411 65176,3147622491 58723,0024835433
65433,606283411 65176,3147622491 61298,1449529186 65433,606283411 65176,3147622491 57219,9632256104
65433,606283411 65176,3147622491 62190,8240422899 65433,606283411 65176,3147622491 57895,9094712865
65433,606283411 65176,3147622491 61191,9418989918 65433,606283411 65176,3147622491 58859,7054439111
65433,606283411 65176,3147622491 61165,4884549418 65433,606283411 65176,3147622491 57895,9094712865
65433,606283411 65176,3147622491 60938,0104538357 65433,606283411 65176,3147622491 58518,7037075685
65433,606283411 65176,3147622491 61677,7846914412 65433,606283411 65176,3147622491 58335,265199134
65433,606283411 65176,3147622491 60938,0104538357 65433,606283411 65176,3147622491 57895,3924192917
65433,606283411 65176,3147622491 61449,6348921119 65433,606283411 65176,3147622491 57895,3924192917
65433,606283411 65176,3147622491 61541,7011238597 65433,606283411 65176,3147622491 57819,7776290326
65433,606283411 65176,3147622491 60757,8189238682 65433,606283411 65176,3147622491 58678,7330122618
65433,606283411 65176,3147622491 60217,6288935653 65433,606283411 65176,3147622491 58954,5029004113
65433,606283411 65176,3147622491 61116,7760737498 65433,606283411 65176,3147622491 57819,7776290326
65433,606283411 65176,3147622491 61905,7699610817 65433,606283411 65176,3147622491 58678,7330122618
65433,606283411 65176,3147622491 61770,8347087586 65433,606283411 65176,3147622491 57819,7776290326
65433,606283411 65176,3147622491 62361,5722349538 65433,606283411 65176,3147622491 58872,5340117553
65433,606283411 65176,3147622491 61292,8603568575 65433,606283411 65176,3147622491 58859,7054439111
65433,606283411 65176,3147622491 61478,4275448618 65433,606283411 65176,3147622491 57819,7776290326
65433,606283411 65176,3147622491 60406,281015128 65433,606283411 65176,3147622491 57865,3080351096
65433,606283411 65176,3147622491 61191,9418989918 65433,606283411 65176,3147622491 58678,7330122618
65433,606283411 65176,3147622491 60938,0104538357 65433,606283411 65176,3147622491 57819,7776290326
65433,606283411 65176,3147622491 61472,9220431319 65433,606283411 65176,3147622491 57895,3924192917
65433,606283411 65176,3147622491 61399,8981871245 65433,606283411 65176,3147622491 57819,7776290326
65433,606283411 65176,3147622491 61502,7407150691 65433,606283411 65176,3147622491 59070,8749194421
65433,606283411 65176,3147622491 61146,210643138 65433,606283411 65176,3147622491 58872,5340117553
65433,606283411 65176,3147622491 61945,1729137434 65433,606283411 65176,3147622491 57865,3080351096
65433,606283411 65176,3147622491 61927,8207161284 65433,606283411 65176,3147622491 58945,8886049367
65433,606283411 65176,3147622491 61598,3843078559 65433,606283411 65176,3147622491 58664,0890861718
65433,606283411 65176,3147622491 60847,005695558 65433,606283411 65176,3147622491 57895,3924192917
65433,606283411 65176,3147622491 60847,005695558 65433,606283411 65176,3147622491 58335,265199134
65433,606283411 65176,3147622491 61731,586566815 65433,606283411 65176,3147622491 57895,3924192917
65433,606283411 65176,3147622491 60757,8189238682 65433,606283411 65176,3147622491 57827,8571259064
65433,606283411 65176,3147622491 60746,1858915777 65433,606283411 65176,3147622491 57865,3080351096
65433,606283411 65176,3147622491 60222,7377742148 65433,606283411 65176,3147622491 58872,5340117553
65433,606283411 65176,3147622491 61835,0259661674 65433,606283411 65176,3147622491 58728,9651076967
65433,606283411 65176,3147622491 61731,586566815 65433,606283411 65176,3147622491 57819,7776290326
65433,606283411 65176,3147622491 61399,8981871245 65433,606283411 65176,3147622491 58335,265199134
65433,606283411 65176,3147622491 61946,9332468128 65433,606283411 65176,3147622491 57819,7776290326
65433,606283411 65176,3147622491 60938,0104538357 65433,606283411 65176,3147622491 58678,7330122618
65433,606283411 65176,3147622491 59865,6456163078 65433,606283411 65176,3147622491 57865,3080351096
65433,606283411 65176,3147622491 60638,2680179322 65433,606283411 65176,3147622491 57895,9094712865
65433,606283411 65176,3147622491 59865,6456163078 65433,606283411 65176,3147622491 57819,7776290326
65433,606283411 65176,3147622491 61270,3474050895 65433,606283411 65176,3147622491 58922,5644627381
65433,606283411 65176,3147622491 60222,7377742148 65433,606283411 65176,3147622491 57865,3080351096
65433,606283411 65176,3147622491 60612,4291503693 65433,606283411 65176,3147622491 57895,3924192917
65433,606283411 65176,3147622491 61196,1348158556 65433,606283411 65176,3147622491 58031,3795767502
65433,606283411 65176,3147622491 61449,6348921119 65433,606283411 65176,3147622491 58945,8886049367
65433,606283411 65176,3147622491 61919,2656342652 65433,606283411 65176,3147622491 57819,7776290326
65433,606283411 65176,3147622491 60328,558749039 65433,606283411 65176,3147622491 58283,3193237145
65433,606283411 65176,3147622491 62248,962582788 65433,606283411 65176,3147622491 59337,4186191265
65433,606283411 65176,3147622491 61598,3843078559 65433,606283411 65176,3147622491 57615,425448829
65433,606283411 65176,3147622491 61551,7178233045 65433,606283411 65176,3147622491 57819,7776290326
65433,606283411 65176,3147622491 61439,6345368541 65433,606283411 65176,3147622491 57865,3080351096
65433,606283411 65176,3147622491 61919,2656342652 65433,606283411 65176,3147622491 57895,9094712865
65433,606283411 65176,3147622491 61915,5127627605 65433,606283411 65176,3147622491 58335,265199134
65433,606283411 65176,3147622491 62166,3417332058 65433,606283411 65176,3147622491 58859,7054439111
65433,606283411 65176,3147622491 62112,8888505726 65433,606283411 65176,3147622491 58335,265199134
65433,606283411 65176,3147622491 61518,4238340481 65433,606283411 65176,3147622491 59239,1324288377
65433,606283411 65176,3147622491 59865,6456163078 65433,606283411 65176,3147622491 57895,9094712865
65433,606283411 65176,3147622491 60612,4291503693 65433,606283411 65176,3147622491 57865,3080351096
65433,606283411 65176,3147622491 60222,7377742148 65433,606283411 65176,3147622491 58723,0024835433
65433,606283411 65176,3147622491 61511,5089323467 65433,606283411 65176,3147622491 58664,0890861718
65433,606283411 65176,3147622491 60612,4291503693 65433,606283411 65176,3147622491 57819,7776290326
65433,606283411 65176,3147622491 60757,8189238682 65433,606283411 65176,3147622491 57856,1465753163
65433,606283411 65176,3147622491 61960,8625918156 65433,606283411 65176,3147622491 57895,3924192917
65433,606283411 65176,3147622491 60826,0438230494 65433,606283411 65176,3147622491 58723,0024835433
65433,606283411 65176,3147622491 61694,8120648977 65433,606283411 65176,3147622491 57895,3924192917
65433,606283411 65176,3147622491 61518,4238340481 65433,606283411 65176,3147622491 57895,3924192917
65433,606283411 65176,3147622491 62172,8182697734 65433,606283411 65176,3147622491 57819,7776290326
65433,606283411 65176,3147622491 61419,6261327161 65433,606283411 65176,3147622491 57865,3080351096
65433,606283411 65176,3147622491 61165,4884549418 65433,606283411 65176,3147622491 58972,9093528151
65433,606283411 65176,3147622491 60179,2888909209 65433,606283411 65176,3147622491 58972,9093528151
65433,606283411 65176,3147622491 61116,7760737498 65433,606283411 65176,3147622491 58031,3795767502
65433,606283411 65176,3147622491 61502,7407150691 65433,606283411 65176,3147622491 58723,0024835433
65433,606283411 65176,3147622491 61927,8207161284 65433,606283411 65176,3147622491 58302,1865273619
65433,606283411 65176,3147622491 61146,210643138 65433,606283411 65176,3147622491 57895,9094712865
65433,606283411 65176,3147622491 61156,9667752329 65433,606283411 65176,3147622491 57865,3080351096
65433,606283411 65176,3147622491 61449,6348921119 65433,606283411 65176,3147622491 59162,4632668724
65433,606283411 65176,3147622491 62135,1029492714 65433,606283411 65176,3147622491 58859,7054439111
65433,606283411 65176,3147622491 61478,4275448618 65433,606283411 65176,3147622491 57895,3924192917
65433,606283411 65176,3147622491 60757,8189238682 65433,606283411 65176,3147622491 58723,0024835433
65433,606283411 65176,3147622491 61752,4351214564 65433,606283411 65176,3147622491 57895,3924192917
65433,606283411 65176,3147622491 61419,6261327161 65433,606283411 65176,3147622491 58678,7330122618
65433,606283411 65176,3147622491 60497,8358516715 65433,606283411 65176,3147622491 59094,2650180983
65433,606283411 65176,3147622491 61191,9418989918 65433,606283411 65176,3147622491 58678,7330122618
65433,606283411 65176,3147622491 61445,8213236273 65433,606283411 65176,3147622491 58945,8886049367
65433,606283411 65176,3147622491 60938,0104538357 65433,606283411 65176,3147622491 58031,3795767502
65433,606283411 65176,3147622491 60222,7377742148 65433,606283411 65176,3147622491 58475,6174156643
65433,606283411 65176,3147622491 61165,4884549418 65433,606283411 65176,3147622491 57865,3080351096
65433,606283411 65176,3147622491 61518,4238340481 65433,606283411 65176,3147622491 57668,7388712
65433,606283411 65176,3147622491 61196,1348158556 65433,606283411 65176,3147622491 57819,7776290326
65433,606283411 65176,3147622491 62080,3992328102 65433,606283411 65176,3147622491 58664,0890861718
65433,606283411 65176,3147622491 61270,3474050895 65433,606283411 65176,3147622491 58859,7054439111
65433,606283411 65176,3147622491 60826,0438230494 65433,606283411 65176,3147622491 57819,7776290326
65433,606283411 65176,3147622491 62174,3605855173 65433,606283411 65176,3147622491 57895,9094712865
65433,606283411 65176,3147622491 61451,323955169 65433,606283411 65176,3147622491 57865,3080351096
65433,606283411 65176,3147622491 61439,6345368541 65433,606283411 65176,3147622491 57943,0273112311
65433,606283411 65176,3147622491 60826,0438230494 65433,606283411 65176,3147622491 57895,9094712865
65433,606283411 65176,3147622491 62127,0410343888 65433,606283411 65176,3147622491 58335,265199134
65433,606283411 65176,3147622491 61451,323955169 65433,606283411 65176,3147622491 58664,0890861718
65433,606283411 65176,3147622491 61789,5092887913 65433,606283411 65176,3147622491 58664,0890861718
65433,606283411 65176,3147622491 61346,8225881867 65433,606283411 65176,3147622491 57819,7776290326
65433,606283411 65176,3147622491 59865,6456163078 65433,606283411 65176,3147622491 57819,7776290326
65433,606283411 65176,3147622491 60406,281015128 65433,606283411 65176,3147622491 57702,2430978957
65433,606283411 65176,3147622491 60757,8189238682 65433,606283411 65176,3147622491 58335,265199134
65433,606283411 65176,3147622491 59865,6456163078 65433,606283411 65176,3147622491 58859,7054439111
65433,606283411 65176,3147622491 61298,1449529186 65433,606283411 65176,3147622491 58031,3795767502
65433,606283411 65176,3147622491 60217,6288935653 65433,606283411 65176,3147622491 57819,7776290326
65433,606283411 65176,3147622491 61346,8225881867 65433,606283411 65176,3147622491 57819,7776290326
65433,606283411 65176,3147622491 60746,1858915777 65433,606283411 65176,3147622491 58664,0890861718
65433,606283411 65176,3147622491 62005,8206259066 65433,606283411 65176,3147622491 58664,0890861718
65433,606283411 65176,3147622491 61472,9220431319 65433,606283411 65176,3147622491 58909,7442323906
65433,606283411 65176,3147622491 61848,0607492683 65433,606283411 65176,3147622491 58031,3795767502
65433,606283411 65176,3147622491 61676,7568724333 65433,606283411 65176,3147622491 58872,5340117553
65433,606283411 65176,3147622491 61445,9491051024 65433,606283411 65176,3147622491 58335,265199134
65433,606283411 65176,3147622491 62014,0017466763 65433,606283411 65176,3147622491 57819,7776290326
65433,606283411 65176,3147622491 61839,2485574003 65433,606283411 65176,3147622491 57895,9094712865
65433,606283411 65176,3147622491 61292,8603568575 65433,606283411 65176,3147622491 57865,3080351096
65433,606283411 65176,3147622491 61752,4351214564 65433,606283411 65176,3147622491 57895,3924192917
65433,606283411 65176,3147622491 61146,210643138 65433,606283411 65176,3147622491 58909,7442323906
65433,606283411 65176,3147622491 60222,7377742148 65433,606283411 65176,3147622491 59116,2521926249
65433,606283411 65176,3147622491 61581,7698351617 65433,606283411 65176,3147622491 58859,7054439111
65433,606283411 65176,3147622491 61270,3474050895 65433,606283411 65176,3147622491 57865,3080351096
65433,606283411 65176,3147622491 61191,7542606682 65433,606283411 65176,3147622491 59178,0607479152
65433,606283411 65176,3147622491 61502,5335514833 65433,606283411 65176,3147622491 57865,3080351096
65433,606283411 65176,3147622491 61165,4884549418 65433,606283411 65176,3147622491 57865,3080351096
65433,606283411 65176,3147622491 60486,517023061 65433,606283411 65176,3147622491 58335,265199134
65433,606283411 65176,3147622491 61292,8603568575 65433,606283411 65176,3147622491 58664,0890861718
65433,606283411 65176,3147622491 61472,9220431319 65433,606283411 65176,3147622491 59479,9617764518
65433,606283411 65176,3147622491 61377,7160438128 65433,606283411 65176,3147622491 58954,5029004113
65433,606283411 65176,3147622491 62135,1029492714 65433,606283411 65176,3147622491 57819,7776290326
65433,606283411 65176,3147622491 60638,2680179322 65433,606283411 65176,3147622491 58678,7330122618
65433,606283411 65176,3147622491 61863,11155182 65433,606283411 65176,3147622491 58335,265199134
65433,606283411 65176,3147622491 60486,517023061 65433,606283411 65176,3147622491 57865,3080351096
65433,606283411 65176,3147622491 61677,7846914412 65433,606283411 65176,3147622491 57865,3080351096
65433,606283411 65176,3147622491 59865,6456163078 65433,606283411 65176,3147622491 57895,3924192917
65433,606283411 65176,3147622491 61116,7760737498 65433,606283411 65176,3147622491 58031,3795767502
65433,606283411 65176,3147622491 60486,517023061 65433,606283411 65176,3147622491 57895,3924192917
65433,606283411 65176,3147622491 61502,7407150691 65433,606283411 65176,3147622491 58664,0890861718
65433,606283411 65176,3147622491 60938,0104538357 65433,606283411 65176,3147622491 58664,0890861718
65433,606283411 65176,3147622491 60179,2888909209 65433,606283411 65176,3147622491 57819,7776290326
65433,606283411 65176,3147622491 61598,3843078559 65433,606283411 65176,3147622491 58723,0024835433
65433,606283411 65176,3147622491 60328,558749039 65433,606283411 65176,3147622491 57819,7776290326
65433,606283411 65176,3147622491 60217,6288935653 65433,606283411 65176,3147622491 58723,0024835433
65433,606283411 65176,3147622491 59865,6456163078 65433,606283411 65176,3147622491 57895,9094712865
65433,606283411 65176,3147622491 61990,8738394754 65433,606283411 65176,3147622491 58678,7330122618
65433,606283411 65176,3147622491 61116,7760737498 65433,606283411 65176,3147622491 58872,5340117553
65433,606283411 65176,3147622491 61298,1449529186 65433,606283411 65176,3147622491 57819,7776290326
65433,606283411 65176,3147622491 60222,7377742148 65433,606283411 65176,3147622491 57819,7776290326
65433,606283411 65176,3147622491 61116,7760737498 65433,606283411 65176,3147622491 57865,3080351096
65433,606283411 65176,3147622491 60638,2680179322 65433,606283411 65176,3147622491 58945,8886049367
65433,606283411 65176,3147622491 60746,1858915777 65433,606283411 65176,3147622491 58031,3795767502
65433,606283411 65176,3147622491 61547,6273661787 65433,606283411 65176,3147622491 58335,265199134
65433,606283411 65176,3147622491 61753,0213448412 65433,606283411 65176,3147622491 58872,5340117553
65433,606283411 65176,3147622491 61116,7760737498 65433,606283411 65176,3147622491 58922,5644627381
65433,606283411 65176,3147622491 61735,8148805603 65433,606283411 65176,3147622491 57895,9094712865
65433,606283411 65176,3147622491 61944,7192769007 65433,606283411 65176,3147622491 57895,3924192917
65433,606283411 65176,3147622491 60328,558749039 65433,606283411 65176,3147622491 57895,9094712865
65433,606283411 65176,3147622491 61672,88118279 65433,606283411 65176,3147622491 58859,7054439111
65433,606283411 65176,3147622491 60612,4291503693 65433,606283411 65176,3147622491 58664,0890861718
65433,606283411 65176,3147622491 60612,4291503693 65433,606283411 65176,3147622491 58969,4732424133
65433,606283411 65176,3147622491 60938,0104538357 65433,606283411 65176,3147622491 57819,7776290326
65433,606283411 65176,3147622491 61541,7011238597 65433,606283411 65178,0023145888 57865,3080351096
65433,606283411 65176,3147622491 60847,005695558 65433,606283411 65178,0023145888 58678,7330122618
65433,606283411 65176,3147622491 60826,0438230494 65433,606283411 65178,0023145888 58664,0890861718
65433,606283411 65176,3147622491 61725,0155165852 65433,606283411 65179,256166106 58872,5340117553
65433,606283411 65176,3147622491 62212,4079821662 65433,606283411 65179,256166106 57819,7776290326
65433,606283411 65176,3147622491 61547,6273661787 65433,606283411 65179,256166106 57865,3080351096
65433,606283411 65176,3147622491 61472,9220431319 65433,606283411 65179,256166106 58859,7054439111
65433,606283411 65176,3147622491 61511,5089323467 65433,606283411 65179,256166106 58969,4732424133
65433,606283411 65176,3147622491 62413,8939108749 65433,606283411 65179,256166106 57895,9094712865
65433,606283411 65176,3147622491 60217,6288935653 65433,606283411 65179,256166106 58335,265199134
65433,606283411 65176,3147622491 61165,4884549418 65433,606283411 65179,256166106 58335,265199134
65433,606283411 65179,256166106 60612,4291503693 65433,606283411 65179,256166106 58909,7442323906
65433,606283411 65179,256166106 61702,0347769047 65433,606283411 65179,256166106 57865,3080351096
65433,606283411 65179,256166106 60938,0104538357 65433,606283411 65179,256166106 58909,7442323906
65433,606283411 65179,256166106 61146,210643138 65433,606283411 65179,256166106 57865,3080351096
65433,606283411 65179,256166106 59865,6456163078 65433,606283411 65179,256166106 58945,8886049367
65433,606283411 65179,256166106 61511,6091068748 65433,606283411 65179,256166106 58031,3795767502
65433,606283411 65179,256166106 61547,6273661787 65433,606283411 65179,256166106 58335,265199134
65433,606283411 65179,256166106 61747,9353059439 65433,606283411 65179,256166106 58954,5029004113
65433,606283411 65179,256166106 61191,9418989918 65433,606283411 65179,256166106 58723,0024835433
65433,606283411 65179,256166106 62142,1604838687 65433,606283411 65179,256166106 57865,3080351096
65433,606283411 65179,256166106 61116,7760737498 65433,606283411 65179,256166106 57895,9094712865
65433,606283411 65179,256166106 61191,9418989918 65433,606283411 65179,256166106 58335,265199134
65433,606283411 65179,256166106 62092,2421969757 65433,606283411 65179,256166106 58859,7054439111
65433,606283411 65179,256166106 60406,281015128 65433,606283411 65179,256166106 57819,7776290326
65433,606283411 65179,256166106 61785,0643575162 65433,606283411 65179,256166106 57849,2987821959
65433,606283411 65179,256166106 61458,7994479076 65433,606283411 65179,256166106 58678,7330122618
65433,606283411 65179,256166106 60217,6288935653 65433,606283411 65179,256166106 58954,5029004113
65433,606283411 65179,256166106 62310,7022999531 65433,606283411 65179,256166106 58945,8886049367
65433,606283411 65179,256166106 60847,005695558 65433,606283411 65179,256166106 57895,9094712865
65433,606283411 65179,256166106 61511,5089323467 65433,606283411 65179,256166106 57895,3924192917
65433,606283411 65179,256166106 62438,2363915809 65433,606283411 65179,256166106 58945,8886049367
65433,606283411 65179,256166106 61533,7158458973 65433,606283411 65179,256166106 57895,9094712865
65433,606283411 65179,256166106 61705,2593759584 65433,606283411 65179,256166106 57895,3924192917
65433,606283411 65179,256166106 61191,9418989918 65433,606283411 65179,256166106 57819,7776290326
65433,606283411 65179,256166106 61191,9418989918 65433,606283411 65179,256166106 59054,5788344781
65433,606283411 65179,256166106 61445,8213236273 65433,606283411 65179,256166106 58872,5340117553
65433,606283411 65179,256166106 61905,7699610817 65433,606283411 65179,256166106 57819,7776290326
65433,606283411 65179,256166106 60612,4291503693 65433,606283411 65179,256166106 57895,3924192917
65433,606283411 65179,256166106 60486,517023061 65433,606283411 65179,256166106 57895,3924192917
65433,606283411 65179,256166106 61191,7542606682 65433,606283411 65179,256166106 58969,4732424133
65433,606283411 65179,256166106 62009,0091283682 65433,606283411 65179,256166106 58031,3795767502
65433,606283411 65179,256166106 61518,4238340481 65433,606283411 65179,256166106 58335,265199134
65433,606283411 65179,256166106 61449,6348921119 65433,606283411 65179,256166106 58664,0890861718
65433,606283411 65179,256166106 61377,7160438128 65433,606283411 65179,256166106 58664,0890861718
65433,606283411 65179,256166106 60406,281015128 65433,606283411 65179,256166106 58909,7442323906
65433,606283411 65179,256166106 62183,9814937767 65433,606283411 65179,256166106 58954,5029004113
65433,606283411 65179,256166106 61324,5068654757 65433,606283411 65179,256166106 58031,3795767502
65433,606283411 65179,256166106 61502,7407150691 65433,606283411 65179,256166106 57819,7776290326
65433,606283411 65179,256166106 62212,4079821662 65433,606283411 65179,256166106 58922,5644627381
65433,606283411 65179,256166106 61946,9332468128 65433,606283411 65179,256166106 58954,5029004113
161,164203548449
65433,606283411 64916,9847725858
