25459,3433107365 22730,0863722137 -17585,7501383499 26765,3856182786 23076,1693350152 -19416,1231904028
25459,3433107365 22730,0863722137 -17585,7501383499 26765,3856182786 23076,1693350152 -19416,1231904028
27732,4584916215 25837,5666734239 -8249,00057813965 28699,2178031739 24854,1716061059 -8067,30999992011
29125,8908087191 27932,7415275899 -6560,20890987293 28699,2178031739 26536,6746255981 2409,35875947369
32534,9692782046 30569,3968071379 228,481975471819 29261,5020431795 28155,1717249601 5145,67469558369
34506,2148605345 32415,513629391 1227,89878230516 32681,8298983123 30064,9061599953 8411,75124629809
36323,4817355691 34451,9891369535 -1566,86777205061 34873,2807304624 31739,1928540384 10719,4854303593
37783,1756297798 35938,2350083249 12660,8544474574 34873,2807304624 32695,5992355631 10806,1560756226
39524,9544779335 37831,1595827068 9766,00283684496 36572,6282278319 33911,582874228 12544,0019213084
39672,0386310625 38714,981373317 13955,7567279742 36810,9974372684 34854,9055348498 16549,5919488272
42119,7708384756 40046,9714375716 12738,4385617348 37903,0784724674 35989,5881685125 18008,0612275454
42671,5385373873 40970,3567536567 15177,3243947504 38805,590773291 36442,184458715 17036,6920187452
43927,8540514186 41884,3110675062 18434,0669732069 39443,7452358616 37723,4735334129 18813,5165955777
45216,971218801 42803,962656336 14854,685493547 40400,1640726345 38213,3594063906 20157,8243965444
46380,4360762083 43593,6232946849 17625,7213605731 40900,9955474253 38844,7665351495 18768,8657883367
46626,1337964712 44260,8021438474 21287,7184278932 42960,9178160585 39966,9776158061 18583,7411069141
46905,1907892274 44859,7378863573 26507,2088591143 43930,574746625 40613,0742318957 17789,8124651424
48032,6984051225 45593,6324339193 21254,3131136254 44532,9885694057 41186,7928573603 23258,9352037193
48201,7368917174 46185,8900107411 15890,7534192411 45258,0030446117 41635,8272056164 23073,512204988
48675,9359291108 46647,8455696506 16750,5988664678 45711,9681722385 41885,3131252985 22829,2201564083
48873,3754807074 47020,7265998358 22795,5347886826 45519,8454356485 42320,975789964 22537,2534678313
48873,3754807074 47020,7265998358 22795,5347886826 48675,9359291108 46627,43406819 24144,710269952
49680,2380272984 47643,2038376875 27213,0762260659 49071,1902186774 46897,917020391 27780,9005965638
50230,8312005242 48137,2350936155 26607,7100457408 49626,1975772801 47243,3308750192 31080,9662800423
51194,5652595993 48675,2052655147 16886,9240415593 49492,5245952135 47524,5787144 32371,9436802022
51524,1895065657 48971,0987829703 26720,2711022831 49967,8174710691 47924,0961931068 30321,4197172016
51900,5750805697 49418,8199690959 26443,6508676251 49967,8174710691 48211,8529124264 27411,9772128033
52163,8564913773 49955,5177771885 31812,1063189639 50265,6977057077 48364,4919453584 28539,1736586302
52625,2585033574 50288,1709946219 33224,3554246181 50386,2652842431 48576,2017863033 32586,4636567017
52682,8995623751 50822,6720434226 33148,2704137887 50519,5354897095 48802,2478513974 32814,5369637217
53016,923020597 51050,2462060926 33439,8294033242 50826,4952881756 49027,5078142103 34194,9480087828
53238,9873424096 51360,7687860531 34092,9529817038 50826,4952881756 49175,8450050791 34114,1432544621
53474,6386860464 51601,9511263273 32744,2588730404 50949,7831416173 49582,3149595592 31440,5445223618
53763,4182005737 51935,0944558673 36142,2132653935 51074,1811755219 49780,0697689803 32462,2050117414
54254,9813126047 52307,3890396434 33177,3706468792 51382,2668693445 50021,9992063895 33422,0101644683
54257,0786612798 52432,1605919546 36430,9464185207 51549,5000587797 50290,5945448376 32609,3335625664
54612,219081257 52622,7406588424 34238,5660674641 51549,5000587797 50570,8631891706 34237,9639485211
54635,436233962 52773,0515296953 35643,553211179 51549,5000587797 50696,0098663261 32832,2095360903
54643,310160716 53013,9582012053 37477,8965878307 51627,5748922579 50769,8012905408 35169,0421849609
54874,4621894808 53246,8022103542 32004,4897478962 51754,169431194 51021,2941187298 34648,9903427875
55300,6708970231 53457,4628336293 40865,6087119189 51802,8872254612 51174,9368408339 35683,4992381245
55300,6708970231 53457,4628336293 35696,8747714593 54874,4621894808 53317,5113669555 35696,8747714593
55300,6708970231 53569,6844442497 40038,7673382725 54827,9013582143 53378,1735344293 36374,2301961058
55468,9001968512 53673,650039137 37519,6342145985 55013,7603012353 53495,6993176853 34446,9437359476
55468,9001968512 53740,8780351828 40620,9758983015 54863,6967764224 53665,4902213173 37330,8254375763
55468,9001968512 53948,5878317307 40559,3717031658 54996,1306580424 53742,0978775515 39053,8398329634
55737,5562371357 54133,1322341467 36553,9538967853 54996,1306580424 53820,009322826 37617,1195973825
55737,5562371357 54268,7747957556 36268,0016827155 55135,7370513151 53877,8751653133 36601,6265203843
55823,507381638 54332,1734309225 34971,8286258533 55135,7370513151 54036,1015335199 36535,4641636244
55878,2140006677 54493,8808594799 38374,1504952244 55305,6525369772 54156,5294716468 37162,4063645769
55964,16514517 54563,8252957996 40572,7545451474 55337,7946644751 54205,2913619771 38087,5890403635
56076,7834790231 54624,4771722462 42734,4174072747 55337,7946644751 54220,4658681314 37187,2312538511
56217,4412425551 54664,6109715547 42497,8412233312 55707,3869919078 54416,596487315 39003,0412110589
56217,4412425551 54683,0660211255 41624,3911276017 55386,7651144829 54522,3668485698 34739,9248194708
56378,7034406472 54809,0886467104 39155,0153185863 55547,1089246816 54554,1659432426 37232,2059597995
56378,7034406472 55018,6603641424 42557,5868295753 55715,8234406983 54604,7790486895 37533,6432176124
56378,7034406472 55121,4832021178 38785,5229596617 55715,8234406983 54667,2425938765 37680,6960874063
56378,7034406472 55168,3705951977 41042,772911879 55777,0224533119 54728,5621223392 38110,5963282653
56584,4675185416 55250,5847045245 39214,9968175694 55777,0224533119 54777,4005524479 37416,7048254256
56864,9088158105 55354,9350890817 36766,8324330852 55777,0224533119 54889,0648699835 36548,4128624042
56864,9088158105 55460,4879169476 41009,2225713637 56255,2886236495 54990,6976714835 37416,7048254256
56864,9088158105 55570,0504167659 41009,2225713637 56864,9088158105 55421,9693409096 41009,2225713637
57070,6728937049 55742,4846228338 39211,1813298157 56626,41145374 55471,8256095911 40194,9707474851
57103,7876837044 55801,0915212411 41715,5849321889 56694,6340068804 55604,0327741596 38439,1016483394
57234,327128838 55863,7977152376 41793,5328461879 56888,1431604672 55737,5838660203 39304,7681028894
57708,9407128071 55962,8207075483 36334,9999829182 56888,1431604672 55728,5522384156 39116,5574510062
57708,9407128071 56091,2849972374 39820,2759473912 56888,1431604672 55848,2494085152 37980,5185487083
57742,0555028066 56213,7325723755 39210,2739155756 56888,1431604672 55897,2694114294 40520,267380703
57751,7276656561 56313,1004734507 43229,403952526 56888,1431604672 55988,3407342385 39330,0884935748
57763,395022615 56367,7460817321 42573,7800779674 56927,1579375429 55987,8200167864 37188,8597780403
57829,8439867509 56432,8267866534 39368,6136927514 57084,5620030837 56068,6266572233 37217,9438070208
57876,7235036145 56526,3241958514 37000,9566099137 57087,1956973865 56120,9075292717 40079,5209588889
57918,305914984 56539,6946814842 42817,3407902375 57087,1956973865 56215,307954558 39294,3960551957
58010,8357853664 56601,6531466327 42783,2161879357 57190,5391903519 56200,9991028344 41396,7185890676
58307,2440733392 56680,799862602 43052,7607617465 57190,5391903519 56259,5371445039 38648,5872121694
58321,0437130329 56745,2689306528 41420,6639161259 57202,8473850885 56300,7291775226 38871,3817101685
58365,7690595065 56779,4635834666 38676,8035610201 57409,1834384223 56345,8193704168 38559,271257236
58426,8422238139 56824,5761107686 41858,423519495 57409,1834384223 56362,0961714976 40033,75779952
58485,3672099811 56853,3565708498 44299,0362905724 57409,1834384223 56509,1213600498 39090,3582730261
58683,6321994938 56913,2589517695 41509,2183136501 57409,1834384223 56532,2112430697 39912,469352291
58683,6321994938 56973,9909772676 43465,7716082207 57409,1834384223 56557,1496989697 38310,442702535
58683,6321994938 57045,4027234363 43465,7716082207 58683,6321994938 57078,5287236086 38310,442702535
58683,6321994938 57147,9207917228 43446,2132242318 58683,6321994938 57215,9854006392 39314,8176234315
58683,6321994938 57305,6051277262 40004,1232895425 58683,6321994938 57286,8359297765 41696,5086044038
58683,6321994938 57380,3679528522 45043,3504363404 58683,6321994938 57330,136536888 40190,1865436051
58683,6321994938 57445,7273784076 44857,8199300123 58847,7043952734 57376,8149962266 39944,4291770477
58683,6321994938 57497,2550688618 41709,5077766898 58847,7043952734 57414,5535427914 39366,4719230247
58683,6321994938 57555,7634580055 40920,2865355571 58847,7043952734 57424,9056624494 40607,2555436425
58683,6321994938 57605,5207024026 44452,8107920343 58847,7043952734 57481,4793235379 40767,158653844
58844,8484998986 57651,6160872739 39132,5245668449 58892,9580858705 57508,9791921539 40055,8956505923
58844,8484998986 57665,1596513569 44663,4772630015 58914,9152006705 57541,3098855376 42284,3850575718
58844,8484998986 57748,8499260018 41860,4436502635 58893,7250342688 57552,753433175 40705,2763295739
58850,8050091788 57782,227646396 40741,3442209183 58944,2813942775 57592,9869944657 40213,964399571
58892,9604800069 57805,1595437543 46322,2230692142 58944,2813942775 57575,8754747494 40456,3955659361
58895,1253607265 57805,3760318262 42455,3138303875 58944,3635468158 57628,8344339348 40213,964399571
58895,1253607265 57868,4934768362 44916,3854543487 58995,7128366554 57664,2726525161 41814,4278377309
59013,8946495515 57880,3704057187 44335,3545131116 58995,7128366554 57678,0186629846 40486,0466951077
59022,9739198016 57895,2208599461 42197,4425060094 59004,4952237872 57730,9921575758 40664,1389282341
59266,252385522 57927,2079467756 41393,9287026883 59020,9574489247 57750,8902331321 39744,7661882472
59344,8788280994 57960,5551567505 44892,7648725092 59026,4523385871 57759,2761959121 42302,6443248591
59396,2658253167 57965,6938564723 44921,5700007295 59026,4523385871 57784,3784907029 39744,7661882472
59396,2658253167 58080,8433247181 44921,5700007295 59396,2658253167 58121,7004654424 39744,7661882472
59396,2658253167 58151,9062132303 43465,0347749198 59396,2658253167 58134,3876308715 40296,9835636182
59396,2658253167 58184,4038179111 46847,0778469101 59396,2658253167 58140,9187356566 42192,5332156928
59396,2658253167 58166,8529037291 43001,4134134156 59396,2658253167 58150,234078954 40081,8711529189
59543,807574846 58186,9481116637 47102,8570743486 59396,2658253167 58197,5972014854 41525,8487099765
59543,807574846 58210,7393632478 43904,4504467027 59300,1432556813 58189,7583862287 40348,1975521377
59543,807574846 58216,5331177731 43841,8333907015 59449,6238229828 58226,9279178308 41984,3087148662
59543,807574846 58226,4570013784 48071,2115559178 59501,1161356379 58252,5445691289 41039,6647376309
59543,807574846 58234,5842932039 45287,6830858632 59501,1161356379 58258,51035347 44074,1885060316
59543,807574846 58251,0806360253 43271,2889367184 59501,1161356379 58274,617976824 40815,6779487364
59543,807574846 58251,0806360253 47031,1415210249 59501,1161356379 58292,1333428395 44069,7213173938
59543,807574846 58254,2584965296 39111,9290895019 59501,1161356379 58307,7631971764 41302,9952455357
59543,807574846 58270,4532143693 46346,5576035389 59510,9875856425 58310,805241582 44276,3131954332
59543,807574846 58309,2823732353 46972,686229677 59547,8286260985 58318,1364887267 41263,3363901504
59776,4261378315 58341,4400158634 45249,0458052528 59557,6689119334 58318,2367044713 41125,2314361782
59776,4261378315 58387,5170464976 43709,1444341556 59661,2999868521 58335,7334181919 43511,1571097448
59794,2066009164 58389,2950928061 44287,250696146 59661,2999868521 58351,5881892269 40369,9142621828
59794,2066009164 58392,5357560942 46811,0331541018 59661,2999868521 58353,1951495986 40021,4855323708
59794,2066009164 58418,8329010048 45313,310324173 59667,9268767978 58353,4102696778 40369,9142621828
59794,2066009164 58450,6045584992 43503,1721735919 59707,4331272911 58365,5766089327 41217,5951458263
59794,2066009164 58524,236550034 43503,1721735919 59794,2066009164 58524,7305041942 41217,5951458263
59794,2066009164 58536,2142724606 44546,6910590251 59794,2066009164 58525,516279016 41768,7559540943
59794,2066009164 58537,0390712473 44116,2733708503 59869,2037177848 58598,9176406126 41768,7559540943
59794,2066009164 58545,7916821873 45473,8464599194 59841,6747512451 58600,4739757616 40878,3279628697
59794,2066009164 58545,7916821873 45232,2174858207 59841,6747512451 58614,9540145069 43434,7606214484
59794,2066009164 58545,7916821873 44671,8398788027 59859,4545655989 58621,0692238451 42552,508780934
59794,2066009164 58545,7916821873 44078,4511494259 59859,4545655989 58648,1374203005 40993,9390538315
59794,2066009164 58552,7317630579 45604,69423346 59999,070400447 58672,7746460714 41234,2283264525
59794,2066009164 58552,7317630579 40415,0614793474 59859,4545655989 58668,0897540458 41627,0454517795
59794,2066009164 58559,8407443121 45281,8803194814 59872,3384270026 58665,6905805145 44489,4467229317
59794,2066009164 58559,8407443121 45956,5398709524 59872,3384270026 58679,9079913272 42365,8385668785
59859,4545655989 58577,0836349389 45974,4282818043 59872,3384270026 58681,4595239595 40073,8425326136
59859,4545655989 58577,0836349389 49796,5982149399 59910,4920681516 58685,7849036534 42618,9397615895
59859,4545655989 58580,2780453228 46412,0566715213 59910,4920681516 58693,6780966004 42530,0149831851
59859,4545655989 58584,355436125 45463,879347066 59910,4920681516 58704,9724246081 44059,5197119775
59859,4545655989 58585,4831413835 45160,8788405504 59910,4920681516 58704,4624090291 41607,8196316686
59859,4545655989 58594,2071129324 45854,2454577223 59910,4920681516 58704,5881958589 40748,9754548784
59859,4545655989 58618,7970800603 45787,7677220576 59910,4920681516 58708,4853922152 41379,3947988589
59859,4545655989 58618,7970800603 45313,310324173 59910,4920681516 58710,3289869235 42806,9729786763
59859,4545655989 58618,7970800603 45938,0661314656 59945,642204706 58713,844000579 42530,0149831851
59910,4920681516 58721,1573006214 42530,0149831851 59945,642204706 58724,6723142768 42530,0149831851
59910,4920681516 58739,9818568477 44707,2717868406 59910,4920681516 58738,657603934 41447,2097306441
59910,4920681516 58748,9129811571 43929,9469674878 59910,4920681516 58739,6043769665 41426,389357908
59910,4920681516 58770,8652116408 46051,1070319896 59910,4920681516 58745,1969503635 41725,9793791083
59910,4920681516 58784,4247413336 41604,0664853728 59910,4920681516 58754,8617712735 43843,0735433051
59910,4920681516 58788,9204756135 48461,9529038726 59910,4920681516 58767,0909645082 44330,542963414
59910,4920681516 58801,1496688481 44822,0375343525 59910,4920681516 58767,0909645082 40831,6190876617
59910,4920681516 58803,5153555609 44315,9419321727 60058,9097565805 58781,9327333511 41974,3478540003
59910,4920681516 58803,5153555609 45797,1161250066 60058,9097565805 58792,0685918255 41447,2097306441
59910,4920681516 58817,2615624265 46194,7943644366 60058,9097565805 58792,0685918255 43844,7622024553
59910,4920681516 58817,2615624265 47142,5495738468 60058,9097565805 58799,3401881324 41447,2097306441
59910,4920681516 58817,2615624265 46132,9017293234 60058,9097565805 58799,3401881324 41627,082636265
59910,4920681516 58820,7286552525 47334,7150023554 60058,9097565805 58802,3514892469 42062,3633555028
59938,251063657 58823,5045548031 46519,4312013757 60076,1930869379 58804,5898378617 43863,8647599226
59938,251063657 58828,8365655412 45684,1123537229 60058,9097565805 58802,8615048259 42550,629074066
59938,251063657 58828,8365655412 44315,9419321727 60076,1930869379 58804,5898378617 41179,3436436816
59946,4284449797 58831,2108187444 47689,3832701916 60076,1930869379 58806,0550855071 44175,0966057757
59946,4284449797 58876,3591564028 45868,3067752222 60076,1930869379 58810,602261342 44081,4918987072
59946,4284449797 58876,3591564028 41658,709847155 60076,1930869379 58808,4207722199 42550,629074066
59946,4284449797 58884,481326065 45279,1580485844 60076,1930869379 58809,1811286759 41853,0757939952
60076,1930869379 58915,5885898275 45279,1580485844 60076,1930869379 58907,4664201653 42062,3633555028
60094,8461334086 58931,6199805214 44436,1398370058 60076,1930869379 58912,8101745369 42003,0790047641
60120,4430516703 58934,1796723476 45582,3375540386 60076,1930869379 58912,8101745369 43542,7162186116
60120,4430516703 58934,1796723476 45781,4787699043 60076,1930869379 58912,8101745369 41475,9667535622
60120,4430516703 58934,1796723476 43456,1957970374 60076,1930869379 58920,9833265202 43456,6854765016
60120,4430516703 58934,1796723476 47334,7150023554 60076,1930869379 58920,9833265202 42579,386096984
60120,4430516703 58934,1796723476 42957,5207027331 60076,1930869379 58920,9833265202 41475,9667535622
60120,4430516703 58934,1796723476 47055,7462310586 60076,1930869379 58920,9833265202 42003,0790047641
60120,4430516703 58934,1796723476 45656,5488300307 60076,1930869379 58920,9833265202 42416,8112087156
60120,4430516703 58934,1796723476 40745,2590380811 60076,1930869379 58920,9833265202 42062,3633555028
60120,4430516703 58934,1796723476 47907,8257423163 60076,1930869379 58922,4485741657 41179,3436436816
60120,4430516703 58934,1796723476 45868,3067752222 60076,1930869379 58922,4485741657 43844,7622024553
60120,4430516703 58934,1796723476 47025,7334299211 60076,1930869379 58922,4485741657 42062,3633555028
60120,4430516703 58934,1796723476 48641,8587032004 60076,1930869379 58922,4485741657 41179,3436436816
60120,4430516703 58934,1796723476 46139,8421672823 60076,1930869379 58922,4485741657 42062,3633555028
60120,4430516703 58934,1796723476 44883,5867843824 60076,1930869379 58928,6876498116 42003,0790047641
60120,4430516703 58934,6343474124 48257,5924316937 60076,1930869379 58922,4485741657 42432,2226837673
60120,4430516703 58934,6343474124 46726,3369013662 60076,1930869379 58926,746800631 41179,3436436816
60120,4430516703 58936,0995950578 44661,5216921382 60076,1930869379 58922,4485741657 41475,9667535622
60120,4430516703 58936,0995950578 41658,709847155 60076,1930869379 58922,4485741657 43503,9590211033
60120,4430516703 58941,4433494294 41658,709847155 60120,4430516703 58941,4433494294 41658,709847155
60120,4430516703 58941,6133195546 41658,709847155 60120,4430516703 58941,4433494294 44886,8258633836
60120,4430516703 58941,6133195546 46252,2588863795 60120,4430516703 58941,4433494294 42062,3633555028
60120,4430516703 58941,6133195546 45248,0146338715 60120,4430516703 58947,6824250753 42899,8443938701
60120,4430516703 58941,6133195546 45001,9782193584 60120,4430516703 58947,6824250753 42416,8112087156
60120,4430516703 58941,6133195546 46582,5799032345 60120,4430516703 58947,6824250753 42089,0667630599
60120,4430516703 58941,6133195546 45676,9697967237 60120,4430516703 58947,6824250753 42062,3633555028
60120,4430516703 58944,8842751858 43125,8372853659 60120,4430516703 58947,6824250753 41970,579375203
60120,4430516703 58944,8842751858 45351,5162843165 60151,9600032372 58950,834120232 42579,386096984
60120,4430516703 58944,8842751858 47750,7562808256 60134,0137611822 58949,0394960265 42003,0790047641
60120,4430516703 58968,0872676965 41658,709847155 60151,9600032372 58950,834120232 42104,1099329696
60120,4430516703 58968,0872676965 46202,9079891182 60151,9600032372 58950,834120232 41179,3436436816
60120,4430516703 58968,0872676965 45959,0046822422 60151,9600032372 58950,834120232 43757,0780134213
60120,4430516703 58968,0872676965 44588,8106627538 60151,9600032372 58950,834120232 42104,1099329696
60120,4430516703 58968,0872676965 46229,1601060468 60151,9600032372 58950,834120232 41179,3436436816
60120,4430516703 58968,0872676965 45111,6427526963 60151,9600032372 58950,834120232 42924,020083365
60120,4430516703 58968,0872676965 40745,2590380811 60151,9600032372 58950,834120232 41179,3436436816
60120,4430516703 58968,0872676965 41932,4709302124 60151,9600032372 58950,834120232 43809,2067710885
60120,4430516703 58972,4464688265 43936,4575292167 60165,5307127491 58952,1911911832 42104,1099329696
60120,4430516703 58972,4464688265 44246,8184709075 60165,5307127491 58952,1911911832 41179,3436436816
60151,9600032372 58981,8372396291 44188,0921858471 60165,5307127491 58983,1943105803 41179,3436436816
60151,9600032372 58981,8372396291 43488,2143019907 60165,5307127491 58983,1943105803 42065,3132895257
60151,9600032372 58981,8372396291 43605,1182763564 60165,5307127491 58983,1943105803 42579,386096984
60151,9600032372 58981,8372396291 41658,709847155 60165,5307127491 58983,1943105803 40548,6734543328
60151,9600032372 58981,8372396291 40745,2590380811 60165,5307127491 58983,1943105803 42918,8480418119
60165,5307127491 58983,1943105803 45647,1039400194 60165,5307127491 58983,1943105803 40654,9489378888
60165,5307127491 58983,1943105803 49367,2692299424 60165,5307127491 58983,1943105803 41183,2001951028
60165,5307127491 58983,1943105803 41658,709847155 60165,5307127491 58983,1943105803 42104,1099329696
60165,5307127491 58983,1943105803 46252,2588863795 60165,5307127491 58983,1943105803 41640,2073891557
60165,5307127491 58983,1943105803 42957,5207027331 60165,5307127491 58983,1943105803 42416,8112087156
60165,5307127491 58983,1943105803 48498,0048151592 60165,5307127491 58983,1943105803 41475,9667535622
60165,5307127491 58983,1943105803 40745,2590380811 60165,5307127491 58984,6855943987 45087,8007901075
60165,5307127491 58983,1943105803 46697,8006293234 60165,5307127491 58984,6855943987 42329,6843628582
60165,5307127491 58983,1943105803 43723,8944659546 60165,5307127491 58984,6855943987 41475,9667535622
60165,5307127491 58983,1943105803 46310,7994106637 60165,5307127491 58984,6855943987 42579,386096984
60165,5307127491 58983,1943105803 47837,2809508924 60165,5307127491 58984,6855943987 42937,5181874229
60165,5307127491 58983,1943105803 44246,8184709075 60165,5307127491 58984,6855943987 41245,0318331977
60165,5307127491 58983,1943105803 44187,0562427795 60165,5307127491 58984,6855943987 41245,0318331977
60165,5307127491 58983,1943105803 42957,5207027331 60165,5307127491 58984,6855943987 41229,5816065157
60165,5307127491 58983,1943105803 45208,0808378641 60165,5307127491 58984,6855943987 42125,8046057126
60165,5307127491 58984,6855943987 43334,7045121142 60165,5307127491 58984,6855943987 42125,8046057126
60165,5307127491 58984,6855943987 44587,8736908938 60165,5307127491 58984,6855943987 44415,6376245599
60165,5307127491 58984,6855943987 47830,308717899 60165,5307127491 58984,6855943987 42579,386096984
60165,5307127491 58984,6855943987 44436,1398370058 60165,5307127491 58984,6855943987 43761,8658611321
60165,5307127491 58984,6855943987 43605,1182763564 60165,5307127491 58984,6855943987 41475,9667535622
60165,5307127491 58984,6855943987 40481,964905299 60165,5307127491 58984,6855943987 41224,2157723375
60165,5307127491 58984,6855943987 47039,4953040013 60165,5307127491 58987,7101981551 42579,386096984
60165,5307127491 58984,6855943987 45621,1545774096 60165,5307127491 58987,7101981551 42416,8112087156
60165,5307127491 58984,6855943987 49453,0706968581 60165,5307127491 58987,7101981551 42416,8112087156
60165,5307127491 58984,6855943987 45238,6244404857 60165,5307127491 58987,7101981551 42928,8489516463
60165,5307127491 58984,6855943987 43936,4575292167 60165,5307127491 58987,7101981551 42125,8046057126
60165,5307127491 58985,3080737802 42309,9489433316 60165,5307127491 58987,9541984378 41179,7210799516
60165,5307127491 58985,3080737802 47235,102466233 60165,5307127491 59001,7203400988 41475,9667535622
60165,5307127491 58985,3080737802 43936,4575292167 60165,5307127491 59009,7243395456 41245,0318331977
60165,5307127491 58985,3080737802 45701,9571508643 60165,5307127491 59009,7243395456 42104,1099329696
60165,5307127491 58985,3080737802 45846,9073585796 60165,5307127491 59009,7243395456 42125,8046057126
60165,5307127491 58985,3080737802 45517,6243056675 60165,5307127491 59009,7243395456 44251,5816266727
60165,5307127491 58985,3080737802 45452,7170572365 60165,5307127491 59013,1144331914 41245,0318331977
60165,5307127491 58985,3080737802 42957,5207027331 60165,5307127491 59009,9046303212 42125,8046057126
60165,5307127491 58985,3080737802 45238,6244404857 60165,5307127491 59009,7243395456 42125,8046057126
60165,5307127491 59009,7243395456 45600,5573756207 60165,5307127491 59009,7243395456 42125,8046057126
60165,5307127491 59010,5271097027 40481,964905299 60165,5307127491 59009,9046303212 42125,8046057126
60165,5307127491 59010,5271097027 44657,12447799 60165,5307127491 59009,9046303212 42055,5818599597
60165,5307127491 59010,5271097027 49664,9760878161 60165,5307127491 59009,9046303212 41970,579375203
60165,5307127491 59010,5271097027 47235,102466233 60165,5307127491 59009,9046303212 42937,5181874229
60165,5307127491 59010,5271097027 41797,9851481509 60165,5307127491 59009,9046303212 41475,9667535622
60165,5307127491 59010,5271097027 45517,6243056675 60165,5307127491 59009,9046303212 41475,9667535622
60165,5307127491 59010,5271097027 40481,964905299 60165,5307127491 59009,9046303212 41673,9578351802
60165,5307127491 59010,5271097027 40481,964905299 60165,5307127491 59010,1751778551 41245,0318331977
60165,5307127491 59010,5271097027 48091,1800379696 60165,5307127491 59009,9046303212 40107,7458548957
60165,5307127491 59013,7369125729 45238,6244404857 60165,5307127491 59009,9046303212 41245,0318331977
60165,5307127491 59013,7369125729 43688,3068557625 60165,5307127491 59009,9046303212 41245,0318331977
60165,5307127491 59013,7369125729 42309,9489433316 60165,5307127491 59011,2388684403 42104,1099329696
60165,5307127491 59013,7369125729 46859,6357085384 60165,5307127491 59011,2388684403 41475,9667535622
60165,5307127491 59013,7369125729 44657,12447799 60165,5307127491 59011,2388684403 43907,4783677259
60165,5307127491 59013,7369125729 46310,7994106637 60165,5307127491 59011,2388684403 41245,0318331977
60165,5307127491 59013,7369125729 47893,8850110874 60165,5307127491 59011,2388684403 42125,8046057126
60165,5307127491 59013,7369125729 41797,9851481509 60165,5307127491 59011,2388684403 42730,1666254975
60165,5307127491 59013,7369125729 49958,6370582262 60165,5307127491 59011,2388684403 42104,1099329696
60165,5307127491 59013,7369125729 44698,9526783586 60165,5307127491 59014,4486713105 41245,0318331977
60165,5307127491 59013,7369125729 42416,8112087156 60165,5307127491 59015,071150692 41245,0318331977
60165,5307127491 59013,7369125729 48609,319637357 60165,5307127491 59015,071150692 41970,579375203
60165,5307127491 59013,7369125729 43387,1006846857 60165,5307127491 59015,071150692 44854,0324308546
60165,5307127491 59016,3770979037 45793,0283495161 60165,5307127491 59015,071150692 42416,8112087156
60165,5307127491 59016,3770979037 48415,4167759303 60165,5307127491 59015,071150692 41970,579375203
60165,5307127491 59034,7834919987 48185,6245664482 60165,5307127491 59015,071150692 43809,2067710885
60165,5307127491 59034,7834919987 46997,8348932503 60165,5307127491 59015,071150692 43460,6737007621
60165,5307127491 59038,1065002842 46354,5427857152 60165,5307127491 59015,314601015 41732,7394371361
60165,5307127491 59038,1065002842 41797,9851481509 60165,5307127491 59015,314601015 41759,8076298619
60165,5307127491 59038,1065002842 40481,964905299 60165,5307127491 59015,314601015 41245,0318331977
60165,5307127491 59038,1065002842 48525,5596211085 60165,5307127491 59015,314601015 41475,9667535622
60165,5307127491 59038,1065002842 47144,7569890059 60165,5307127491 59015,314601015 41109,7759218712
60165,5307127491 59038,1065002842 45621,1545774096 60165,5307127491 59015,314601015 41245,0318331977
60165,5307127491 59038,1065002842 45621,1545774096 60165,5307127491 59017,9547863457 41633,6033853304
60165,5307127491 59038,1065002842 45459,947416589 60165,5307127491 59017,9547863457 41970,579375203
60165,5307127491 59038,1065002842 44144,4724106229 60165,5307127491 59017,9547863457 40908,686615867
60165,5307127491 59038,1065002842 43605,1182763564 60165,5307127491 59017,9547863457 40950,6669025756
60165,5307127491 59038,1065002842 43605,1182763564 60165,5307127491 59017,9547863457 42416,8112087156
60165,5307127491 59038,1065002842 46310,7994106637 60165,5307127491 59017,9547863457 43484,4342508678
60165,5307127491 59038,7644063571 44196,6365260037 60165,5307127491 59017,9547863457 41970,579375203
60165,5307127491 59040,0986444762 44196,6365260037 60165,5307127491 59039,4407384034 41970,579375203
60165,5307127491 59040,0986444762 47443,0001757631 60165,5307127491 59039,4407384034 43809,2067710885
60165,5307127491 59040,0986444762 44657,12447799 60165,5307127491 59039,4407384034 41245,0318331977
60165,5307127491 59040,0986444762 44205,22868843 60165,5307127491 59039,4407384034 42416,8112087156
60165,5307127491 59054,9302202356 47810,7349413762 60165,5307127491 59039,4407384034 41784,6050848436
60165,5307127491 59054,9302202356 48447,9281667958 60165,5307127491 59039,627247349 41970,579375203
60165,5307127491 59057,0149704079 47810,7349413762 60165,5307127491 59039,627247349 41245,0318331977
60165,5307127491 59067,9887163255 46175,6958786692 60165,5307127491 59039,627247349 41475,9667535622
60165,5307127491 59067,9887163255 47765,6338581447 60165,5307127491 59039,627247349 42937,5181874229
60165,5307127491 59067,9887163255 45701,9571508643 60165,5307127491 59039,627247349 45094,4995228016
60165,5307127491 59067,9887163255 45257,8887709955 60165,5307127491 59039,627247349 41245,0318331977
60165,5307127491 59067,9887163255 41658,709847155 60165,5307127491 59039,627247349 41192,908525445
60165,5307127491 59067,9887163255 45322,1292674426 60165,5307127491 59039,627247349 41908,7597771393
60165,5307127491 59067,9887163255 46202,9079891182 60165,5307127491 59039,627247349 41245,0318331977
60165,5307127491 59074,213134567 48370,6193015581 60165,5307127491 59039,627247349 41475,9667535622
60165,5307127491 59074,213134567 47521,7345555071 60165,5307127491 59039,627247349 44575,5223456443
60165,5307127491 59074,213134567 45365,1460690652 60165,5307127491 59039,627247349 41447,9110106421
60165,5307127491 59074,213134567 46310,7994106637 60165,5307127491 59039,627247349 42579,386096984
60165,5307127491 59074,213134567 45238,6244404857 60165,5307127491 59039,627247349 41970,579375203
60165,5307127491 59074,213134567 45888,7254626034 60165,5307127491 59039,627247349 42072,8385667714
60165,5307127491 59074,213134567 45015,1633807247 60165,5307127491 59074,213134567 42072,8385667714
60165,5307127491 59074,213134567 45238,6244404857 60165,5307127491 59074,6703006691 42104,1099329696
60165,5307127491 59074,213134567 45238,6244404857 60165,5307127491 59074,6703006691 43871,0782879854
60165,5307127491 59074,213134567 45888,7254626034 60165,5307127491 59074,6703006691 41452,3098864345
60165,5307127491 59074,213134567 46369,1177219608 60165,5307127491 59074,6703006691 40966,0603023296
60165,5307127491 59074,213134567 47235,102466233 60165,5307127491 59074,6703006691 41210,0522780534
60165,5307127491 59074,213134567 45868,3067752222 60165,5307127491 59074,6703006691 42416,8112087156
60165,5307127491 59074,213134567 45365,1460690652 60165,5307127491 59074,6703006691 41245,0318331977
60165,5307127491 59074,213134567 46310,7994106637 60165,5307127491 59074,6703006691 41245,0318331977
60165,5307127491 59074,213134567 44657,12447799 60165,5307127491 59074,6703006691 42125,8046057126
60165,5307127491 59074,213134567 45517,6243056675 60165,5307127491 59074,7469212492 41475,9667535622
60165,5307127491 59074,213134567 45743,7394529493 60165,5307127491 59074,6703006691 41475,9667535622
60165,5307127491 59074,213134567 43605,1182763564 60165,5307127491 59074,6703006691 41475,9667535622
60165,5307127491 59074,213134567 44205,22868843 60165,5307127491 59074,6703006691 42937,5181874229
60165,5307127491 59074,213134567 47040,310229109 60165,5307127491 59074,6703006691 41245,0318331977
60165,5307127491 59074,213134567 41658,709847155 60165,5307127491 59074,6703006691 44035,5481871291
60165,5307127491 59074,213134567 47120,8494096308 60165,5307127491 59074,6703006691 44632,1988595665
60165,5307127491 59074,213134567 47889,9963950771 60165,5307127491 59074,7469212492 42104,1099329696
60165,5307127491 59074,213134567 46175,6958786692 60165,5307127491 59074,7469212492 41101,9136048256
60165,5307127491 59074,213134567 47120,8494096308 60165,5307127491 59074,7469212492 44484,6459998784
60165,5307127491 59074,7469212492 45223,4979455664 60165,5307127491 59074,7469212492 44484,6459998784
60165,5307127491 59074,7469212492 40481,964905299 60165,5307127491 59074,7469212492 41970,579375203
60165,5307127491 59074,7469212492 42309,9489433316 60165,5307127491 59074,7469212492 43665,7399409158
60165,5307127491 59074,7469212492 40481,964905299 60165,5307127491 59074,7469212492 45015,1633807247
60165,5307127491 59074,7469212492 45768,9199421541 60165,5307127491 59074,7469212492 41245,0318331977
60165,5307127491 59074,7469212492 40481,964905299 60165,5307127491 59074,7469212492 43809,2067710885
60165,5307127491 59074,7469212492 46369,1177219608 60165,5307127491 59074,7469212492 42579,386096984
60165,5307127491 59074,7469212492 47274,8394072473 60165,5307127491 59074,7469212492 43907,4783677259
60165,5307127491 59074,7469212492 45394,8239116233 60165,5307127491 59074,7469212492 41475,9667535622
60165,5307127491 59074,7469212492 45184,4140891802 60165,5307127491 59074,7469212492 41475,9667535622
60165,5307127491 59074,7469212492 44698,9526783586 60165,5307127491 59074,7469212492 44035,5481871291
60165,5307127491 59074,7469212492 47992,3607604358 60165,5307127491 59074,7469212492 41475,9667535622
60165,5307127491 59074,7469212492 48525,5596211085 60165,5307127491 59074,7469212492 41705,4622892735
60165,5307127491 59074,7469212492 45394,8239116233 60165,5307127491 59074,7469212492 42928,8489516463
60165,5307127491 59074,7469212492 45322,1292674426 60165,5307127491 59089,4829778849 42275,6384924851
60165,5307127491 59074,7469212492 45459,947416589 60165,5307127491 59089,4829778849 41970,579375203
60165,5307127491 59074,7469212492 48415,4167759303 60165,5307127491 59089,4829778849 43809,2067710885
60165,5307127491 59074,7469212492 45846,9073585796 60165,5307127491 59089,4829778849 44035,5481871291
60165,5307127491 59074,7469212492 45184,4140891802 60165,5307127491 59089,4829778849 42579,386096984
60165,5307127491 59074,7469212492 48940,9535045317 60165,5307127491 59089,4829778849 44854,0324308546
60165,5307127491 59089,4829778849 45246,1613656016 60165,5307127491 59089,4829778849 44854,0324308546
60165,5307127491 59089,4829778849 45888,7254626034 60165,5307127491 59089,4829778849 41245,0318331977
60165,5307127491 59089,4829778849 46206,2990328369 60165,5307127491 59089,4829778849 44035,5481871291
60165,5307127491 59089,4829778849 45459,947416589 60165,5307127491 59089,4829778849 41245,0318331977
60165,5307127491 59089,4829778849 40986,876465625 60165,5307127491 59089,4829778849 42579,386096984
60165,5307127491 59089,4829778849 46310,7994106637 60165,5307127491 59089,4829778849 41475,9667535622
60165,5307127491 59089,4829778849 45459,947416589 60165,5307127491 59089,4829778849 42937,5181874229
60165,5307127491 59089,4829778849 41658,709847155 60165,5307127491 59089,4829778849 41475,9667535622
60165,5307127491 59089,4829778849 44330,5035123584 60165,5307127491 59089,4829778849 41245,0318331977
60165,5307127491 59089,4829778849 43488,2143019907 60165,5307127491 59089,4829778849 41646,4762392886
60165,5307127491 59089,4829778849 44924,0600222324 60165,5307127491 59089,4829778849 42125,8046057126
60165,5307127491 59089,4829778849 45621,1545774096 60165,5307127491 59089,4829778849 41475,9667535622
60165,5307127491 59089,4829778849 46997,8348932503 60165,5307127491 59089,4829778849 41245,0318331977
60165,5307127491 59089,4829778849 45248,0146338715 60165,5307127491 59089,4829778849 45064,9155978041
60165,5307127491 59089,4829778849 48784,7478853372 60165,5307127491 59089,4829778849 41245,0318331977
60165,5307127491 59089,4829778849 47120,8494096308 60171,2512171839 59090,0550283284 41245,0318331977
60165,5307127491 59089,4829778849 46952,4644122894 60171,2512171839 59090,0550283284 42579,386096984
60165,5307127491 59089,4829778849 49893,5616593245 60171,2512171839 59090,0550283284 43892,6217828406
60165,5307127491 59089,4829778849 45238,6244404857 60165,5307127491 59089,4829778849 42928,8489516463
60165,5307127491 59089,4829778849 46997,3000335117 60165,5307127491 59089,4829778849 41970,579375203
60165,5307127491 59089,4829778849 46151,1516123231 60165,5307127491 59089,4829778849 41970,579375203
60165,5307127491 59089,4829778849 45184,4140891802 60165,5307127491 59089,4829778849 42104,1099329696
60165,5307127491 59089,4829778849 47274,8394072473 60165,5307127491 59089,4829778849 42125,8046057126
60165,5307127491 59089,4829778849 48084,269331942 60165,5307127491 59089,4829778849 41475,9667535622
60165,5307127491 59089,4829778849 44436,1398370058 60165,5307127491 59089,4829778849 44035,5481871291
60165,5307127491 59089,4829778849 47990,519589855 60165,5307127491 59089,4829778849 42937,5181874229
60165,5307127491 59089,4829778849 45452,7170572365 60165,5307127491 59089,4829778849 42579,386096984
60165,5307127491 59089,4829778849 48185,6245664482 60165,5307127491 59089,4829778849 42104,1099329696
60165,5307127491 59089,4829778849 47789,0032461505 60165,5307127491 59089,4829778849 42104,1099329696
60165,5307127491 59089,4829778849 45111,6427526963 60165,5307127491 59089,4829778849 41970,579375203
60165,5307127491 59089,4829778849 44014,7793489603 60165,5307127491 59089,4829778849 41475,9667535622
60165,5307127491 59089,4829778849 45656,5488300307 60165,5307127491 59089,4829778849 41475,9667535622
60165,5307127491 59089,4829778849 47431,3834960763 60165,5307127491 59089,4829778849 41245,0318331977
60165,5307127491 59089,4829778849 46175,6958786692 60165,5307127491 59089,4829778849 41328,2063957559
60165,5307127491 59089,4829778849 42181,6910268797 60165,5307127491 59089,4829778849 42579,386096984
60165,5307127491 59089,4829778849 48241,7714053609 60165,5307127491 59089,4829778849 41837,6765879777
60165,5307127491 59089,4829778849 46310,7994106637 60165,5307127491 59089,4829778849 41245,0318331977
60165,5307127491 59089,4829778849 46050,0976528034 60165,5307127491 59089,4829778849 43892,6217828406
60165,5307127491 59089,4829778849 41797,9851481509 60165,5307127491 59089,4829778849 42928,8489516463
60165,5307127491 59089,4829778849 45439,7267961313 60165,5307127491 59089,4829778849 41970,579375203
60165,5307127491 59089,4829778849 45439,7267961313 60165,5307127491 59089,4829778849 41970,579375203
60165,5307127491 59089,4829778849 42181,6910268797 60165,5307127491 59089,4829778849 41245,0318331977
60165,5307127491 59089,4829778849 46997,8348932503 60165,5307127491 59089,4829778849 41970,579375203
60165,5307127491 59089,4829778849 45459,947416589 60165,5307127491 59089,4829778849 41970,579375203
60165,5307127491 59089,4829778849 42181,6910268797 60165,5307127491 59089,4829778849 42928,8489516463
60165,5307127491 59089,4829778849 48267,4009139329 60165,5307127491 59089,4829778849 42579,386096984
60165,5307127491 59089,4829778849 45365,1460690652 60165,5307127491 59089,4829778849 41970,579375203
60165,5307127491 59089,4829778849 45517,6243056675 60165,5307127491 59089,4829778849 41475,9667535622
60165,5307127491 59089,4829778849 44614,6895485165 60165,5307127491 59089,4829778849 41245,0318331977
60165,5307127491 59089,4829778849 48324,1605897556 60165,5307127491 59089,4829778849 43892,6217828406
60165,5307127491 59089,4829778849 45656,5488300307 60165,5307127491 59089,4829778849 41094,0761818216
60165,5307127491 59089,4829778849 44436,1398370058 60165,5307127491 59089,4829778849 41523,9004685711
60165,5307127491 59089,4829778849 45394,8239116233 60165,5307127491 59089,4829778849 42175,847003005
60165,5307127491 59089,4829778849 46206,2990328369 60165,5307127491 59089,4829778849 42937,5181874229
60165,5307127491 59089,4829778849 45212,0802973026 60165,5307127491 59089,4829778849 40774,0261562529
60165,5307127491 59089,4829778849 45621,1545774096 60165,5307127491 59089,4829778849 42579,386096984
60165,5307127491 59089,4829778849 45793,0283495161 60165,5307127491 59089,4829778849 41475,9667535622
60165,5307127491 59089,4829778849 47235,102466233 60165,5307127491 59089,4829778849 41970,579375203
60165,5307127491 59089,4829778849 44936,1906145237 60165,5307127491 59089,4829778849 41245,0318331977
60165,5307127491 59089,4829778849 45701,9571508643 60165,5307127491 59089,4829778849 42363,7855593835
60165,5307127491 59089,4829778849 45779,9502887295 60165,5307127491 59089,4829778849 42363,7855593835
60165,5307127491 59089,4829778849 47342,2603015349 60165,5307127491 59089,4829778849 41245,0318331977
60165,5307127491 59089,4829778849 44436,1398370058 60165,5307127491 59089,4829778849 41921,9058891381
60165,5307127491 59089,4829778849 45701,9571508643 60165,5307127491 59089,4829778849 41245,0318331977
60165,5307127491 59089,4829778849 45868,3067752222 60165,5307127491 59089,4829778849 44072,101122005
60165,5307127491 59089,4829778849 40481,964905299 60165,5307127491 59089,4829778849 42416,8112087156
60165,5307127491 59089,4829778849 43488,2143019907 60165,5307127491 59089,4829778849 42416,8112087156
60165,5307127491 59089,4829778849 44330,5035123584 60165,5307127491 59089,4829778849 43907,4783677259
60165,5307127491 59089,4829778849 46632,4114027317 60165,5307127491 59089,4829778849 41970,579375203
60165,5307127491 59089,4829778849 44205,22868843 60165,5307127491 59089,4829778849 42104,1099329696
60165,5307127491 59089,4829778849 40986,876465625 60165,5307127491 59089,4829778849 43892,6217828406
60165,5307127491 59089,4829778849 47274,8394072473 60165,5307127491 59089,4829778849 41970,579375203
60165,5307127491 59089,4829778849 45781,4787699043 60165,5307127491 59089,4829778849 42104,1099329696
60165,5307127491 59089,4829778849 48091,1800379696 60165,5307127491 59089,4829778849 42416,8112087156
60165,5307127491 59089,4829778849 44614,6895485165 60165,5307127491 59089,4829778849 41245,0318331977
60165,5307127491 59089,4829778849 45248,0146338715 60165,5307127491 59089,4829778849 41273,5348157894
60165,5307127491 59089,4829778849 43488,2143019907 60165,5307127491 59090,0141216579 42937,5181874229
60165,5307127491 59089,4829778849 46997,8348932503 60165,5307127491 59090,0141216579 41475,9667535622
60165,5307127491 59089,4829778849 45111,6427526963 60165,5307127491 59090,0141216579 43450,4531942867
60165,5307127491 59089,4829778849 44614,6895485165 60165,5307127491 59090,0141216579 43892,6217828406
60165,5307127491 59089,4829778849 43892,6217828406 60165,5307127491 59090,0141216579 43892,6217828406
60165,5307127491 59089,4829778849 49200,9538019315 60165,5307127491 59090,0141216579 42125,8046057126
60165,5307127491 59089,4829778849 45212,0802973026 60165,5307127491 59090,0141216579 41245,0318331977
60165,5307127491 59089,4829778849 45212,0802973026 60165,5307127491 59090,0141216579 42416,8112087156
60165,5307127491 59089,4829778849 47567,6569861857 60165,5307127491 59090,0141216579 43466,8872210137
60165,5307127491 59089,4829778849 47431,3834960763 60165,5307127491 59090,0141216579 40937,56293017
60165,5307127491 59089,4829778849 44014,7793489603 60165,5307127491 59090,0141216579 42104,1099329696
60165,5307127491 59089,4829778849 46997,3000335117 60165,5307127491 59090,0141216579 42579,386096984
60165,5307127491 59089,4829778849 47889,9963950771 60165,5307127491 59090,0141216579 42937,5181874229
60165,5307127491 59089,4829778849 45459,947416589 60165,5307127491 59090,0141216579 43892,6217828406
60165,5307127491 59089,4829778849 43488,2143019907 60165,5307127491 59090,0141216579 42125,8046057126
60165,5307127491 59089,4829778849 45517,6243056675 60165,5307127491 59090,0141216579 41970,579375203
60165,5307127491 59089,4829778849 46416,1650469709 60165,5307127491 59090,0141216579 41970,579375203
60165,5307127491 59089,4829778849 42181,6910268797 60165,5307127491 59090,0141216579 42104,1099329696
60165,5307127491 59089,4829778849 41797,9851481509 60165,5307127491 59090,0141216579 43907,4783677259
60165,5307127491 59089,4829778849 46343,7979823637 60165,5307127491 59090,0141216579 42579,386096984
60165,5307127491 59089,4829778849 46202,9079891182 60165,5307127491 59090,0141216579 41245,0318331977
60165,5307127491 59089,4829778849 44614,6895485165 60165,5307127491 59090,0141216579 41475,9667535622
60165,5307127491 59089,4829778849 45184,4140891802 60165,5307127491 59090,0141216579 41245,0318331977
60165,5307127491 59089,4829778849 48588,293185678 60165,5307127491 59090,0141216579 43907,4783677259
60165,5307127491 59090,0141216579 43907,4783677259 60165,5307127491 59090,0141216579 43907,4783677259
60165,5307127491 59090,0141216579 44436,1398370058 60165,5307127491 59090,0141216579 43907,4783677259
60165,5307127491 59090,0141216579 40481,964905299 60165,5307127491 59090,0141216579 41004,6550479484
60165,5307127491 59090,0141216579 47311,9392828246 60165,5307127491 59090,0141216579 41475,9667535622
60165,5307127491 59090,0141216579 40481,964905299 60165,5307127491 59090,0141216579 41475,9667535622
60165,5307127491 59090,0141216579 46175,6958786692 60165,5307127491 59090,0141216579 42125,8046057126
60165,5307127491 59090,0141216579 44966,4459464408 60165,5307127491 59090,0141216579 42104,1099329696
60165,5307127491 59090,0141216579 45504,2991494297 60165,5307127491 59090,0141216579 42416,8112087156
60165,5307127491 59090,0141216579 40986,876465625 60165,5307127491 59090,0141216579 42855,170538694
60165,5307127491 59090,0141216579 44436,1398370058 60165,5307127491 59090,0141216579 44040,4866323367
60165,5307127491 59090,0141216579 46202,9079891182 60165,5307127491 59090,0141216579 45064,9155978041
60165,5307127491 59090,0141216579 44196,6365260037 60165,5307127491 59090,0141216579 43892,6217828406
60165,5307127491 59090,0141216579 40986,876465625 60165,5307127491 59090,0141216579 41475,9667535622
60165,5307127491 59090,0141216579 45184,4140891802 60165,5307127491 59090,0141216579 42104,1099329696
60165,5307127491 59090,0141216579 46997,3000335117 60165,5307127491 59090,0141216579 41475,9667535622
60165,5307127491 59090,0141216579 47666,0483606933 60165,5307127491 59090,0141216579 41475,9667535622
60165,5307127491 59090,0141216579 46050,0976528034 60165,5307127491 59090,0141216579 42416,8112087156
60165,5307127491 59090,0141216579 44936,1906145237 60165,5307127491 59090,0141216579 42579,386096984
60165,5307127491 59090,0141216579 42957,5207027331 60165,5307127491 59090,0141216579 44046,2229313798
60165,5307127491 59090,0141216579 46363,8551246435 60165,5307127491 59090,0141216579 41475,9667535622
60165,5307127491 59090,0141216579 45277,6876517212 60165,5307127491 59090,0141216579 41475,9667535622
60165,5307127491 59090,0141216579 48377,9061867995 60165,5307127491 59090,0141216579 42104,1099329696
60165,5307127491 59090,0141216579 47559,5613551803 60165,5307127491 59090,0141216579 41970,579375203
60165,5307127491 59090,0141216579 45656,5488300307 60165,5307127491 59090,0141216579 41245,0318331977
60165,5307127491 59090,0141216579 49292,3460128934 60165,5307127491 59090,0141216579 42191,6928709089
60165,5307127491 59090,0141216579 46738,0708405802 60165,5307127491 59090,0141216579 43892,6217828406
60165,5307127491 59090,0141216579 44196,6365260037 60165,5307127491 59090,0141216579 42052,9901217717
60165,5307127491 59090,0141216579 41658,709847155 60165,5307127491 59090,0141216579 42125,8046057126
60165,5307127491 59090,0141216579 45486,9851083664 60165,5307127491 59090,0141216579 41475,9667535622
60165,5307127491 59090,0141216579 40986,876465625 60165,5307127491 59090,0141216579 44929,9672738416
60165,5307127491 59090,0141216579 45983,6437993231 60165,5307127491 59090,0141216579 42579,386096984
60165,5307127491 59090,0141216579 45667,037652479 60165,5307127491 59090,0141216579 42104,1099329696
60165,5307127491 59090,0141216579 47528,7583514605 60165,5307127491 59090,0141216579 42579,386096984
60165,5307127491 59090,0141216579 40986,876465625 60165,5307127491 59090,0141216579 44925,0204499386
60165,5307127491 59090,0141216579 47990,519589855 60165,5307127491 59090,0141216579 44046,2229313798
60165,5307127491 59090,0141216579 46813,8028249597 60165,5307127491 59090,0141216579 41992,8804421871
60165,5307127491 59090,0141216579 47394,8398771293 60165,5307127491 59090,0141216579 41970,579375203
60165,5307127491 59090,0141216579 47742,1047916712 60165,5307127491 59090,0141216579 41475,9667535622
60165,5307127491 59090,0141216579 45184,4140891802 60165,5307127491 59090,0141216579 40980,1613247978
60165,5307127491 59090,0141216579 45486,9851083664 60165,5307127491 59090,0141216579 41970,579375203
60165,5307127491 59090,0141216579 44046,2229313798 60165,5307127491 59090,0141216579 41970,579375203
60165,5307127491 59090,0141216579 48843,9330479417 60165,5307127491 59090,0141216579 44415,6376245599
60165,5307127491 59090,0141216579 47394,8398771293 60165,5307127491 59090,0141216579 42579,386096984
60165,5307127491 59090,0141216579 44657,12447799 60165,5307127491 59090,0141216579 41090,5307667257
60165,5307127491 59090,0141216579 45354,5435293376 60165,5307127491 59090,0141216579 39955,307397065
60165,5307127491 59090,0141216579 44014,7793489603 60165,5307127491 59090,0141216579 42104,1099329696
60165,5307127491 59090,0141216579 44014,7793489603 60165,5307127491 59090,0141216579 41080,9357881912
60165,5307127491 59090,0141216579 45238,6244404857 60165,5307127491 59090,0141216579 41245,0318331977
60165,5307127491 59090,0141216579 45184,4140891802 60165,5307127491 59090,0141216579 44864,8659682869
60165,5307127491 59090,0141216579 46632,4114027317 60165,5307127491 59090,0141216579 42937,5181874229
60165,5307127491 59090,0141216579 45656,5488300307 60165,5307127491 59090,0141216579 42416,8112087156
60165,5307127491 59090,0141216579 47830,308717899 60165,5307127491 59090,0141216579 43892,6217828406
60165,5307127491 59090,0141216579 44614,6895485165 60165,5307127491 59090,0141216579 41076,6433520341
60165,5307127491 59090,0141216579 45549,3297261251 60165,5307127491 59090,0141216579 41245,0318331977
60165,5307127491 59090,0141216579 47483,6885303247 60165,5307127491 59090,0141216579 41475,9667535622
60165,5307127491 59090,0141216579 48461,9529038726 60165,5307127491 59090,0141216579 41586,7353414913
60165,5307127491 59090,0141216579 45354,5435293376 60165,5307127491 59090,0141216579 42104,1099329696
60165,5307127491 59090,0141216579 48784,7478853372 60165,5307127491 59090,0141216579 44072,101122005
60165,5307127491 59090,0141216579 47235,102466233 60165,5307127491 59090,0141216579 42416,8112087156
