46895,9761626383 45474,4234065253 34451,1372571797 46407,1295904269 44918,0574858772 34711,0204818475
47773,5831034671 46664,3097914399 35647,0141557591 47173,1933258898 45931,6123821798 35836,962023421
49072,291270839 48044,2738918071 36292,6517204155 47774,404844213 46378,7759691634 36882,4349022431
49620,0277982 48975,3007082559 36800,4431613225 48143,1554877128 47102,4558782825 39324,3605744634
50220,9754987152 49501,0157889893 39222,380569235 48711,6218169126 47914,081755379 39480,7309467939
52777,1999061764 50749,0023299777 39594,6103374548 50318,6384861862 48766,5855603002 39661,6711816581
53184,8483748363 51515,4885041925 40847,0082161379 50948,1925228496 49520,200125181 41733,4495535765
53712,3049018463 52124,4437125024 42933,8674489661 51027,0096038508 49897,5835450343 41891,6299838968
54067,2880682363 52634,0467502824 44293,6148541373 51795,4822886245 50397,8882422177 42073,4425486821
55193,4567018996 53440,7928669714 43856,4340976532 51889,8378740305 50820,1581126355 42736,6835928246
55495,4680690712 54115,4234693586 45912,359398277 52699,140278587 51141,8735829266 43621,3538240953
56424,0084672139 54681,8966456759 46236,2207272953 53541,6386740243 51644,7584220512 43165,428599676
56768,6833689659 55274,3318719906 45965,1727997852 53991,0987866563 52006,0102771748 41766,4257641813
56768,6833689659 55644,4895335092 48440,4058884755 54386,8524686016 52249,4185264118 42782,2672214721
57157,1352158752 56057,1032085435 47829,2397393882 54386,8524686016 52732,9067554634 45212,7189236631
57529,5844946372 56491,2489564159 50291,5153658314 55016,3789555643 53054,8306319816 44930,8003761314
57780,9743050228 56762,1672223694 50649,8039530775 55050,8093860827 53480,620181186 44177,317347227
57984,8618275022 57093,7062127508 51302,9658562102 55335,4348883214 53711,4582780765 45968,5740042059
58313,7236050671 57361,1695925482 50151,3590102568 55675,1292754601 53990,1200166631 46866,1940937784
58908,2161140211 57755,337874464 51176,0216539687 55751,5917791466 54317,9414938883 47043,5597191316
59410,3299618709 57826,5697743895 52278,7662972866 59256,4301709303 57855,7027521945 47643,0398511286
59523,0689771052 57989,774022787 52873,7805373537 59481,8909595588 57982,2838376444 50459,6437081462
59614,4325714444 58144,8560543898 52086,5649013739 59521,9460879197 58107,1775733967 50847,5336503336
60124,9777316973 58508,3228335778 51937,3828390813 59671,6521259049 58243,9779077616 51114,8074025545
60874,2455936175 58754,0975574717 53866,9211653076 59671,6521259049 58429,5451907107 50246,8636864726
60874,2455936175 58921,3548117333 53615,7641444984 59849,1214592322 58605,3305609038 50610,4116019123
60874,2455936175 59089,5720489862 53880,5903816954 60156,2754460306 58734,400891193 50955,9501317931
61194,0471568002 59221,2635282678 53819,0956675946 60156,2754460306 58863,4047720177 50519,1382298746
61194,0471568002 59397,4831438839 54290,4646536223 60392,8933467388 58949,8963953694 51740,6816509829
61334,4591884551 59720,7542424603 54369,5506207702 60465,1372008577 59146,2338711571 51779,2930458179
61334,4591884551 59797,2468784193 54050,0463922611 60743,499172988 59311,9111727682 51840,1666277268
61423,5679688928 59943,0457319424 54794,5979758302 60793,1257428216 59459,4999896243 51930,0889416347
61564,0927597867 60086,3545902843 55022,6265393547 60793,1257428216 59516,7691118926 52720,0742818755
61565,0948656782 60183,9421136114 55196,6958200638 61036,8125318729 59603,5645324282 52366,3577577803
61684,158348715 60368,3937999149 52950,895086379 61133,9079054323 59667,3889517372 51259,7411347863
61684,158348715 60456,8221526807 53782,9240020557 61133,9079054323 59729,2285559262 50712,6377071105
62013,8638422356 60659,7626653552 53877,9491718517 61200,0355126965 59851,2312923746 52756,1744808438
62013,8638422356 60769,1402672297 55139,2449082913 61297,1308862559 59944,8259755752 52205,7596523645
62265,8405579207 60883,9023667654 55738,3591757922 61357,8580124792 59979,3485554798 52694,7100746732
62293,594303804 60980,4885089697 56285,7510944624 61360,7358202996 60116,9146300744 51012,9345903188
62275,6347123426 61027,172479552 55630,6506017337 62265,8405579207 61044,4109928046 52788,9781798426
62293,594303804 61098,1734167677 55778,7373602971 62353,2379122119 61132,0170834609 52744,6052711186
62293,594303804 61211,7852242452 54270,1709303167 62455,1938588936 61217,0278593842 53984,4973830944
62303,3884582259 61244,0177743141 54561,7500828452 62455,1938588936 61285,2240375065 52597,9700145474
62303,3884582259 61324,0105812879 56596,9962013839 62539,2328356623 61349,5135641161 53355,1135884357
62303,3884582259 61452,7179882113 56969,2568006866 62539,2328356623 61428,0564178864 53810,7140554416
62303,3884582259 61516,2299243 55997,230128479 62539,2328356623 61462,9308897848 54315,2122059922
62402,7788578208 61625,8808243771 57261,9440330128 62707,3325732468 61505,8336549225 52811,6045518027
62484,9713819905 61685,0347556009 57042,8324036631 62707,3325732468 61576,4282355114 54469,5012164475
62585,4280493241 61764,8671163222 57056,9854829616 62810,0890629551 61635,3043600123 53010,8184309136
62585,4280493241 61790,1962391143 57357,3485808077 62794,8406105561 61727,825963227 54436,596792037
62686,0665891415 61832,5056528046 56961,3003645956 62954,8654608556 61790,0625400185 53755,926338036
62729,3467720758 61873,5378975923 56006,4236816759 62954,8654608556 61884,5964618648 53229,0755064765
62893,2690779455 61931,6577475466 56956,4444665022 62954,8654608556 61920,4145585608 53263,9626623704
62906,4839854613 61987,7992636034 57758,1524944459 63079,8540958932 61980,6283528354 54611,0435053044
63030,4168832958 62061,1502080242 56446,7983387958 63079,8540958932 62006,3892548463 54093,1927842081
63037,5595831954 62102,4116326173 57694,4576231485 63079,8540958932 62023,9473565211 53552,1670460907
63114,9001366 62173,4926956605 57194,923673724 63129,6781280346 62076,7056675726 54304,0135307828
63197,1545821681 62215,256068986 57541,9149802754 63200,6973801141 62136,7806690775 53718,0270536264
63197,1545821681 62240,8448267679 57650,3138891669 63268,5891644041 62189,2276955844 54882,2946499082
63342,5029841575 62436,3842337196 58072,5306971926 63205,5923475334 62361,2075346862 55172,0596614324
63423,2061087363 62484,8798996196 57907,3155322889 63294,0426277386 62398,377284221 55812,1621652811
63493,9159839586 62531,5627348896 57466,8109118108 63312,1098596571 62426,290804569 55263,7895956991
63584,9596433534 62596,5994222619 58226,8987695863 63397,0853327563 62459,6649393281 55307,7204495666
63584,9596433534 62643,1515606356 58154,1462118265 63430,6168364938 62501,8783016209 55856,3603028229
63601,8013730895 62667,4484674984 58096,8695617514 63430,6168364938 62508,4391353215 54438,0813100429
63692,1874257355 62700,0152945491 57941,6098422912 63430,6168364938 62564,1627748187 55491,5070116219
63829,6462409079 62749,0675288687 58167,9277699049 63430,6168364938 62609,5410386876 55307,7204495666
63829,6462409079 62794,4777593347 58621,5273499404 63575,4081999873 62663,1041522748 55502,4684441358
63829,6462409079 62799,3752086234 57527,023058949 63617,0478563829 62683,0950446247 54781,5289533064
63878,3063547511 62864,1146448754 57610,781029872 63652,3160158958 62774,4495234088 55462,0819339312
64004,3109801857 62908,1783545469 58332,7523076749 63978,5490406418 62834,9807774912 55605,759624206
64004,3109801857 62930,0690154411 58411,5130186735 63978,5490406418 62880,1366285385 55503,5463516355
64004,3109801857 62978,167762009 58989,8147497509 64016,4676042974 62897,2915072372 55535,6513220154
64004,3109801857 63022,7373261504 58990,7138169604 64016,4676042974 62938,3582701783 55114,1235480596
64102,2665581395 63043,1629466994 57756,8203431607 64016,4676042974 62985,6477276545 55788,2645874939
64102,2665581395 63059,372021184 58324,9199074125 64028,0964132214 62989,7834064557 54977,2484980313
64102,2665581395 63067,9511503738 56321,5739528081 64016,4676042974 63016,7663040096 55239,23288603
64146,4880568974 63088,1275387288 58877,8371132898 64016,4676042974 63056,6733380974 55384,7812615436
64146,4880568974 63110,1579311544 58181,1906871929 64016,4676042974 63060,4128955061 55046,3662336023
64147,941303553 63234,6085034634 58003,6389298048 64178,9312665354 63245,4537036312 54582,1359464799
64209,4782784838 63264,0791050925 58473,0316970241 64178,9312665354 63262,2886101289 55557,8607417005
64255,9970705075 63294,6209929975 56983,131740044 64178,9312665354 63262,2886101289 56108,6262435284
64255,9970705075 63319,4861897578 58936,9017140492 64250,3663352929 63283,8065942718 55702,056044052
64255,9970705075 63352,7739980468 58487,4254094004 64250,3663352929 63311,1977954493 54626,4665214835
64255,9970705075 63364,0103952975 59128,9589354774 64250,3663352929 63315,2893415215 56439,3580922268
64255,9970705075 63404,1351269854 59630,4520563014 64250,3663352929 63333,9808455072 56399,8962368876
64395,6543781571 63447,6660099419 59226,6451214482 64282,8095449308 63359,727552965 55851,4724894778
64395,6543781571 63455,1228777444 59037,2798574972 64282,8095449308 63383,9194277047 56301,0686546168
64402,2836220359 63481,3776304212 58889,9316207914 64282,8095449308 63383,4742213445 55913,1662100172
64508,6126965021 63510,91996266 58729,7348654952 64293,0908525163 63395,813319922 56308,9907268261
64515,2419403809 63538,8117781286 59530,7030246758 64293,0908525163 63407,6751080725 56286,2087748673
64515,2419403809 63560,7623532568 59645,2587033202 64293,0908525163 63418,0436221489 56716,6461756325
64515,2419403809 63622,519389523 59561,6025859843 64293,0908525163 63438,5889368716 55943,8564219459
64533,4971510078 63637,9625490183 59462,8808024693 64301,9349806097 63469,2534484884 56295,6766966656
64533,4971510078 63657,0725637889 58932,1621781723 64311,3460631432 63471,5420228466 56295,6766966656
64533,4971510078 63659,7027355497 59851,7038636318 64311,3460631432 63477,573826644 56704,5290977271
64533,4971510078 63661,3882495365 59438,7029731475 64311,9374453874 63480,8751053184 56531,2579881508
64533,4971510078 63670,5715546665 59256,4354093337 64311,9374453874 63486,160640738 56448,554379804
64533,4971510078 63683,0123365068 57823,4467611975 64408,4041312909 63514,7261027653 56550,9434869128
64533,4971510078 63712,0034989419 59461,5727718838 64559,3423240296 63728,8547711963 55604,1099216691
64533,4971510078 63730,5592568499 59521,3385593413 64559,3423240296 63736,3448469289 56550,9434869128
64533,4971510078 63734,2687417087 59557,7806450164 64559,3423240296 63765,9394970838 56550,9434869128
64533,4971510078 63743,8141715424 58628,5341083749 64559,3423240296 63778,6525812782 57099,5785528648
64533,4971510078 63765,2595486735 59047,1298632057 64559,3423240296 63799,4110853064 56866,1464774953
64533,4971510078 63766,9823310358 59493,1288881613 64559,3423240296 63811,3271346357 56829,2653316608
64533,4971510078 63768,8807801439 58032,7738239419 64559,3423240296 63831,0628458967 56916,8970649085
64533,4971510078 63769,0706867534 59120,6850421774 64559,3423240296 63837,7288354465 57061,7576490911
64533,4971510078 63782,142354766 60113,676758253 64559,3423240296 63850,2971698378 56918,5752000437
64533,4971510078 63806,6004434553 58939,7432920665 64559,3423240296 63850,2971698378 56829,2653316608
64533,4971510078 63806,6004434553 59381,7169181041 64559,3423240296 63874,233801277 56202,045990671
64533,4971510078 63810,0864948521 59486,3707488663 64559,3423240296 63887,1120848568 56485,0577917351
64533,4971510078 63815,7706210768 57972,6987464225 64559,3423240296 63891,8473281847 57059,7458753303
64533,4971510078 63815,7706210768 60117,5825248543 64566,274428453 63897,7997796321 57297,7121403375
64568,6494629531 63824,4399301821 59486,3707488663 64566,274428453 63899,5643456692 57239,0600033005
64568,6494629531 63824,4399301821 58613,2986780561 64566,274428453 63908,8729676494 57140,7315800587
64568,6494629531 63826,2964146379 60488,1155767852 64566,274428453 63916,4309341168 55947,7084093838
64568,6494629531 63829,3136451153 60451,7450995214 64566,274428453 63916,6774619911 56750,0604698203
64568,6494629531 63839,9511785478 60117,5825248543 64566,274428453 63922,6289390267 56760,8198907412
64568,6494629531 63843,3552406663 59135,7468057363 64566,274428453 63922,9613319029 56894,2369751526
64568,6494629531 63960,0601192034 59896,2097066502 64573,2584936913 63953,03915267 56138,7356300958
64568,6494629531 63963,778402549 59157,1270270582 64573,2584936913 63953,2363749855 57245,9921077239
64568,6494629531 63965,4528735053 60431,2059598189 64573,2584936913 63956,9041216826 57257,1288598506
64568,6494629531 63966,9349063859 60209,1461410756 64573,2584936913 63957,3619937975 57184,2042633323
64568,6494629531 63991,8650097188 59787,430633684 64593,1463138518 63959,3507758135 56835,0980163952
64568,6494629531 63993,0816085603 60063,1707505907 64593,1857088941 63965,2549036522 57669,6121392905
64568,6494629531 63996,1484924954 59182,0614215847 64593,1857088941 63978,0025354046 57188,5657119027
64568,6494629531 63995,9579563729 59936,5560808814 64593,1857088941 63978,0025354046 56792,5914481528
64568,6494629531 64013,4413030538 60281,2453431281 64593,1857088941 63990,7945913034 56772,0317665859
64568,6494629531 64028,5217704747 60678,6360279982 64593,1857088941 63990,7945913034 56785,3952056586
64568,6494629531 64029,5327862873 60146,5175830967 64593,1857088941 63990,7945913034 56166,2038583034
64568,6494629531 64033,5830540147 59429,5430366942 64593,1857088941 63993,5579994371 57245,9921077239
64568,6494629531 64046,4936989644 60615,9617775725 64593,1857088941 63995,9571074433 57253,4508131461
64568,6494629531 64047,0331833732 60473,3326015603 64593,1857088941 63997,640069074 56904,5380109202
64568,6494629531 64051,5266217269 59113,9438268067 64597,7947396323 63999,6064635131 57764,0848659346
64568,6494629531 64058,0475069577 59905,0916499078 64597,7947396323 63999,6064635131 57291,3316666308
64568,6494629531 64062,4216967673 58434,7564218189 64597,7947396323 64005,2963506731 57125,8679513625
64568,6494629531 64064,3842250533 60145,2046863727 64597,7947396323 64005,2963506731 57364,4715582676
64568,6494629531 64064,3842250533 60014,7528129881 64600,3795919909 64005,6991648629 57024,9285509504
64568,6494629531 64068,8063457175 60203,3927375053 64600,3795919909 64006,3956892169 57279,6895256354
64604,988622729 64107,4094047382 59978,4203000761 64597,7947396323 64100,118744517 56166,2038583034
64604,988622729 64109,4763784052 60069,551544394 64597,7947396323 64100,118744517 57378,4576776695
64604,988622729 64120,8239586471 60297,0470104525 64604,988622729 64108,664333187 56166,2038583034
64604,988622729 64120,8239586471 59933,7231837766 64604,988622729 64108,7359773849 57253,4508131461
64604,988622729 64126,5751492599 60350,2901080362 64604,988622729 64108,7359773849 57291,3316666308
64604,988622729 64132,152154214 60367,1688863764 64604,988622729 64115,8007532161 54703,4703758438
64604,988622729 64134,73825691 60484,8173445201 64604,988622729 64115,1042288622 56904,5380109202
64604,988622729 64145,6584206971 60054,453768286 64604,988622729 64132,7875521711 57340,4085970478
64604,988622729 64146,0697946075 60397,57901106 64604,988622729 64136,4962031152 57797,9569719137
64604,988622729 64146,0697946075 60184,5906086739 64604,988622729 64136,4962031152 56166,2038583034
64604,988622729 64147,6431029298 60218,0100816018 64604,988622729 64136,4962031152 56166,2038583034
64604,988622729 64147,6431029298 60054,453768286 64604,988622729 64146,0196597948 56166,2038583034
64604,988622729 64156,2634125894 60479,300566302 64604,988622729 64151,9933624608 57234,0738913006
64604,988622729 64181,3864934909 60660,4987139839 64604,988622729 64152,6898868148 56904,5380109202
64604,988622729 64188,058383896 60028,9488962642 64604,988622729 64152,6898868148 56016,7365585169
64604,988622729 64200,7705157397 59612,1929172108 64604,988622729 64152,6898868148 57253,4508131461
64604,988622729 64200,7705157397 60888,1081771837 64604,988622729 64152,6898868148 57016,691425174
64604,988622729 64214,0566744978 60406,6296802952 64604,988622729 64154,9751355929 57062,4501794325
64604,988622729 64214,2165887246 60871,6109215522 64604,988622729 64154,9751355929 56904,5380109202
64604,988622729 64228,5273192183 60274,5545167436 64604,988622729 64157,3725820703 57772,7854914037
64604,988622729 64239,9302014451 60169,81661748 64648,4866345185 64258,3490820629 57048,3990429538
64604,988622729 64240,6002621738 59989,1573690875 64648,4866345185 64258,3490820629 57769,8201913476
64604,988622729 64240,6002621738 60235,3065452372 64648,4866345185 64258,3490820629 57606,5698763454
64604,988622729 64247,322729902 60488,2180068342 64648,4866345185 64265,2035191993 56913,2983663864
64604,988622729 64247,322729902 60450,9920696075 64648,4866345185 64265,2035191993 57245,9921077239
64604,988622729 64247,322729902 59950,082810817 64648,4866345185 64266,4501845986 57912,9274962851
64604,988622729 64247,322729902 58865,5938048328 64648,4866345185 64266,4501845986 57182,0001699651
64604,988622729 64247,322729902 60455,8647393603 64648,4866345185 64266,4501845986 57340,0701994656
64604,988622729 64247,322729902 60003,6797143199 64648,4866345185 64268,8655822327 56292,0752891537
64604,988622729 64247,322729902 59997,3884723101 64648,4866345185 64268,8655822327 56292,0752891537
64604,988622729 64247,322729902 61104,9437498907 64676,833772267 64284,8174907728 56292,0752891537
64604,988622729 64247,9658222144 60974,1654678434 64676,833772267 64284,8174907728 57747,8679910426
64604,988622729 64247,9658222144 60269,5073905893 64676,833772267 64284,8174907728 56292,0752891537
64610,3198791574 64249,582777302 60235,3065452372 64676,833772267 64284,8174907728 57594,4145677563
64610,3198791574 64249,582777302 59940,8308746004 64676,833772267 64284,8174907728 57245,9921077239
64610,3198791574 64249,582777302 60424,8441043974 64676,833772267 64284,8174907728 57295,5793510274
64610,3198791574 64251,5545758117 60908,6263038854 64676,833772267 64294,6788654739 57340,0701994656
64610,3198791574 64251,5545758117 58877,1229675403 64676,833772267 64294,6788654739 56292,0752891537
64610,3198791574 64269,5498815624 60378,8186300141 64676,833772267 64294,6788654739 56292,0752891537
64610,3198791574 64269,5498815624 60742,9012196607 64676,833772267 64294,6788654739 57455,3044835536
64696,8191126541 64307,1736121141 59997,3884723101 64676,833772267 64305,1750780754 57074,8293095657
64696,8191126541 64314,0397137948 59566,4906344372 64676,833772267 64306,2034226825 57102,4400207107
64716,7365568607 64316,0314582155 60899,9850260465 64676,833772267 64306,2034226825 57694,043296
64716,7365568607 64316,0314582155 60398,3826000495 64676,833772267 64306,2034226825 57245,9921077239
64716,7365568607 64316,0314582155 60851,5197250987 64676,833772267 64309,1072131625 57130,5927412156
64716,7365568607 64324,0735299613 60562,0803407455 64686,3119825406 64310,0550341899 57873,7749327684
64716,7365568607 64324,0735299613 60789,8243684667 64686,3119825406 64310,0550341899 57074,8293095657
64716,7365568607 64324,0735299613 60007,8620530564 64686,3119825406 64310,0550341899 57677,0980117414
64716,7365568607 64324,0735299613 60785,3419401852 64686,3119825406 64310,1766718752 57781,8495609126
64716,7365568607 64330,1436422055 60335,4402899398 64686,3119825406 64310,1766718752 57245,9921077239
64716,7365568607 64330,1436422055 59594,643354942 64686,3119825406 64310,1766718752 57074,8293095657
64716,7365568607 64330,1436422055 60438,0304345995 64686,3119825406 64310,1766718752 57833,5509400675
64716,7365568607 64330,1436422055 59334,2888846387 64686,3119825406 64310,8764413865 57902,8128375687
64716,7365568607 64330,1436422055 59804,1480952155 64704,2567460419 64312,6709177366 57130,5927412156
64716,7365568607 64330,1436422055 59319,2500884218 64704,2567460419 64312,6709177366 57295,5793510274
64716,7365568607 64330,1436422055 59810,4040517556 64704,2567460419 64312,6709177366 57074,8293095657
64716,7365568607 64330,1436422055 60477,1475724234 64704,2567460419 64312,6709177366 57182,0001699651
64716,7365568607 64330,1436422055 59594,643354942 64704,2567460419 64313,4047694873 57074,8293095657
64716,7365568607 64337,2992116508 60662,1139882385 64704,2567460419 64313,4047694873 57900,8584282614
64716,7365568607 64337,2992116508 60282,6714828032 64704,2567460419 64313,4047694873 57245,9921077239
64716,7365568607 64335,0970356924 60809,4683021159 64716,7365568607 64344,9787796146 57245,9921077239
64716,7365568607 64335,0970356924 59938,8620008651 64716,7365568607 64344,9787796146 56953,8707702407
64716,7365568607 64335,0970356924 59938,8620008651 64716,7365568607 64344,9787796146 56953,8707702407
64716,7365568607 64335,0970356924 60158,8057720341 64716,7365568607 64344,9787796146 57717,3363484087
64716,7365568607 64335,0970356924 60139,4424160494 64716,7365568607 64344,9787796146 57340,0701994656
64716,7365568607 64335,0970356924 60046,6695079071 64716,7365568607 64346,9904995521 57495,4551972389
64716,7365568607 64335,0970356924 60046,6695079071 64716,7365568607 64346,9904995521 57245,9921077239
64716,7365568607 64335,0970356924 60588,1569684894 64716,7365568607 64346,9904995521 57056,9133035176
64716,7365568607 64335,0970356924 59724,7182104576 64716,7365568607 64346,9904995521 57745,2263899384
64716,7365568607 64335,0970356924 60980,5402177868 64716,7365568607 64346,9904995521 58034,2065812238
64716,7365568607 64335,0970356924 60139,4424160494 64716,7365568607 64346,9904995521 57056,9133035176
64716,7365568607 64335,0970356924 60809,4683021159 64716,7365568607 64346,9904995521 57340,0701994656
64716,7365568607 64335,0970356924 60477,1475724234 64716,7365568607 64346,9904995521 57529,9146263043
64716,7365568607 64335,0970356924 60577,3302675683 64716,7365568607 64346,9904995521 57056,9133035176
64716,7365568607 64335,0970356924 60230,2288868974 64716,7365568607 64346,9904995521 56292,0752891537
64716,7365568607 64335,0970356924 60785,3419401852 64716,7365568607 64346,9904995521 57840,777447969
64716,7365568607 64335,0970356924 60890,2335349315 64716,7365568607 64346,9904995521 57281,5048672597
64716,7365568607 64335,0970356924 60337,915899586 64716,7365568607 64346,9904995521 57245,9921077239
64716,7365568607 64335,0970356924 60230,2288868974 64716,7365568607 64346,9904995521 57970,1156015112
64716,7365568607 64335,0970356924 60079,5754030338 64716,7365568607 64348,2967640479 56320,6533221783
64716,7365568607 64348,7911081075 60459,365791469 64716,7365568607 64348,7911081075 56292,0752891537
64716,7365568607 64348,7911081075 60163,8352584029 64716,7365568607 64348,7911081075 57182,0001699651
64716,7365568607 64349,1142860796 60326,9766601542 64716,7365568607 64348,7911081075 57652,6756719557
64716,7365568607 64349,1142860796 60636,7189299701 64716,7365568607 64348,7911081075 57810,4073839446
64716,7365568607 64349,1142860796 60596,9332811413 64716,7365568607 64348,7911081075 57441,1708343221
64716,7365568607 64349,1142860796 60963,9418754214 64716,7365568607 64348,7911081075 56292,0752891537
64716,7365568607 64349,1142860796 59962,9938656393 64716,7365568607 64348,7911081075 57340,0701994656
64716,7365568607 64349,1142860796 60463,8714021735 64716,7365568607 64348,7911081075 57495,4551972389
64716,7365568607 64349,1142860796 59962,9938656393 64716,7365568607 64348,7911081075 56292,0752891537
64716,7365568607 64349,1142860796 60578,7243642038 64716,7365568607 64348,7911081075 57245,9921077239
64716,7365568607 64349,1142860796 60158,8057720341 64716,7365568607 64348,7911081075 56292,0752891537
64716,7365568607 64349,1142860796 60510,8713995167 64716,7365568607 64348,7911081075 57823,4585759112
64716,7365568607 64349,1142860796 61133,0264262864 64716,7365568607 64348,7911081075 57921,306735185
64716,7365568607 64349,1142860796 59594,643354942 64716,7365568607 64348,7911081075 56292,0752891537
64716,7365568607 64349,1142860796 60602,5238022789 64716,7365568607 64348,7911081075 57182,0001699651
64716,7365568607 64349,1142860796 59804,1480952155 64716,7365568607 64348,7911081075 57685,0961630004
64716,7365568607 64349,1142860796 61536,6390693565 64716,7365568607 64348,7911081075 57897,2959515735
64716,7365568607 64349,1142860796 60423,2131350362 64716,7365568607 64348,7911081075 56292,0752891537
64716,7365568607 64349,1142860796 59218,137978916 64716,7365568607 64348,7911081075 57529,9146263043
64716,7365568607 64349,1142860796 60402,8295662598 64716,7365568607 64348,7911081075 56292,0752891537
64716,7365568607 64349,1142860796 61216,4261513046 64716,7365568607 64349,1142860796 57073,0752962972
64716,7365568607 64349,1142860796 60999,9224260658 64716,7365568607 64349,1142860796 57182,0001699651
64716,7365568607 64349,1142860796 60494,0436050138 64716,7365568607 64349,1142860796 57340,0701994656
64716,7365568607 64349,1142860796 60725,6118828775 64716,7365568607 64349,1142860796 57921,306735185
64716,7365568607 64349,1142860796 60570,7852977223 64716,7365568607 64349,1142860796 57642,6859780903
64716,7365568607 64349,1142860796 60578,7243642038 64716,7365568607 64349,1142860796 57495,4551972389
64716,7365568607 64349,8894527167 60595,3730781698 64716,7365568607 64349,1142860796 57130,5927412156
64716,7365568607 64349,8894527167 60588,1569684894 64716,7365568607 64349,1142860796 57073,0752962972
64716,7365568607 64349,8894527167 60596,9652295871 64716,7365568607 64349,1142860796 57821,883818008
64716,7365568607 64349,8894527167 60964,7377379024 64716,7365568607 64349,1142860796 57669,124330448
64716,7365568607 64349,8894527167 61227,8100147467 64716,7365568607 64349,1142860796 57642,6859780903
64716,7365568607 64349,8894527167 59804,1480952155 64716,7365568607 64349,1142860796 57297,6209298481
64716,7365568607 64350,6522535262 59680,5112203555 64716,7365568607 64349,1142860796 57182,0001699651
64716,7365568607 64350,6522535262 60964,7445800414 64716,7365568607 64349,1142860796 57688,3365697528
64716,7365568607 64350,6522535262 60736,5996284926 64716,7365568607 64349,1142860796 57340,0701994656
64716,7365568607 64350,6522535262 60573,3703730963 64716,7365568607 64349,1142860796 57886,3861851608
64716,7365568607 64350,8342128831 60573,3703730963 64716,7365568607 64349,1142860796 57340,0701994656
64716,7365568607 64350,8342128831 60744,8567411978 64716,7365568607 64349,1142860796 57182,0001699651
64716,7365568607 64350,8342128831 60419,9804052466 64716,7365568607 64349,1142860796 57529,9146263043
64716,7365568607 64350,8342128831 60054,453768286 64716,7365568607 64349,1142860796 57717,3363484087
64716,7365568607 64350,8342128831 60631,623216842 64716,7365568607 64350,8342128831 57130,5927412156
64716,7365568607 64350,8342128831 60337,915899586 64716,7365568607 64350,8342128831 57979,6549356453
64716,7365568607 64350,8342128831 60623,9563952396 64716,7365568607 64350,8342128831 57245,9921077239
64716,7365568607 64351,649658589 61083,7272492535 64716,7365568607 64350,8342128831 57305,119170645
64716,7365568607 64351,649658589 60494,0436050138 64716,7365568607 64350,8342128831 57130,5927412156
64716,7365568607 64351,649658589 58591,6175224833 64716,7365568607 64350,8342128831 57080,6068830101
64716,7365568607 64352,4534408229 59912,2101197102 64716,7365568607 64350,8342128831 57840,777447969
64716,7365568607 64352,4534408229 61080,7633050473 64716,7365568607 64350,8342128831 57130,5927412156
64716,7365568607 64352,4534408229 59955,8722157665 64716,7365568607 64350,8342128831 57245,9921077239
64716,7365568607 64352,4534408229 60187,7551010871 64716,7365568607 64350,8342128831 57245,9921077239
64716,7365568607 64352,4534408229 60974,1654678434 64716,7365568607 64350,8342128831 57979,6549356453
64716,7365568607 64352,4534408229 60783,8338944715 64716,7365568607 64350,8342128831 57182,0001699651
64716,7365568607 64352,4534408229 60003,6797143199 64716,7365568607 64352,4534408229 56292,0752891537
64716,7365568607 64352,4534408229 60793,8861487219 64716,7365568607 64352,4534408229 57130,5927412156
64716,7365568607 64352,4534408229 61203,559713544 64716,7365568607 64352,4534408229 56292,0752891537
64716,7365568607 64352,4534408229 59955,8722157665 64716,7365568607 64352,4534408229 57080,6068830101
64716,7365568607 64352,4534408229 60859,418257538 64716,7365568607 64352,4534408229 57130,5927412156
64716,7365568607 64352,4534408229 60381,3154509715 64716,7365568607 64352,4534408229 57245,9921077239
64716,7365568607 64352,4534408229 60749,9078588086 64716,7365568607 64352,4534408229 57587,7433555972
64716,7365568607 64352,4534408229 60447,3782019079 64716,7365568607 64352,4534408229 57142,7586262324
64716,7365568607 64352,4534408229 60768,8915851886 64716,7365568607 64352,4534408229 57130,5927412156
64716,7365568607 64352,4534408229 60158,8057720341 64716,7365568607 64352,4534408229 57495,4551972389
64716,7365568607 64352,4534408229 59804,1480952155 64716,7365568607 64352,4534408229 57096,6865286188
64716,7365568607 64352,4534408229 58591,6175224833 64716,7365568607 64352,4534408229 58005,2300641936
64716,7365568607 64352,4534408229 60863,9541293174 64716,7365568607 64352,4534408229 57130,5927412156
64716,7365568607 64352,4534408229 59955,8722157665 64716,7365568607 64352,4534408229 57096,6865286188
64716,7365568607 64353,2393537364 60187,7551010871 64716,7365568607 64352,4534408229 57321,1596981771
64716,7365568607 64353,2393537364 60435,8954252042 64716,7365568607 64352,4534408229 57245,9921077239
64716,7365568607 64353,2393537364 60447,3782019079 64716,7365568607 64352,4534408229 57182,0001699651
64716,7365568607 64353,2393537364 60561,235123985 64716,7365568607 64352,4534408229 57182,0001699651
64716,7365568607 64353,2393537364 60606,5830418638 64716,7365568607 64352,4534408229 57182,0001699651
64716,7365568607 64353,2393537364 60405,2846697709 64716,7365568607 64352,4534408229 57639,8851525953
64716,7365568607 64353,2393537364 61234,4086636586 64716,7365568607 64352,4534408229 56292,0752891537
64716,7365568607 64353,2393537364 60606,5830418638 64716,7365568607 64352,4534408229 57245,9921077239
64716,7365568607 64353,2393537364 60588,1569684894 64716,7365568607 64352,4534408229 56526,2582841814
64716,7365568607 64353,2393537364 61227,8100147467 64716,7365568607 64352,4534408229 57495,4551972389
64716,7365568607 64353,2393537364 60494,0436050138 64716,7365568607 64352,4534408229 57245,9921077239
64716,7365568607 64353,2393537364 60515,1009704189 64716,7365568607 64352,4534408229 57182,0001699651
64716,7365568607 64353,2393537364 60742,9012196607 64716,7365568607 64352,4534408229 57712,2005867655
64716,7365568607 64353,2393537364 60657,1611925953 64716,7365568607 64352,4534408229 57130,5927412156
64716,7365568607 64353,2393537364 60447,3782019079 64716,7365568607 64353,2393537364 56292,0752891537
64716,7365568607 64353,2393537364 60998,0914151628 64716,7365568607 64353,2393537364 57529,9146263043
64716,7365568607 64353,2393537364 61119,937258994 64716,7365568607 64353,2393537364 57196,2796553685
64716,7365568607 64353,2393537364 60280,9156122537 64716,7365568607 64353,2393537364 57715,7438803542
64716,7365568607 64353,2393537364 60326,9766601542 64716,7365568607 64353,2393537364 57182,0001699651
64716,7365568607 64353,2393537364 60570,7852977223 64716,7365568607 64353,2393537364 57850,479201688
64716,7365568607 64353,2393537364 60337,915899586 64716,7365568607 64353,2393537364 57529,9146263043
64716,7365568607 64353,2393537364 60809,4683021159 64716,7365568607 64353,2393537364 57130,5927412156
64716,7365568607 64353,2393537364 60963,9418754214 64716,7365568607 64353,2393537364 57804,1241264996
64716,7365568607 64353,2393537364 59804,1480952155 64716,7365568607 64353,2393537364 57495,4551972389
64716,7365568607 64353,2393537364 61060,0062576807 64716,7365568607 64353,2393537364 57321,1596981771
64716,7365568607 64353,2393537364 60675,9988600121 64716,7365568607 64353,2393537364 57096,6865286188
64716,7365568607 64353,2393537364 60955,1713524707 64716,7365568607 64353,2393537364 57096,6865286188
64716,7365568607 64353,2393537364 60405,2846697709 64716,7365568607 64353,2393537364 57821,883818008
64716,7365568607 64353,2393537364 61020,6122795457 64716,7365568607 64353,2393537364 56292,0752891537
64716,7365568607 64353,2393537364 59312,6244401934 64716,7365568607 64353,2393537364 57712,2005867655
64716,7365568607 64353,2393537364 60054,453768286 64716,7365568607 64353,2393537364 57096,6865286188
64716,7365568607 64353,2393537364 61083,7272492535 64716,7365568607 64353,2393537364 57130,5927412156
64716,7365568607 64353,2393537364 60974,2514680867 64716,7365568607 64353,2393537364 57096,6865286188
64716,7365568607 64353,2393537364 61088,5064746386 64716,7365568607 64353,2393537364 56292,0752891537
64716,7365568607 64353,2393537364 61144,6606467334 64716,7365568607 64353,2393537364 57245,9921077239
64716,7365568607 64353,2393537364 60429,1602928523 64716,7365568607 64353,2393537364 56292,0752891537
64716,7365568607 64353,2393537364 59925,5445649781 64716,7365568607 64353,2393537364 57130,5927412156
64716,7365568607 64353,2393537364 60414,1135975948 64716,7365568607 64353,2393537364 57804,1241264996
64716,7365568607 64353,2393537364 60809,4683021159 64716,7365568607 64353,2393537364 58125,2894579206
64716,7365568607 64353,2393537364 60079,5754030338 64716,7365568607 64353,2393537364 57642,6859780903
64716,7365568607 64353,2393537364 59209,9451693261 64716,7365568607 64353,2393537364 57321,1596981771
64716,7365568607 64353,2393537364 61277,184684585 64716,7365568607 64353,2393537364 57821,883818008
64716,7365568607 64353,2393537364 59955,8722157665 64716,7365568607 64353,2393537364 56292,0752891537
64716,7365568607 64353,2393537364 60169,81661748 64716,7365568607 64353,2393537364 57850,479201688
64716,7365568607 64353,2393537364 60612,202929058 64716,7365568607 64353,2393537364 57495,4551972389
64716,7365568607 64353,2393537364 60636,7189299701 64716,7365568607 64353,2393537364 57986,9635880856
64716,7365568607 64353,2393537364 59804,1480952155 64716,7365568607 64353,2393537364 57245,9921077239
64716,7365568607 64353,2393537364 60280,9156122537 64716,7365568607 64353,2393537364 57182,0001699651
64716,7365568607 64353,2393537364 60414,1135975948 64716,7365568607 64353,2393537364 57245,9921077239
64716,7365568607 64353,2393537364 59594,643354942 64716,7365568607 64353,2393537364 57096,6865286188
64716,7365568607 64353,2393537364 60927,3913624311 64716,7365568607 64353,2393537364 57245,9921077239
64716,7365568607 64353,2393537364 60298,0425978618 64716,7365568607 64353,2393537364 57340,0701994656
64716,7365568607 64353,2393537364 60959,4599261879 64716,7365568607 64353,2393537364 56675,6200133721
64716,7365568607 64353,2393537364 60666,0206513544 64716,7365568607 64353,2393537364 57340,0701994656
64716,7365568607 64353,2393537364 60517,1351123381 64716,7365568607 64353,2393537364 57245,9921077239
64716,7365568607 64353,2393537364 59173,6844899555 64716,7365568607 64353,2393537364 57182,0001699651
64716,7365568607 64353,2393537364 60337,915899586 64716,7365568607 64353,2393537364 57096,6865286188
64716,7365568607 64353,2393537364 60707,8878647127 64716,7365568607 64353,2393537364 57130,5927412156
64716,7365568607 64353,2393537364 60054,453768286 64716,7365568607 64353,2393537364 57717,3363484087
64716,7365568607 64353,2393537364 60405,2846697709 64716,7365568607 64353,2393537364 57130,5927412156
64716,7365568607 64353,2393537364 59173,6844899555 64716,7365568607 64353,2393537364 57130,5927412156
64716,7365568607 64353,2393537364 60657,1611925953 64716,7365568607 64353,2393537364 57340,0701994656
64716,7365568607 64353,2393537364 59962,9938656393 64716,7365568607 64353,2393537364 57245,9921077239
64716,7365568607 64353,2393537364 60707,8878647127 64716,7365568607 64353,2393537364 57321,1596981771
64716,7365568607 64353,2393537364 60429,1602928523 64716,7365568607 64353,2393537364 57182,0001699651
64716,7365568607 64353,2393537364 59920,0890029682 64716,7365568607 64353,2393537364 57003,2931736519
64716,7365568607 64353,2393537364 58591,6175224833 64716,7365568607 64353,2393537364 57182,0001699651
64716,7365568607 64353,2393537364 60580,8544870876 64716,7365568607 64353,2393537364 57096,6865286188
64716,7365568607 64353,2393537364 60190,0923572454 64716,7365568607 64353,2393537364 57495,4551972389
64716,7365568607 64353,2393537364 60743,4872085198 64716,7365568607 64353,2393537364 57245,9921077239
64716,7365568607 64353,2393537364 60657,1611925953 64716,7365568607 64353,2393537364 57245,9921077239
64716,7365568607 64353,2393537364 60337,915899586 64716,7365568607 64353,2393537364 57693,1883079918
64716,7365568607 64353,2393537364 60675,9988600121 64716,7365568607 64353,2393537364 57642,6859780903
64716,7365568607 64353,2393537364 60963,9418754214 64716,7365568607 64353,2393537364 57096,6865286188
64716,7365568607 64353,2393537364 60517,1351123381 64716,7365568607 64353,2393537364 57096,6865286188
64716,7365568607 64353,2393537364 60485,473987696 64716,7365568607 64353,2393537364 57096,6865286188
64716,7365568607 64353,2393537364 61023,6051887328 64716,7365568607 64353,2393537364 57495,4551972389
64716,7365568607 64353,2393537364 59925,5445649781 64716,7365568607 64353,2393537364 57096,6865286188
64716,7365568607 64353,2393537364 59209,9451693261 64716,7365568607 64353,2393537364 57321,1596981771
64716,7365568607 64353,2393537364 59680,5112203555 64716,7365568607 64353,2393537364 57840,777447969
64716,7365568607 64353,2393537364 60079,5754030338 64716,7365568607 64353,2393537364 57130,5927412156
64716,7365568607 64353,2393537364 61341,352967564 64716,7365568607 64353,2393537364 57923,2825306746
64716,7365568607 64353,2393537364 60079,5754030338 64716,7365568607 64353,2393537364 57096,6865286188
64716,7365568607 64353,2393537364 60570,7852977223 64716,7365568607 64353,2393537364 57245,9921077239
64716,7365568607 64353,2393537364 60480,7193887478 64716,7365568607 64353,2393537364 57712,2005867655
64716,7365568607 64353,2393537364 59962,9938656393 64716,7365568607 64353,2393537364 56948,7388757853
64716,7365568607 64353,2393537364 59787,430633684 64716,7365568607 64353,2393537364 57495,4551972389
64716,7365568607 64353,2393537364 59209,9451693261 64716,7365568607 64353,2393537364 57456,7477800988
64716,7365568607 64353,2393537364 60447,3782019079 64716,7365568607 64353,2393537364 57340,0701994656
64716,7365568607 64353,2393537364 60588,1569684894 64716,7365568607 64353,2393537364 56292,0752891537
64716,7365568607 64353,2393537364 60054,453768286 64716,7365568607 64353,2393537364 57245,9921077239
64716,7365568607 64353,2393537364 60384,6214499417 64716,7365568607 64353,2393537364 57539,2813750243
64716,7365568607 64353,2393537364 60606,5830418638 64716,7365568607 64353,2393537364 56292,0752891537
64716,7365568607 64353,2393537364 60606,5830418638 64716,7365568607 64353,2393537364 56292,0752891537
64716,7365568607 64353,2393537364 60163,8352584029 64716,7365568607 64353,2393537364 56292,0752891537
64716,7365568607 64353,2393537364 60612,202929058 64716,7365568607 64353,2393537364 57096,6865286188
64716,7365568607 64353,2393537364 59724,7182104576 64716,7365568607 64353,2393537364 57096,6865286188
64716,7365568607 64353,2393537364 59920,0890029682 64716,7365568607 64353,2393537364 57693,1883079918
64716,7365568607 64353,2393537364 60570,7852977223 64716,7365568607 64353,2393537364 57245,9921077239
64716,7365568607 64353,2393537364 60326,9766601542 64716,7365568607 64353,2393537364 57693,1883079918
64716,7365568607 64353,2393537364 60337,915899586 64716,7365568607 64353,2393537364 56292,0752891537
64716,7365568607 64353,2393537364 59920,0890029682 64716,7365568607 64353,2393537364 57821,883818008
64716,7365568607 64353,2393537364 60823,5369611828 64716,7365568607 64353,2393537364 57130,5927412156
64716,7365568607 64353,2393537364 60580,8544870876 64716,7365568607 64353,2393537364 57096,6865286188
64716,7365568607 64353,2393537364 59955,8722157665 64716,7365568607 64353,2393537364 57182,0001699651
64716,7365568607 64353,2393537364 59804,1480952155 64716,7365568607 64353,2393537364 57130,5927412156
64716,7365568607 64353,2393537364 60675,9988600121 64716,7365568607 64353,2393537364 57130,5927412156
64716,7365568607 64353,2393537364 59724,7182104576 64716,7365568607 64353,2393537364 57321,1596981771
64716,7365568607 64353,2393537364 60584,6307405398 64716,7365568607 64353,2393537364 57096,6865286188
64716,7365568607 64353,2393537364 60606,5830418638 64716,7365568607 64353,2393537364 56931,4534959267
64716,7365568607 64353,2393537364 59209,9451693261 64716,7365568607 64353,2393537364 56292,0752891537
64716,7365568607 64353,2393537364 60169,81661748 64716,7365568607 64353,2393537364 56292,0752891537
64716,7365568607 64353,2393537364 60190,0923572454 64716,7365568607 64353,2393537364 57717,3363484087
64716,7365568607 64353,2393537364 60187,7551010871 64716,7365568607 64353,2393537364 57642,6859780903
64716,7365568607 64353,2393537364 60405,2846697709 64716,7365568607 64353,2393537364 57182,0001699651
64716,7365568607 64353,2393537364 60494,0436050138 64716,7365568607 64353,2393537364 57642,6859780903
64716,7365568607 64353,2393537364 61199,9920307507 64716,7365568607 64353,2393537364 57693,1883079918
64716,7365568607 64353,2393537364 58591,6175224833 64716,7365568607 64353,2393537364 57182,0001699651
64716,7365568607 64353,2393537364 60405,2846697709 64716,7365568607 64353,2393537364 57804,1241264996
64716,7365568607 64353,2393537364 61224,2875695866 64716,7365568607 64353,2393537364 56292,0752891537
64716,7365568607 64353,2393537364 60675,9988600121 64716,7365568607 64353,2393537364 57495,4551972389
64716,7365568607 64353,2393537364 59920,0890029682 64716,7365568607 64353,2393537364 56292,0752891537
64716,7365568607 64353,2393537364 60280,9156122537 64716,7365568607 64353,2393537364 57609,6336313762
64716,7365568607 64353,2393537364 60665,8673253238 64716,7365568607 64353,2393537364 57321,1596981771
64716,7365568607 64353,2393537364 59724,7182104576 64716,7365568607 64353,2393537364 57659,2205580998
64716,7365568607 64353,2393537364 60515,1009704189 64716,7365568607 64353,2393537364 57840,777447969
64716,7365568607 64353,2393537364 60169,81661748 64716,7365568607 64353,2393537364 58231,7429701897
64716,7365568607 64353,2393537364 60584,6307405398 64716,7365568607 64353,2393537364 57182,0001699651
64716,7365568607 64353,2393537364 59955,8722157665 64716,7365568607 64353,2393537364 57096,6865286188
64716,7365568607 64353,2393537364 60337,915899586 64716,7365568607 64353,2393537364 57642,6859780903
64716,7365568607 64353,2393537364 60665,8673253238 64716,7365568607 64353,2393537364 57245,9921077239
64716,7365568607 64353,2393537364 60955,1713524707 64716,7365568607 64353,2393537364 57495,4551972389
64716,7365568607 64353,2393537364 60385,1183736896 64716,7365568607 64353,2393537364 57182,0001699651
64716,7365568607 64353,2393537364 60919,7477901593 64716,7365568607 64353,2393537364 56996,6717263358
64716,7365568607 64353,2393537364 60596,9652295871 64716,7365568607 64353,2393537364 56292,0752891537
64716,7365568607 64353,2393537364 60429,1602928523 64716,7365568607 64353,2393537364 57182,0001699651
64716,7365568607 64353,2393537364 59925,5445649781 64716,7365568607 64353,2393537364 57096,6865286188
64716,7365568607 64353,2393537364 61207,6418692399 64716,7365568607 64353,2393537364 57182,0001699651
64716,7365568607 64353,2393537364 60414,1135975948 64716,7365568607 64353,2393537364 57821,883818008
64716,7365568607 64353,2393537364 60927,3913624311 64716,7365568607 64353,2393537364 57693,1883079918
64716,7365568607 64353,2393537364 60636,7189299701 64716,7365568607 64353,2393537364 57804,1241264996
64716,7365568607 64353,2393537364 60435,8954252042 64716,7365568607 64353,2393537364 56292,0752891537
64716,7365568607 64353,2393537364 59787,430633684 64716,7365568607 64353,2393537364 57495,4551972389
64716,7365568607 64353,2393537364 60901,1689136627 64716,7365568607 64353,2393537364 56292,0752891537
64716,7365568607 64353,2393537364 61143,3128674475 64716,7365568607 64353,2393537364 57906,1075237576
64716,7365568607 64353,2393537364 59680,5112203555 64716,7365568607 64353,2393537364 57245,9921077239
64716,7365568607 64353,2393537364 60561,235123985 64716,7365568607 64353,2393537364 57182,0001699651
64716,7365568607 64353,2393537364 58591,6175224833 64716,7365568607 64353,2393537364 57712,2005867655
64716,7365568607 64353,2393537364 60414,1135975948 64716,7365568607 64353,2393537364 57321,1596981771
64716,7365568607 64353,2393537364 59312,6244401934 64716,7365568607 64353,2393537364 57642,6859780903
64716,7365568607 64353,2393537364 60788,9460496738 64716,7365568607 64353,2393537364 57642,6859780903
64716,7365568607 64353,2393537364 60864,518131077 64716,7365568607 64353,2393537364 57340,0701994656
64716,7365568607 64353,2393537364 60163,8352584029 64716,7365568607 64353,2393537364 57986,9635880856
64716,7365568607 64353,2393537364 60079,5754030338 64716,7365568607 64353,2393537364 57130,5927412156
64716,7365568607 64353,2393537364 59925,5445649781 64716,7365568607 64353,2393537364 57130,5927412156
64716,7365568607 64353,2393537364 59724,7182104576 64716,7365568607 64353,2393537364 57469,9802040894
64716,7365568607 64353,2393537364 60079,5754030338 64716,7365568607 64353,2393537364 57495,4551972389
64716,7365568607 64353,2393537364 59920,0890029682 64716,7365568607 64353,2393537364 57340,0701994656
64716,7365568607 64353,2393537364 60596,9652295871 64716,7365568607 64353,2393537364 57495,4551972389
64716,7365568607 64353,2393537364 60823,5369611828 64716,7365568607 64353,2393537364 57245,9921077239
64716,7365568607 64353,2393537364 59209,9451693261 64716,7365568607 64353,2393537364 56292,0752891537
64716,7365568607 64353,2393537364 61160,1963417845 64716,7365568607 64353,2393537364 57495,4551972389
64716,7365568607 64353,2393537364 60891,4341033893 64716,7365568607 64353,2393537364 57546,6021316891
64716,7365568607 64353,2393537364 61119,937258994 64716,7365568607 64353,2393537364 57340,0701994656
64716,7365568607 64353,2393537364 61094,716265216 64716,7365568607 64353,2393537364 57245,9921077239
64716,7365568607 64353,2393537364 60079,5754030338 64716,7365568607 64353,2393537364 56292,0752891537
64716,7365568607 64353,2393537364 60515,1009704189 64716,7365568607 64353,2393537364 57096,6865286188
64716,7365568607 64353,2393537364 60337,915899586 64716,7365568607 64353,2393537364 57096,6865286188
64716,7365568607 64353,2393537364 59925,5445649781 64716,7365568607 64353,2393537364 57321,1596981771
64716,7365568607 64353,2393537364 60435,8954252042 64716,7365568607 64353,2393537364 57840,777447969
64716,7365568607 64353,2393537364 60749,9078588086 64716,7365568607 64353,2393537364 57693,1883079918
64716,7365568607 64353,2393537364 60429,1602928523 64716,7365568607 64353,2393537364 57130,5927412156
64716,7365568607 64353,2393537364 60480,7193887478 64716,7365568607 64353,2393537364 57642,6859780903
64716,7365568607 64353,2393537364 60975,9051812163 64716,7365568607 64353,2393537364 57096,6865286188
64716,7365568607 64353,2393537364 60414,1135975948 64716,7365568607 64353,2393537364 57096,6865286188
64716,7365568607 64353,2393537364 60847,8143313358 64716,7365568607 64353,2393537364 57340,0701994656
64716,7365568607 64353,2393537364 59209,9451693261 64716,7365568607 64353,2393537364 57565,0432031761
64716,7365568607 64353,2393537364 59209,9451693261 64716,7365568607 64353,2393537364 57642,6859780903
64716,7365568607 64353,2393537364 60596,9332811413 64716,7365568607 64353,2393537364 57495,4551972389
64716,7365568607 64353,2393537364 60485,473987696 64716,7365568607 64353,2393537364 57182,0001699651
64716,7365568607 64353,2393537364 60596,9332811413 64716,7365568607 64353,2393537364 56292,0752891537
64716,7365568607 64353,2393537364 60867,2283008899 64716,7365568607 64353,2393537364 57321,1596981771
64716,7365568607 64353,2393537364 59594,643354942 64716,7365568607 64353,2393537364 57245,9921077239
64716,7365568607 64353,2393537364 60991,1324442559 64716,7365568607 64353,2393537364 56292,0752891537
64716,7365568607 64353,2393537364 60742,9012196607 64716,7365568607 64353,2393537364 57821,883818008
64716,7365568607 64353,2393537364 60963,9418754214 64716,7365568607 64353,2393537364 57182,0001699651
64716,7365568607 64353,2393537364 60878,8189285266 64716,7365568607 64353,2393537364 56292,0752891537
64716,7365568607 64353,2393537364 60158,8057720341 64716,7365568607 64353,2393537364 56292,0752891537
64716,7365568607 64353,2393537364 60079,5754030338 64716,7365568607 64353,2393537364 57130,5927412156
64716,7365568607 64353,2393537364 60163,8352584029 64716,7365568607 64353,2393537364 57182,0001699651
64716,7365568607 64353,2393537364 60298,0425978618 64716,7365568607 64353,2393537364 57693,1883079918
64716,7365568607 64353,2393537364 59724,7182104576 64716,7365568607 64353,2393537364 57642,6859780903
64716,7365568607 64353,2393537364 59955,8722157665 64716,7365568607 64353,2393537364 57096,6865286188
64716,7365568607 64353,2393537364 60003,6797143199 64716,7365568607 64353,2393537364 56292,0752891537
64716,7365568607 64353,2393537364 59804,1480952155 64716,7365568607 64353,2393537364 57245,9921077239
64716,7365568607 64353,2393537364 60414,1135975948 64716,7365568607 64353,2393537364 57529,9146263043
64716,7365568607 64353,2393537364 60485,473987696 64716,7365568607 64353,2393537364 57096,6865286188
64716,7365568607 64353,2393537364 61080,7633050473 64716,7365568607 64353,2393537364 56947,2113937371
64716,7365568607 64353,2393537364 60169,81661748 64716,7365568607 64353,2393537364 57130,5927412156
64716,7365568607 64353,2393537364 60169,81661748 64716,7365568607 64353,2393537364 56292,0752891537
64716,7365568607 64353,2393537364 59920,0890029682 64716,7365568607 64353,2393537364 57130,5927412156
64716,7365568607 64353,2393537364 60891,4341033893 64716,7365568607 64353,2393537364 57693,1883079918
64716,7365568607 64353,2393537364 60485,473987696 64716,7365568607 64353,2393537364 57182,0001699651
64716,7365568607 64353,2393537364 60517,1351123381 64716,7365568607 64353,2393537364 58380,3343579271
64716,7365568607 64353,2393537364 60163,8352584029 64716,7365568607 64353,2393537364 56292,0752891537
64716,7365568607 64353,2393537364 59173,6844899555 64716,7365568607 64353,2393537364 57321,1596981771
64716,7365568607 64353,2393537364 60973,5277560129 64716,7365568607 64353,2393537364 56549,7214719448
64716,7365568607 64353,2393537364 60429,1602928523 64716,7365568607 64353,2393537364 57182,0001699651
64716,7365568607 64353,2393537364 61107,4689355219 64716,7365568607 64353,2393537364 57835,6037212954
64716,7365568607 64353,2393537364 60385,1183736896 64716,7365568607 64353,2393537364 57245,9921077239
64716,7365568607 64353,2393537364 59962,9938656393 64716,7365568607 64353,2393537364 57072,4373238131
64716,7365568607 64353,2393537364 61257,745459925 64716,7365568607 64353,2393537364 57182,0001699651
64716,7365568607 64353,2393537364 59724,7182104576 64716,7365568607 64353,2393537364 57130,5927412156
64716,7365568607 64353,2393537364 59724,7182104576 64716,7365568607 64353,2393537364 57130,5927412156
248,857070340081
64716,7365568607 63972,5863803764
