47474,6967253643 32478,2873532907 46102,1447680657
47818,7905653257 35932,8286822898 47093,1708338683
49614,5838248217 37082,6689275126 48346,5422805537
51276,5595402197 37952,1733701628 49571,5158266985
51614,8399415854 40003,2206178194 50292,1939264745
53035,4216048849 39647,8698418176 51245,999852446
53035,4216048849 41463,8854148841 51772,8032647887
53508,9795244722 41846,678776421 52427,8144674894
54871,8976360511 43359,1246519013 53053,05733094
55319,2052977369 44928,574649628 53652,1946628809
56298,5097299282 45471,6089435624 54293,2597005185
56623,2626869148 46818,1098368554 54811,4988825586
57134,5652026901 46623,424078474 55213,5819012253
57583,3573585434 46822,3039463164 55582,0088726981
57792,8926692899 46960,9953634541 56008,9889830689
58146,3170313866 47850,1583824694 56404,1092389941
58343,5276749566 47809,1274190371 56846,7708092545
58644,2367194211 50204,4364262413 57304,4222762483
59186,9244731945 49079,4069049132 57545,7073462441
59260,7779459945 50613,2466374063 57826,0481592511
59899,5237145097 52425,6211149747 58103,4766681762
60403,5959950619 52312,7493939513 58467,5346211043
60483,0255147576 52903,5396812448 58688,0143905988
60807,9162372499 52667,8846978754 58970,5173047713
60850,6297116422 53559,2354590263 59231,238262876
60978,4482706953 53406,5211127575 59468,3378545266
61270,8809368823 53620,1954330224 59649,9277056207
61467,4243248769 54370,7610622143 59877,0067595026
61532,8303418504 54431,1873078733 60023,2585275796
61532,8303418504 54938,0156995317 60178,5390908678
61726,0869216442 54737,8656212021 60337,4507762783
61838,7783442706 54839,3625483314 60474,0513066665
61838,7783442706 54758,476199698 60635,3562795832
62013,8997671496 55381,6225399951 60802,2704465431
62013,8997671496 56251,3880417744 60910,4091576902
62336,2186113048 55216,5975874245 61109,3399464791
62336,2186113048 54477,8732972532 61219,7760454822
62341,4806274838 55737,9804847484 61305,0408253744
62580,2401083284 55579,211850189 61417,6757887706
62621,6990121126 56114,4428962834 61533,0180776511
62725,69704914 56365,5991569649 61660,8375088545
62725,69704914 55920,5324152616 61788,0895446701
62885,836806413 56488,0402081358 61883,9938213137
62911,2003278403 55987,6182532173 61955,1524958175
62919,2003779686 56070,5768924203 61986,1438368326
63052,793084642 56825,2017191392 62101,9414573534
63064,527815609 56351,8863339814 62211,3652996065
63101,4517632911 57002,9892087647 62287,5544686658
63286,9082726832 56700,2272770485 62433,6443227123
63331,286495663 55589,686889983 62565,9119391311
63382,3740517789 56906,5141997904 62631,1441230957
63382,3740517789 56822,4548369372 62699,0672750123
63413,8514118461 56642,99888165 62829,9427254576
63578,7051174145 58450,8983247433 62865,8504755599
63654,1891606194 57877,6391690896 62983,6435601918
63730,2347056477 58137,0513095415 63020,7570403363
63730,2347056477 57929,5775934524 63095,9475012927
63821,2792262569 58325,8836554631 63140,0151913821
63912,1620811029 58228,4314111188 63183,4205624282
63912,1620811029 57599,1128391513 63235,4212812569
64056,6553450768 59336,1710595068 63297,4780959799
64056,6553450768 58924,3406711863 63338,2043970792
64056,6553450768 58547,8706311193 63348,0690265319
64157,2926163042 58199,4111403198 63455,301714653
64157,2926163042 58480,1880225272 63476,2568917626
64172,5777632169 59168,6613373704 63508,8483358311
64179,3567757601 58396,7357899256 63557,8608547299
64376,969082081 59527,56191979 63617,2981282459
64376,969082081 58733,5596577503 63666,8243711342
64552,7509289965 58744,734586096 63776,5024003685
64552,7509289965 58387,1659498729 63808,3913034314
64552,7509289965 59387,699560535 63853,433334707
64552,7509289965 58558,7678807492 63913,1868532425
64552,7509289965 59756,6172470378 63930,7794363592
64552,7509289965 58988,4814039983 63958,3139269634
64552,7509289965 59376,7488833379 63996,3873446785
64576,7812017819 59664,4770672625 64021,9083836627
64576,7812017819 59598,5134549388 64052,1982090394
64576,7812017819 59790,1597205835 64079,1615543598
64613,9295322286 59912,6068093673 64127,9855895635
64708,6451589374 57723,0883776074 64142,7775673392
64708,6451589374 59750,0208836965 64189,181521289
64769,8237621696 59768,5928840982 64210,6216060329
64769,8237621696 59702,000174371 64221,9133231812
64822,519453775 59494,7004430086 64247,2768662909
64822,519453775 60850,9706433718 64264,1764047473
64847,837349602 60202,5149669901 64291,5693550873
64847,837349602 60203,3346692744 64304,5583503315
64847,837349602 59808,0956166742 64330,3371912843
64847,837349602 59557,3500033883 64349,8112745609
64847,837349602 59629,0276707606 64383,1900034792
64847,837349602 58831,592884635 64389,4087637585
64847,837349602 59135,2779960428 64406,8000878348
64847,837349602 59567,1550479582 64409,1511923325
64847,837349602 59883,8985808964 64416,7947003688
64858,4652432101 60915,4862770663 64426,5199222679
64858,4652432101 60066,3384512126 64445,5133476718
64924,7447839761 60486,0170014159 64474,1531469199
64924,7447839761 61003,4671617799 64503,2227802101
64924,7447839761 60198,8916335706 64519,3030560536
65004,8391688988 59473,4676854469 64574,5643598294
65004,8391688988 58500,4882403978 64581,4673983064
65004,8391688988 59162,4853040589 64582,3917630679
65064,4930190147 58976,1832174621 64623,6771422779
65175,8619638945 60146,4882852793 64658,7695424601
65175,8619638945 60493,8628489915 64701,4665185732
65175,8619638945 59574,9457175192 64706,4267639744
65175,8619638945 60149,2694498257 64713,8565112449
65175,8619638945 60680,6006579821 64719,4240961176
65304,2500699838 60565,3613157166 64734,5975009561
65304,2500699838 59079,3724752594 64739,1199230167
65304,2500699838 59967,9480030173 64760,9037220556
65304,2500699838 60568,9551039403 64764,7190255827
65304,2500699838 60112,6119116884 64773,5432572484
65304,2500699838 60115,8166963853 64781,3716971144
65304,2500699838 59960,7518751567 64782,2443355082
65304,2500699838 59962,0176785865 64801,1178623246
65304,2500699838 60787,2480357874 64785,9855067287
65304,2500699838 61117,9180476185 64792,1102501361
65325,5839044221 61080,4112832348 64797,8408434795
65325,5839044221 60418,2238511882 64800,0422345772
65325,5839044221 60330,3195575527 64802,7756216164
65368,5931993484 61117,9180476185 64814,3711410476
65368,5931993484 60892,0741990938 64822,6498214751
65368,5931993484 60864,2236316825 64832,9727559947
65368,5931993484 60885,6134127305 64842,3585401781
65368,5931993484 60071,7064513071 64842,3585401781
65368,5931993484 60828,2082911171 64850,1584001031
65368,5931993484 61672,7157386127 64850,1584001031
65368,5931993484 60418,2238511882 64878,9910573807
65368,5931993484 60647,9109042407 64882,2510675388
65368,5931993484 60908,432061559 64883,1708483436
65368,5931993484 61330,2103095701 64884,9628066995
65368,5931993484 61182,6090123002 64885,9961822989
65368,5931993484 60402,848165905 64885,9961822989
65368,5931993484 60937,0803282168 64888,7215009089
65368,5931993484 60377,7227411809 64890,471500079
65368,5931993484 61603,0001442814 64890,471500079
65368,5931993484 61160,6162425931 64890,471500079
65368,5931993484 61208,7211709046 64891,0613931278
65368,5931993484 60417,2948427207 64891,0613931278
65368,5931993484 60158,3992205385 64900,743033913
65368,5931993484 61816,3564513707 64900,743033913
65368,5931993484 60418,2238511882 64901,4724755972
65368,5931993484 61240,0881604052 64927,6015370125
65368,5931993484 60026,1697632786 64927,6015370125
65368,5931993484 61192,6852503144 64927,6015370125
65368,5931993484 61572,0356984354 64927,6015370125
65368,5931993484 60521,1951915226 64927,6015370125
65368,5931993484 60392,5791778087 64936,2175598301
65368,5931993484 60647,9109042407 64936,2175598301
65368,5931993484 61482,1040342634 64936,8683930648
65368,5931993484 61155,1917076572 64936,8683930648
65368,5931993484 61557,6388638814 64936,8683930648
65368,5931993484 60905,1763928702 64936,8683930648
65383,7644692765 60443,6579680206 64942,8439802507
65394,7638525081 62027,931120491 64943,9439185739
65394,7638525081 61687,4112518377 64943,9439185739
65400,5414969495 61182,0467033094 64944,521683018
65400,5414969495 61830,8768059427 64959,8904965496
65400,5414969495 61422,1459399265 64959,8904965496
65400,5414969495 61246,5494511724 64959,8904965496
65400,5414969495 60392,5791778087 64959,8904965496
65400,5414969495 60460,8619703843 64959,8904965496
65400,5414969495 60392,5791778087 64959,8904965496
65400,5414969495 61051,9747298059 64960,8359283813
65400,5414969495 60820,9320456531 64960,8359283813
65400,5414969495 60218,949409529 64960,8359283813
65400,5414969495 60067,0667896554 64960,8359283813
65400,5414969495 59050,5231864893 64960,8359283813
65400,5414969495 60517,9515537877 64960,8359283813
65400,5414969495 60404,4859652114 64960,8359283813
65400,5414969495 61880,2519433687 64960,8359283813
65400,5414969495 60853,1986486266 64977,5414414221
65400,5414969495 61145,1498372749 64977,5414414221
65400,5414969495 61008,6542653658 64990,1634806886
65400,5414969495 61096,5554520724 64990,1634806886
65400,5414969495 61050,5358664252 64992,3905072523
65400,5414969495 61144,6401629962 64992,3905072523
65406,6153515406 60404,4859652114 64992,9978927114
65406,6153515406 61012,4497005524 64992,9978927114
65406,6153515406 61279,7877268627 64992,9978927114
65406,6153515406 60915,8600609413 64992,9978927114
65406,6153515406 61621,1379233187 64992,9978927114
65406,6153515406 61695,7931987338 64992,9978927114
65406,6153515406 61261,5209389791 64993,1007529021
65406,6153515406 61061,749787609 64993,1007529021
65406,6153515406 61533,1084390147 64993,1007529021
65406,6153515406 61061,749787609 64993,1007529021
65406,6153515406 61572,0356984354 64993,1007529021
65406,6153515406 61182,0467033094 64993,1007529021
65406,6153515406 61061,749787609 64993,1007529021
65406,6153515406 61866,5361451238 64993,1007529021
65406,6153515406 61057,842618965 64993,1007529021
65406,6153515406 60443,6579680206 64993,1007529021
65406,6153515406 60937,0803282168 64993,1007529021
65406,6153515406 60517,9515537877 64993,1007529021
65406,6153515406 61254,3590018225 64993,1007529021
65406,6153515406 61182,0467033094 64993,1007529021
65406,6153515406 61008,6542653658 64993,1007529021
65406,6153515406 61050,5358664252 64993,1007529021
65406,6153515406 61145,653117075 64993,1007529021
65406,6153515406 60410,3789810564 64993,1007529021
65406,6153515406 60392,5791778087 64993,1007529021
65406,6153515406 61050,5358664252 64993,1007529021
65406,6153515406 61279,7877268627 64993,1007529021
65406,6153515406 61299,1527737347 64993,1007529021
65406,6153515406 61346,1699879559 64993,1007529021
65406,6153515406 60392,5791778087 64993,1007529021
65406,6153515406 60946,5509637459 64993,1007529021
65406,6153515406 60392,5791778087 64993,1007529021
65406,6153515406 60392,5791778087 64993,1007529021
65406,6153515406 61245,7780702095 64993,1007529021
65406,6153515406 61008,6542653658 64993,1007529021
65406,6153515406 61439,6240436906 64993,1007529021
65406,6153515406 61482,1040342634 64993,1007529021
65406,6153515406 61261,5209389791 64993,1007529021
65406,6153515406 61279,7877268627 64993,1007529021
65406,6153515406 61129,7823941874 64993,1007529021
65406,6153515406 61197,6171044815 64993,1007529021
65406,6153515406 61282,9426843452 64993,1007529021
65406,6153515406 60915,8600609413 64993,1007529021
65406,6153515406 61346,1699879559 64993,1007529021
65406,6153515406 61333,0753003579 64993,1007529021
65406,6153515406 60517,9515537877 64993,1007529021
65406,6153515406 60564,6091472572 64993,1007529021
65406,6153515406 61287,2428203313 64993,1007529021
65406,6153515406 61120,6965804394 64993,1007529021
65406,6153515406 61974,8657743473 64993,1007529021
65406,6153515406 60946,5509637459 64993,1007529021
65406,6153515406 60392,5791778087 64993,1007529021
65406,6153515406 62006,7852419142 64993,1007529021
65406,6153515406 60437,4411772709 64993,1007529021
65406,6153515406 60306,5979719542 64993,1007529021
65406,6153515406 61050,5358664252 64993,1007529021
65406,6153515406 61120,6965804394 64993,1007529021
65406,6153515406 61050,5358664252 64993,1007529021
65406,6153515406 61687,4112518377 64993,1007529021
65406,6153515406 61383,8126922201 64993,1007529021
65406,6153515406 61421,6688491931 64993,1007529021
65406,6153515406 60437,4411772709 64993,1007529021
65406,6153515406 60392,5791778087 64993,1723410776
65406,6153515406 61279,7877268627 64993,1723410776
65406,6153515406 60517,9515537877 64993,1723410776
65406,6153515406 60443,6579680206 64993,1723410776
65406,6153515406 61829,1280706436 64993,1723410776
65406,6153515406 61572,7814396135 64993,1723410776
65406,6153515406 61267,9689848634 64993,1723410776
65406,6153515406 61057,842618965 64993,1723410776
65406,6153515406 61267,9689848634 64993,1723410776
65406,6153515406 61042,775850908 64993,1723410776
65406,6153515406 61145,653117075 64993,1723410776
65406,6153515406 61892,5821879475 64993,1723410776
65406,6153515406 62007,239156947 64993,1723410776
65406,6153515406 61013,4646548901 64993,1723410776
65406,6153515406 60942,4270839077 64993,1723410776
65406,6153515406 61042,775850908 64993,1723410776
65406,6153515406 60518,6994072204 64993,1723410776
65406,6153515406 60437,4411772709 64993,1723410776
65406,6153515406 61057,842618965 64993,1723410776
65406,6153515406 61854,0182372685 64993,1723410776
65406,6153515406 61197,6171044815 64993,1723410776
65406,6153515406 61061,749787609 64993,1723410776
65406,6153515406 61129,7823941874 64993,1723410776
65406,6153515406 61333,0753003579 64993,1723410776
65406,6153515406 60306,5979719542 64993,1723410776
65406,6153515406 60518,6994072204 64993,1723410776
65406,6153515406 61655,4808865942 64993,1723410776
65406,6153515406 60393,3226057218 64993,1723410776
65406,6153515406 61294,0294526486 64993,1723410776
65406,6153515406 61190,3860697097 64993,1723410776
65406,6153515406 61634,2231766376 64996,8109818841
65406,6153515406 62037,0370013806 64996,8109818841
65406,6153515406 61061,749787609 64999,2399268712
65406,6153515406 60564,6091472572 64999,2399268712
65406,6153515406 61602,687568166 64999,2399268712
65406,6153515406 61042,775850908 64999,2399268712
65406,6153515406 61286,0699132326 64999,2399268712
65406,6153515406 61651,3122681318 64999,2399268712
65406,6153515406 61197,6171044815 64999,2399268712
65406,6153515406 61287,2428203313 64999,2399268712
65406,6153515406 61267,9689848634 64999,2399268712
65406,6153515406 60937,0803282168 64999,2399268712
65406,6153515406 60915,8600609413 64999,2399268712
65406,6153515406 61951,8687779019 64999,2399268712
65406,6153515406 61286,0699132326 64999,2399268712
65406,6153515406 61050,5358664252 64999,2399268712
65406,6153515406 61482,1040342634 64999,2399268712
65406,6153515406 60915,8600609413 64999,2399268712
65406,6153515406 60578,7121684914 64999,2399268712
65406,6153515406 61988,7840144942 64999,2399268712
65406,6153515406 60437,4411772709 64999,2399268712
65406,6153515406 61621,1379233187 64999,2399268712
65406,6153515406 61013,4646548901 64999,2399268712
65406,6153515406 61042,775850908 64999,2399268712
65406,6153515406 60960,3007397881 64999,2399268712
65406,6153515406 60578,7121684914 64999,2399268712
65406,6153515406 61402,568970862 64999,2399268712
65406,6153515406 61417,5808349243 64999,2399268712
65406,6153515406 61615,2059229533 64999,2399268712
65406,6153515406 61061,749787609 64999,2399268712
65406,6153515406 60960,3007397881 64999,2399268712
65406,6153515406 61120,6965804394 64999,2399268712
65406,6153515406 61057,842618965 64999,2399268712
65406,6153515406 61287,2428203313 64999,2399268712
65406,6153515406 60960,3007397881 64999,2399268712
65406,6153515406 60437,4411772709 64999,2399268712
65406,6153515406 61245,7780702095 64999,2399268712
65406,6153515406 61042,775850908 64999,2399268712
65406,6153515406 60578,7121684914 64999,2399268712
65406,6153515406 61279,3576456652 64999,2399268712
65406,6153515406 61197,6171044815 64999,2399268712
65406,6153515406 61593,9494634785 64999,2399268712
65406,6153515406 60443,6579680206 64999,2399268712
65406,6153515406 61294,0294526486 64999,2399268712
65406,6153515406 61061,749787609 64999,2399268712
65406,6153515406 61294,0294526486 64999,2399268712
65406,6153515406 61701,5388646008 64999,2399268712
65406,6153515406 61621,1379233187 64999,2399268712
65406,6153515406 60578,7121684914 64999,2399268712
65406,6153515406 61042,775850908 64999,2399268712
65406,6153515406 60565,3133820454 64999,2399268712
65406,6153515406 60946,5509637459 64999,2399268712
65406,6153515406 60437,4411772709 64999,2399268712
65406,6153515406 60410,3789810564 64999,2399268712
65406,6153515406 60942,4270839077 64999,2399268712
65406,6153515406 61246,5494511724 64999,2399268712
65406,6153515406 61145,653117075 64999,2399268712
65406,6153515406 61287,2428203313 64999,2399268712
65406,6153515406 61061,749787609 64999,2399268712
65406,6153515406 60915,8600609413 64999,2399268712
65406,6153515406 60437,4411772709 64999,2399268712
65406,6153515406 61013,4646548901 64999,2399268712
65406,6153515406 60915,8600609413 64999,2399268712
65406,6153515406 61190,3860697097 64999,2399268712
65406,6153515406 61308,1545977181 64999,2399268712
65406,6153515406 60306,5979719542 64999,2399268712
65406,6153515406 61687,4112518377 64999,2399268712
65406,6153515406 61282,9426843452 64999,2399268712
65406,6153515406 61042,775850908 64999,2399268712
65406,6153515406 61042,775850908 64999,2399268712
65406,6153515406 60443,6579680206 64999,2399268712
65406,6153515406 60578,7121684914 64999,2399268712
65406,6153515406 61145,653117075 64999,2399268712
65406,6153515406 61333,0753003579 64999,2399268712
65406,6153515406 61814,5962834579 64999,2399268712
65406,6153515406 61061,749787609 64999,2399268712
65406,6153515406 60564,6091472572 64999,2399268712
65406,6153515406 61042,775850908 64999,2399268712
65406,6153515406 61190,3860697097 64999,2399268712
65406,6153515406 60578,7121684914 64999,2399268712
65406,6153515406 60942,4270839077 64999,2399268712
65406,6153515406 61120,6965804394 64999,2399268712
65406,6153515406 61346,1699879559 64999,2399268712
65406,6153515406 61421,6688491931 64999,2399268712
65406,6153515406 61355,7044239243 64999,2399268712
65406,6153515406 61050,5358664252 64999,2399268712
65406,6153515406 61632,8385366301 64999,2399268712
65406,6153515406 60946,5509637459 64999,2399268712
65406,6153515406 60453,4281700904 64999,2399268712
65406,6153515406 61299,1527737347 64999,2399268712
65406,6153515406 61042,775850908 64999,2399268712
65406,6153515406 61120,6965804394 64999,2399268712
65406,6153515406 61308,1545977181 64999,2399268712
65406,6153515406 61145,653117075 64999,2399268712
65406,6153515406 61145,653117075 64999,2399268712
65406,6153515406 61545,9466260607 64999,2399268712
65406,6153515406 61383,8126922201 64999,2399268712
65406,6153515406 60443,6579680206 64999,2399268712
65406,6153515406 60410,3789810564 64999,2399268712
65406,6153515406 61267,9689848634 64999,2399268712
65406,6153515406 61261,5209389791 64999,2399268712
65406,6153515406 61383,8126922201 64999,2399268712
65406,6153515406 60443,6579680206 64999,2399268712
65406,6153515406 61013,4646548901 64999,2399268712
65406,6153515406 61246,5494511724 64999,2399268712
65406,6153515406 61061,749787609 64999,2399268712
65406,6153515406 61129,7823941874 64999,2399268712
65406,6153515406 61294,0294526486 64999,2399268712
65406,6153515406 60564,6091472572 64999,2399268712
65406,6153515406 61648,2238540659 64999,2399268712
65406,6153515406 60960,3007397881 64999,2399268712
65406,6153515406 61533,1084390147 64999,2399268712
65406,6153515406 60410,3789810564 64999,2399268712
65406,6153515406 61653,3382397682 64999,2399268712
65406,6153515406 61356,1100833048 64999,2399268712
65406,6153515406 61120,6965804394 64999,2399268712
65406,6153515406 61245,7780702095 64999,2399268712
65406,6153515406 61282,9426843452 64999,2399268712
65406,6153515406 60453,4281700904 64999,2399268712
65406,6153515406 60915,8600609413 64999,2399268712
65406,6153515406 62106,5804992032 64999,2399268712
65406,6153515406 60915,8600609413 64999,2399268712
65406,6153515406 60960,3007397881 64999,2399268712
65406,6153515406 61866,5361451238 64999,2399268712
65406,6153515406 61439,6240436906 64999,2399268712
65406,6153515406 62148,4936236655 64999,2399268712
65406,6153515406 61254,3590018225 64999,2399268712
65406,6153515406 61050,5358664252 64999,2399268712
65406,6153515406 60565,3133820454 64999,2399268712
65406,6153515406 60915,8600609413 64999,2399268712
65406,6153515406 61854,0182372685 64999,2399268712
65406,6153515406 61758,863152782 64999,2399268712
65406,6153515406 60453,4281700904 64999,2399268712
65406,6153515406 61008,6542653658 64999,2399268712
65406,6153515406 60565,3133820454 64999,2399268712
65406,6153515406 61254,3590018225 64999,2399268712
65406,6153515406 60915,8600609413 64999,2399268712
65406,6153515406 60437,4411772709 64999,2399268712
65406,6153515406 61061,749787609 64999,2399268712
65406,6153515406 61042,775850908 64999,2399268712
65406,6153515406 61197,6171044815 64999,2399268712
65406,6153515406 61061,749787609 64999,2399268712
65406,6153515406 61333,0753003579 64999,2399268712
65406,6153515406 61533,1084390147 64999,2399268712
65406,6153515406 61061,749787609 64999,2399268712
65406,6153515406 60942,4270839077 64999,2399268712
65406,6153515406 60453,4281700904 64999,2399268712
65406,6153515406 61829,1280706436 64999,2399268712
65406,6153515406 61057,842618965 64999,2399268712
65406,6153515406 61308,1545977181 64999,2399268712
65406,6153515406 60942,4270839077 64999,2399268712
65406,6153515406 61433,208742713 64999,2399268712
65406,6153515406 61691,8098358703 64999,2399268712
65406,6153515406 60453,4281700904 64999,2399268712
65406,6153515406 61246,5494511724 64999,2399268712
65406,6153515406 60437,4411772709 64999,2399268712
65406,6153515406 60410,3789810564 64999,2399268712
65406,6153515406 61333,0753003579 64999,2399268712
65406,6153515406 61050,5358664252 64999,2399268712
65406,6153515406 60915,8600609413 64999,2399268712
65406,6153515406 60960,3007397881 64999,2399268712
65406,6153515406 61197,6171044815 64999,2399268712
65406,6153515406 62047,7440670589 64999,2399268712
65406,6153515406 61061,749787609 64999,2399268712
65406,6153515406 61061,749787609 64999,2399268712
65406,6153515406 60960,3007397881 64999,2399268712
65406,6153515406 61619,4025182342 64999,2399268712
65406,6153515406 61481,5484254871 64999,2399268712
65406,6153515406 61533,1084390147 64999,2399268712
65406,6153515406 60915,8600609413 64999,2399268712
65406,6153515406 61491,0213672247 64999,2399268712
65406,6153515406 60306,5979719542 64999,2399268712
65406,6153515406 61806,9530314679 64999,2399268712
65406,6153515406 61333,0753003579 64999,2399268712
65406,6153515406 61550,3697134384 64999,2399268712
65406,6153515406 61437,4748859982 64999,2399268712
65406,6153515406 61437,4748859982 64999,2399268712
65406,6153515406 60565,3133820454 64999,2399268712
65406,6153515406 62081,2647527482 64999,2399268712
65406,6153515406 62006,4411883324 64999,2399268712
65406,6153515406 60946,5509637459 64999,2399268712
65406,6153515406 60410,3789810564 64999,2399268712
65406,6153515406 61129,7823941874 64999,2399268712
65406,6153515406 61287,2428203313 64999,2399268712
65406,6153515406 61145,653117075 64999,2399268712
65406,6153515406 61197,6171044815 64999,2399268712
65406,6153515406 61013,4646548901 64999,2399268712
65406,6153515406 60578,7121684914 64999,2399268712
65406,6153515406 60410,3789810564 64999,2399268712
65406,6153515406 61013,4646548901 64999,2399268712
65406,6153515406 60915,8600609413 64999,2399268712
65406,6153515406 60960,3007397881 64999,2399268712
65406,6153515406 60306,5979719542 64999,2399268712
65406,6153515406 61340,5900127379 64999,2399268712
65406,6153515406 61057,842618965 64999,2399268712
65406,6153515406 61261,5209389791 64999,2399268712
65406,6153515406 61356,1100833048 64999,2399268712
65406,6153515406 60565,3133820454 64999,2399268712
65406,6153515406 61356,1100833048 64999,2399268712
65406,6153515406 61129,7823941874 64999,2399268712
65406,6153515406 61299,1527737347 64999,2399268712
65406,6153515406 61437,4748859982 64999,2399268712
65406,6153515406 60437,4411772709 64999,2399268712
65406,6153515406 60437,4411772709 64999,2399268712
65406,6153515406 60946,5509637459 64999,2399268712
65406,6153515406 61417,5808349243 64999,2399268712
65406,6153515406 60937,0803282168 64999,2399268712
65406,6153515406 61287,2428203313 64999,2399268712
65406,6153515406 61356,1100833048 64999,2399268712
65406,6153515406 60564,6091472572 64999,2399268712
65406,6153515406 61482,1040342634 64999,2399268712
65406,6153515406 61402,568970862 64999,2399268712
65406,6153515406 60915,8600609413 64999,2399268712
65406,6153515406 61061,749787609 64999,2399268712
65406,6153515406 61402,568970862 64999,2399268712
65406,6153515406 61254,3590018225 64999,2399268712
65406,6153515406 61182,0467033094 64999,2399268712
65406,6153515406 61246,5494511724 64999,2399268712
65406,6153515406 61651,2681036962 64999,2399268712
65406,6153515406 61245,7780702095 64999,2399268712
65406,6153515406 60443,6579680206 64999,2399268712
65406,6153515406 61286,0699132326 64999,2399268712
65406,6153515406 61758,863152782 64999,2399268712
65406,6153515406 60410,3789810564 64999,2399268712
65406,6153515406 61050,5358664252 64999,2399268712
65406,6153515406 61421,6688491931 64999,2399268712
65406,6153515406 61299,1527737347 64999,2399268712
65406,6153515406 61261,5209389791 64999,2399268712
65406,6153515406 60306,5979719542 64999,2399268712
183,855165424758
65406,6153515406 64999,2399268712 64799,5396249004
