44149,9416521023 31195,0471648439 43538,3403419563
47006,7402357148 34010,8761324531 45202,0388009492
47662,019554656 35278,6545522694 46647,2871122771
50242,4878457145 35478,078249272 48233,5034604111
50450,5318280952 37484,5612228369 49100,7028264893
51399,4463150562 40020,6668105489 49906,6385967739
52388,5012620492 39743,7401036073 50649,3537269989
52509,487430297 40737,3357579544 51510,5464323634
53075,3568441213 41555,73871463 52009,9105735463
53865,4332145975 42497,2669488991 52619,4463772452
54316,0377604493 44044,9155136718 53145,7006274187
55057,3789776812 43722,9140489056 53578,6473029233
55544,6438046701 45636,4228797323 54094,4340612226
56439,7987103249 47029,5702393055 54795,9599101702
56459,2186660571 46907,0158301671 55081,5862738459
57103,4082353141 48277,9365201966 55528,4116626413
57525,4177794936 48596,1856884069 55944,6509982827
57576,8548526989 49385,0017770094 56347,7904417594
57764,9846720385 48770,1686281562 56603,0194477651
58386,8183579546 50104,744851502 56885,9466165778
58386,8183579546 51006,7395633225 57195,0373581293
58688,8643654249 51122,9906089526 57552,0988001333
58928,5416565939 50688,0887505566 57678,7730297387
59191,6820851232 51324,8055049267 57948,6318124746
59254,3676956656 52398,5969881295 58179,6461813701
59683,8486644264 51943,8906717799 58395,9946016248
59898,5065599629 53389,1936542116 58714,7739504547
60115,8164460309 52201,8689837236 59002,3086764253
60118,0462260086 53367,4730152281 59079,666002263
60273,9519532407 53565,1708381608 59259,7655535018
60604,4397853751 53232,3278215383 59402,4959451604
60803,1893671526 53271,2757812981 59487,6451575811
60858,2623758979 53282,0602488999 59640,1254837543
60858,2623758979 54650,1953709879 59795,4573736782
61125,4913710744 52520,5156021815 59897,8736806484
61219,2043368122 54517,8923149074 60120,5053247763
61219,2043368122 54942,8650507702 60232,6296886422
61474,7703184952 54167,623953408 60341,144475028
61824,0261462493 54380,3779129001 60484,049200115
62005,4938350874 54172,6812063249 60568,9214733294
62005,4938350874 55500,0374409089 60692,562811237
62005,4938350874 54763,3844022484 60823,824760916
62141,1926371483 53600,1454564297 60907,2303517813
62141,1926371483 55995,527988353 61038,4871285371
62175,5756590247 55524,885618681 61208,1458763513
62349,411298497 56076,7250302184 61327,7957356005
62499,2262954612 55810,3034194764 61407,2421645685
62517,8938111397 56230,829172025 61530,374108243
62517,8938111397 56636,5858424889 61604,2271211884
62517,8938111397 56706,4563313243 61672,8179572427
62583,2419528241 56705,1295116648 61717,0591271637
62601,9094685026 57194,2230913305 61784,1788252863
62601,9094685026 57516,9196920135 61830,4164818711
62601,9094685026 57811,064821729 61869,7588889106
62601,9094685026 57266,2516035003 61958,4589919649
62621,3928841686 55914,4211326698 62013,1284878337
62814,9655317309 57674,3641210321 62061,3956339066
62826,3455647194 57992,6572875396 62112,445944827
62826,3455647194 57566,4866851476 62236,875621015
62826,3455647194 55085,7514668065 62265,701066497
62921,1061084092 57079,1783946464 62296,5706605699
62921,1061084092 58268,7198590411 62324,1863264967
62921,1061084092 58496,7435900489 62382,1051775147
62962,1723015182 58256,9535414001 62424,8120795363
63052,3684606347 56964,0493696347 62476,7942578781
63052,3684606347 58379,3405442327 62500,9962426491
63073,4608240274 57593,6488501352 62568,0022392726
63091,4057883671 58636,5839904178 62623,7033714498
63112,4981517598 58346,6037539341 62644,5336901407
63112,4981517598 58220,0148966515 62723,656417599
63112,4981517598 58278,5309779884 62789,1370571574
63112,4981517598 58572,4723750946 62805,0419033206
63112,4981517598 57845,5966584407 62858,1108155195
63112,4981517598 57872,3305921203 62870,2550216336
63209,4431020129 58633,6949142656 62906,2598061128
63209,4431020129 58815,5543027493 62930,7098429261
63271,7542711006 58257,7778376136 62972,4101328168
63271,7542711006 58924,6142934388 63024,7038503488
63271,7542711006 58499,7485975467 63062,2543448474
63274,5320271947 58227,8702799721 63097,3688052631
63412,4236058999 58868,2651433924 63142,6666215086
63588,6986862204 57566,6888978009 63264,9174363983
63632,4139603358 57804,0423380655 63306,9792152617
63632,4139603358 58531,8543551367 63312,8265961643
63773,241374704 58921,3133181884 63344,6095515619
63773,241374704 59055,6987817361 63377,15901313
63792,2808944137 58216,6027783575 63379,062965101
63876,2056508587 59013,6698381767 63428,7109356387
63925,4277506573 59283,3561638064 63437,9864084388
63945,2693989744 59307,4150467089 63496,3656533692
63999,614331253 59263,0289069749 63538,0448286549
64104,1619613361 59736,7750874812 63582,745353663
64119,3674754315 59324,436536188 63609,5892424599
64121,4089902512 59960,5582042548 63642,7864644094
64157,1505594809 58898,1239449825 63647,0420437403
64157,1505594809 59972,1978807486 63668,2170703813
64165,6041129069 58032,4628608788 63684,759492866
64165,6041129069 58801,7479366147 63694,321170412
64237,6599324356 58833,3374582184 63790,3373036996
64237,6599324356 59108,734930483 63815,596142792
64302,6163475052 59310,4054401457 63834,3006019761
64370,7127081351 59964,5847184354 63885,124325143
64370,7127081351 59903,4395417006 63908,0586368269
64392,442688957 57900,114419611 63947,4072812887
64419,8736398248 58735,0961939151 63955,0715987598
64562,0822374223 59276,1189798403 63979,3220235238
64594,4027618351 59056,6930205977 63984,4220698956
64651,9085788741 58070,7373713125 63992,1256247169
64651,9085788741 58824,1818889811 63998,0805639835
64651,9085788741 59096,7379526465 64005,5690848878
64651,9085788741 59658,6467685984 64005,5690848878
64791,3010960098 60004,7663269924 64089,568269662
64791,3010960098 59181,8902275479 64092,3441609309
64791,3010960098 60453,4630470879 64093,6812793264
64791,3010960098 59614,0213705786 64116,1893622369
64791,3010960098 58919,5747333885 64130,6337367307
64791,3010960098 59401,5636697712 64156,0460188627
64791,3010960098 60279,7690665124 64160,3933458363
64791,3010960098 60261,182349635 64164,7384968683
64791,3010960098 59770,0554539292 64164,7384968683
64804,659821161 60659,4145280933 64166,0743693835
64804,659821161 60410,4555664367 64166,3255628226
64804,659821161 60541,3938892133 64178,0096977582
64804,659821161 59757,1216843906 64180,9730514822
64804,659821161 60390,0925755039 64185,4637059342
64804,659821161 60061,2185329239 64195,8275110271
64804,659821161 59303,9989472187 64213,5755226614
64804,659821161 60237,5975927983 64215,098526005
64804,659821161 60360,9454137542 64232,4835234692
64804,659821161 59562,6030019809 64244,2636600027
64804,659821161 59168,4098279351 64256,0090694936
64804,659821161 59676,4919180357 64256,6597056033
64804,659821161 59847,1441945053 64260,2410109086
64804,659821161 60416,4945963798 64270,9823947984
64804,659821161 60034,2476161762 64281,222746861
64804,659821161 60597,7986495207 64283,5082355779
64804,659821161 59018,6264103397 64292,5093634962
64804,659821161 59821,5625181297 64293,7979719254
64804,659821161 59764,8089057399 64296,5952910289
64804,659821161 59993,8014218054 64314,2555879294
64804,659821161 59018,6264103397 64325,2485309811
64804,659821161 60581,3384472427 64350,058690046
64804,659821161 59579,2344801748 64353,455693073
64804,659821161 59666,9441098956 64370,6166900748
64804,659821161 59739,5270864739 64378,6373916137
64804,659821161 60969,9622274247 64379,6909002539
64804,659821161 59665,175466834 64391,8121813392
64804,659821161 60487,9239605846 64391,8121813392
64804,659821161 61321,7172483957 64412,4776061648
64804,659821161 61177,9015009565 64414,0006381932
64804,659821161 59864,7109573926 64437,4714009627
64804,659821161 60863,8794626589 64437,616919453
64804,659821161 59562,6030019809 64437,616919453
64804,659821161 59937,9116295348 64460,649118487
64804,659821161 60299,6638795756 64460,649118487
64804,659821161 59463,3993000878 64460,649118487
64804,659821161 59463,3993000878 64460,649118487
64804,659821161 60284,8415205745 64461,3276657518
64804,659821161 59435,5318769024 64461,9783018616
64804,659821161 60253,7996752899 64461,9783018616
64804,659821161 60181,6661261317 64463,9739305063
64804,659821161 59968,2872546633 64474,4676856975
64804,659821161 60045,2156024966 64474,4676856975
64804,659821161 59968,2872546633 64475,1685471243
64804,659821161 59859,3352674319 64475,1685471243
64804,659821161 59968,2872546633 64475,8191832341
64804,659821161 60060,1597967177 64478,9919389149
64804,659821161 60203,5866876296 64478,9919389149
64804,659821161 60009,647038011 64478,9919389149
64811,6191629132 59560,590892214 64479,6878730901
64811,6191629132 59562,6030019809 64479,6878730901
64811,6191629132 60647,6509348217 64479,6878730901
64811,6191629132 60524,2814647251 64479,6878730901
64811,6191629132 59560,590892214 64479,6878730901
64811,6191629132 60133,9084246364 64480,3123144118
64811,6191629132 60944,7706467261 64481,715481576
64811,6191629132 60631,6689339362 64483,1676885411
64811,6191629132 60895,6021163511 64483,1676885411
64811,6191629132 60900,378141022 64483,1676885411
64811,6191629132 60459,0822744907 64484,5570815991
64811,6191629132 60524,2814647251 64502,6457771246
64811,6191629132 60631,6689339362 64503,3530007753
64811,6191629132 59432,5136128494 64503,3530007753
64811,6191629132 59103,6757238148 64503,3530007753
64811,6191629132 60013,2566765997 64503,3530007753
64811,6191629132 59886,6381894274 64503,3530007753
64811,6191629132 60375,7929809547 64503,3530007753
64811,6191629132 60076,3788781558 64503,3530007753
64811,6191629132 59866,2727442822 64511,4494063526
64811,6191629132 60412,7690678796 64511,4494063526
64811,6191629132 60013,2566765997 64511,4494063526
64811,6191629132 59568,3016716 64511,4494063526
64811,6191629132 60284,8415205745 64511,4494063526
64811,6191629132 60944,7706467261 64511,4494063526
64811,6191629132 60009,647038011 64511,4494063526
64811,6191629132 59820,834315012 64511,4494063526
64811,6191629132 60977,558791195 64511,4494063526
64811,6191629132 60909,5718467991 64511,4494063526
64811,6191629132 60779,278208088 64511,4494063526
64811,6191629132 60060,1597967177 64511,4494063526
64811,6191629132 60944,7706467261 64514,3461411512
64811,6191629132 60452,9290055281 64514,3461411512
64811,6191629132 60041,745098019 64514,3461411512
64811,6191629132 60863,8794626589 64514,3461411512
64811,6191629132 60268,1539112362 64515,0705912632
64811,6191629132 59463,3993000878 64515,0705912632
64811,6191629132 60439,420077248 64515,0705912632
64811,6191629132 60764,439648489 64515,0705912632
64811,6191629132 60614,6026287142 64515,0705912632
64811,6191629132 60312,0167993495 64519,2065257497
64811,6191629132 60375,7929809547 64519,2065257497
64811,6191629132 60375,7929809547 64519,2065257497
64811,6191629132 60058,0514236966 64519,2065257497
64811,6191629132 60118,4688246876 64519,2065257497
64811,6191629132 60778,7645749226 64521,5876390017
64811,6191629132 59886,6381894274 64521,5876390017
64811,6191629132 59243,4455561519 64521,5876390017
64811,6191629132 60671,4969932697 64528,0831753184
65002,7563116558 60466,2209113641 64560,7724957001
65002,7563116558 59243,4455561519 64560,7724957001
65002,7563116558 60452,9290055281 64560,7724957001
65002,7563116558 59243,4455561519 64560,7724957001
65002,7563116558 60312,0167993495 64560,7724957001
65002,7563116558 59866,2727442822 64565,4137050233
65002,7563116558 61107,3024988673 64565,4137050233
65002,7563116558 60312,0167993495 64565,4137050233
65002,7563116558 61234,7654348873 64565,4137050233
65002,7563116558 60902,6743528586 64565,4137050233
65002,7563116558 60356,7036728094 64565,4137050233
65002,7563116558 60312,0167993495 64565,4137050233
65002,7563116558 60736,7373436342 64565,4137050233
65002,7563116558 60275,5380055223 64565,4137050233
65002,7563116558 59951,7471172293 64565,4137050233
65002,7563116558 60952,8869315717 64565,4137050233
65002,7563116558 60058,0514236966 64565,4137050233
65002,7563116558 60312,0167993495 64565,4137050233
65002,7563116558 59866,2727442822 64565,4137050233
65002,7563116558 60863,8794626589 64565,4137050233
65002,7563116558 59463,3993000878 64565,4137050233
65002,7563116558 60312,0167993495 64565,4137050233
65002,7563116558 60466,2209113641 64565,4137050233
65002,7563116558 59358,7812494534 64565,4137050233
65002,7563116558 61137,6794908912 64565,4137050233
65002,7563116558 60731,3956100526 64565,4137050233
65002,7563116558 59358,7812494534 64565,4137050233
65002,7563116558 61101,0200346665 64565,4137050233
65002,7563116558 60740,3235066088 64565,4137050233
65002,7563116558 59820,834315012 64565,4137050233
65002,7563116558 59358,7812494534 64565,4137050233
65002,7563116558 59768,6949505686 64565,4137050233
65002,7563116558 59243,4455561519 64565,4137050233
65002,7563116558 60140,883338141 64565,4137050233
65002,7563116558 60567,0389657703 64565,4137050233
65002,7563116558 60825,1559264209 64565,4137050233
65002,7563116558 59463,3993000878 64565,4137050233
65002,7563116558 60041,745098019 64565,8951008585
65002,7563116558 60597,4105591819 64565,8951008585
65002,7563116558 59768,6949505686 64565,8951008585
65002,7563116558 60298,504635461 64565,8951008585
65002,7563116558 59820,834315012 64565,8951008585
65002,7563116558 59951,7471172293 64565,8951008585
65002,7563116558 60778,7645749226 64565,8951008585
65002,7563116558 60567,0389657703 64565,8951008585
65002,7563116558 61147,3136813662 64565,8951008585
65002,7563116558 60375,7929809547 64565,8951008585
65002,7563116558 60979,8662892818 64565,8951008585
65002,7563116558 60058,0514236966 64565,8951008585
65002,7563116558 60689,5346629777 64565,8951008585
65002,7563116558 60614,6026287142 64565,8951008585
65002,7563116558 60375,7929809547 64565,8951008585
65002,7563116558 60118,4688246876 64565,8951008585
65002,7563116558 60485,6391517253 64565,8951008585
65002,7563116558 60985,44910642 64565,8951008585
65002,7563116558 60236,4142415468 64565,8951008585
65002,7563116558 60058,0514236966 64565,8951008585
65002,7563116558 59463,3993000878 64565,8951008585
65002,7563116558 60118,4688246876 64565,8951008585
65002,7563116558 60029,0174685938 64565,8951008585
65002,7563116558 60203,5866876296 64565,8951008585
65002,7563116558 60531,2642924786 64565,8951008585
65002,7563116558 60984,4310402397 64565,8951008585
65002,7563116558 60827,2963795477 64565,8951008585
65002,7563116558 59768,6949505686 64565,8951008585
65002,7563116558 59866,2727442822 64565,8951008585
65002,7563116558 60991,530118491 64565,8951008585
65002,7563116558 59358,7812494534 64565,8951008585
65002,7563116558 60380,362171357 64565,8951008585
65002,7563116558 59866,2727442822 64565,8951008585
65002,7563116558 60779,278208088 64565,8951008585
65002,7563116558 60764,439648489 64565,8951008585
65002,7563116558 60601,3081376337 64565,8951008585
65002,7563116558 59866,2727442822 64565,8951008585
65002,7563116558 59463,3993000878 64565,8951008585
65002,7563116558 60614,6026287142 64565,8951008585
65002,7563116558 59820,834315012 64565,8951008585
65002,7563116558 60375,7929809547 64565,8951008585
65002,7563116558 60601,3081376337 64565,8951008585
65002,7563116558 59243,4455561519 64565,8951008585
65002,7563116558 61149,2486481641 64565,8951008585
65002,7563116558 60487,9239605846 64565,8951008585
65002,7563116558 60298,504635461 64565,8951008585
65002,7563116558 59243,4455561519 64565,8951008585
65002,7563116558 61056,9791111132 64565,8951008585
65002,7563116558 59243,4455561519 64565,8951008585
65002,7563116558 59866,2727442822 64565,8951008585
65002,7563116558 60452,9290055281 64565,8951008585
65002,7563116558 60531,2642924786 64565,8951008585
65002,7563116558 60605,3649060787 64565,8951008585
65002,7563116558 59568,3016716 64565,8951008585
65002,7563116558 59243,4455561519 64565,8951008585
65002,7563116558 60140,883338141 64565,8951008585
65002,7563116558 60620,6257989165 64565,8951008585
65002,7563116558 61011,2474605048 64565,8951008585
65002,7563116558 60430,3500220586 64565,8951008585
65002,7563116558 59568,3016716 64565,8951008585
65002,7563116558 60689,5346629777 64565,8951008585
65002,7563116558 60999,9941898599 64565,8951008585
65002,7563116558 60736,7373436342 64565,8951008585
65002,7563116558 60118,4688246876 64565,8951008585
65002,7563116558 60058,0514236966 64565,8951008585
65002,7563116558 60058,0514236966 64565,8951008585
65002,7563116558 59768,6949505686 64565,8951008585
65002,7563116558 60466,2209113641 64565,8951008585
65002,7563116558 60203,5866876296 64565,8951008585
65002,7563116558 60452,9290055281 64565,8951008585
65002,7563116558 60487,9239605846 64565,8951008585
65002,7563116558 60671,4969932697 64565,8951008585
65002,7563116558 60430,3500220586 64565,8951008585
65002,7563116558 60356,7036728094 64565,8951008585
65002,7563116558 60280,2729302749 64565,8951008585
65002,7563116558 61139,4666440389 64565,8951008585
65002,7563116558 61098,359683286 64565,8951008585
65002,7563116558 60952,8869315717 64565,8951008585
65002,7563116558 60041,745098019 64565,8951008585
65002,7563116558 59463,3993000878 64565,8951008585
65002,7563116558 60208,0464028107 64565,8951008585
65002,7563116558 60029,0174685938 64565,8951008585
65002,7563116558 60952,8869315717 64565,8951008585
65002,7563116558 60058,0514236966 64565,8951008585
65002,7563116558 60312,0167993495 64565,8951008585
65002,7563116558 59951,7471172293 64565,8951008585
65002,7563116558 60041,745098019 64565,8951008585
65002,7563116558 60331,5178909889 64565,8951008585
65002,7563116558 60605,3649060787 64565,8951008585
65002,7563116558 60140,883338141 64565,8951008585
65002,7563116558 60740,3235066088 64565,8951008585
65002,7563116558 60298,504635461 64565,8951008585
65002,7563116558 60375,7929809547 64565,8951008585
65002,7563116558 59463,3993000878 64565,8951008585
65002,7563116558 60994,653871465 64565,8951008585
65002,7563116558 60280,2729302749 64565,8951008585
65002,7563116558 60208,0464028107 64565,8951008585
65002,7563116558 59243,4455561519 64565,8951008585
65002,7563116558 60827,2963795477 64565,8951008585
65002,7563116558 59358,7812494534 64565,8951008585
65002,7563116558 60268,1539112362 64565,8951008585
65002,7563116558 60689,5346629777 64565,8951008585
65002,7563116558 60058,0514236966 64565,8951008585
65002,7563116558 59463,3993000878 64565,8951008585
65002,7563116558 60736,7373436342 64565,8951008585
65002,7563116558 59463,3993000878 64565,8951008585
65002,7563116558 61085,0393359372 64565,8951008585
65002,7563116558 61090,6386113449 64565,8951008585
65002,7563116558 59243,4455561519 64565,8951008585
65002,7563116558 59866,2727442822 64565,8951008585
65002,7563116558 60863,8794626589 64565,8951008585
65002,7563116558 60118,4688246876 64565,8951008585
65002,7563116558 60601,3081376337 64565,8951008585
65002,7563116558 60485,6391517253 64565,8951008585
65002,7563116558 61114,3448412308 64565,8951008585
65002,7563116558 60620,6257989165 64565,8951008585
65002,7563116558 60601,3081376337 64565,8951008585
65002,7563116558 59768,6949505686 64565,8951008585
65002,7563116558 59568,3016716 64565,8951008585
65002,7563116558 60298,504635461 64565,8951008585
65002,7563116558 60118,4688246876 64565,8951008585
65002,7563116558 59866,2727442822 64565,8951008585
65002,7563116558 61195,780972416 64565,8951008585
65002,7563116558 60899,1898632915 64565,8951008585
65002,7563116558 60356,7036728094 64565,8951008585
65002,7563116558 59243,4455561519 64565,8951008585
65002,7563116558 59463,3993000878 64565,8951008585
65002,7563116558 60060,1597967177 64565,8951008585
65002,7563116558 60380,362171357 64565,8951008585
65002,7563116558 59866,2727442822 64565,8951008585
65002,7563116558 59768,6949505686 64565,8951008585
65002,7563116558 59243,4455561519 64565,8951008585
65002,7563116558 60236,4142415468 64565,8951008585
65002,7563116558 60208,0464028107 64565,8951008585
65002,7563116558 59768,6949505686 64565,8951008585
65002,7563116558 60312,0167993495 64565,8951008585
65002,7563116558 60208,0464028107 64565,8951008585
65002,7563116558 59951,7471172293 64565,8951008585
65002,7563116558 60041,745098019 64565,8951008585
65002,7563116558 59866,2727442822 64565,8951008585
65002,7563116558 59866,2727442822 64565,8951008585
65002,7563116558 60689,5346629777 64565,8951008585
65002,7563116558 60280,2729302749 64565,8951008585
65002,7563116558 59568,3016716 64565,8951008585
65002,7563116558 60312,0167993495 64565,8951008585
65002,7563116558 61304,6618455613 64565,8951008585
65002,7563116558 60029,0174685938 64565,8951008585
65002,7563116558 59358,7812494534 64565,8951008585
65002,7563116558 59463,3993000878 64565,8951008585
65002,7563116558 60485,6391517253 64565,8951008585
65002,7563116558 59820,834315012 64565,8951008585
65002,7563116558 59463,3993000878 64565,8951008585
65002,7563116558 60466,2209113641 64565,8951008585
65002,7563116558 60740,3235066088 64565,8951008585
65002,7563116558 60838,7690188262 64565,8951008585
65002,7563116558 60331,5178909889 64565,8951008585
65002,7563116558 59463,3993000878 64565,8951008585
65002,7563116558 60356,7036728094 64565,8951008585
65002,7563116558 60236,4142415468 64565,8951008585
65002,7563116558 59568,3016716 64565,8951008585
65002,7563116558 60631,6689339362 64565,8951008585
65002,7563116558 60203,5866876296 64565,8951008585
65002,7563116558 59568,3016716 64565,8951008585
65002,7563116558 60452,9290055281 64565,8951008585
65002,7563116558 60614,6026287142 64565,8951008585
65002,7563116558 60140,883338141 64565,8951008585
65002,7563116558 60807,5023371322 64565,8951008585
65002,7563116558 60452,9290055281 64565,8951008585
65002,7563116558 60452,9290055281 64565,8951008585
65002,7563116558 59820,834315012 64565,8951008585
65002,7563116558 60902,6743528586 64565,8951008585
65002,7563116558 61123,4574397349 64565,8951008585
65002,7563116558 60838,7690188262 64565,8951008585
65002,7563116558 60298,504635461 64565,8951008585
65002,7563116558 60375,7929809547 64565,8951008585
65002,7563116558 60058,0514236966 64565,8951008585
65002,7563116558 59243,4455561519 64565,8951008585
65002,7563116558 60208,0464028107 64565,8951008585
65002,7563116558 60828,9174370102 64565,8951008585
65002,7563116558 60356,7036728094 64565,8951008585
65002,7563116558 60312,0167993495 64565,8951008585
65002,7563116558 60764,439648489 64565,8951008585
65002,7563116558 59820,834315012 64565,8951008585
65002,7563116558 60312,0167993495 64565,8951008585
65002,7563116558 59568,3016716 64565,8951008585
65002,7563116558 60118,4688246876 64565,8951008585
65002,7563116558 60985,44910642 64565,8951008585
65002,7563116558 60466,2209113641 64565,8951008585
65002,7563116558 60531,2642924786 64565,8951008585
65002,7563116558 60118,4688246876 64565,8951008585
65002,7563116558 60601,3081376337 64565,8951008585
65002,7563116558 60466,2209113641 64565,8951008585
65002,7563116558 60280,2729302749 64565,8951008585
65002,7563116558 59768,6949505686 64565,8951008585
65002,7563116558 60614,6026287142 64565,8951008585
65002,7563116558 60060,1597967177 64565,8951008585
65002,7563116558 60827,2963795477 64565,8951008585
65002,7563116558 59358,7812494534 64565,8951008585
65002,7563116558 59463,3993000878 64565,8951008585
65002,7563116558 59568,3016716 64565,8951008585
65002,7563116558 59866,2727442822 64565,8951008585
65002,7563116558 61056,9791111132 64565,8951008585
65002,7563116558 60268,1539112362 64565,8951008585
65002,7563116558 59866,2727442822 64565,8951008585
65002,7563116558 59358,7812494534 64565,8951008585
65002,7563116558 59951,7471172293 64565,8951008585
65002,7563116558 60203,5866876296 64565,8951008585
65002,7563116558 59568,3016716 64565,8951008585
65002,7563116558 59568,3016716 64565,8951008585
65002,7563116558 60807,5023371322 64565,8951008585
65002,7563116558 60731,3956100526 64565,8951008585
65002,7563116558 60466,2209113641 64565,8951008585
65002,7563116558 59463,3993000878 64565,8951008585
65002,7563116558 61010,4997829295 64565,8951008585
65002,7563116558 60911,5094379249 64565,8951008585
65002,7563116558 59768,6949505686 64565,8951008585
65002,7563116558 61304,0246978445 64565,8951008585
65002,7563116558 60605,3649060787 64565,8951008585
65002,7563116558 61195,780972416 64565,8951008585
65002,7563116558 60312,0167993495 64565,8951008585
65002,7563116558 60531,2642924786 64565,8951008585
65002,7563116558 59866,2727442822 64565,8951008585
65002,7563116558 60058,0514236966 64565,8951008585
65002,7563116558 60118,4688246876 64565,8951008585
65002,7563116558 60999,9941898599 64565,8951008585
65002,7563116558 60466,2209113641 64565,8951008585
65002,7563116558 61181,2413781414 64565,8951008585
65002,7563116558 60118,4688246876 64565,8951008585
65002,7563116558 59820,834315012 64565,8951008585
65002,7563116558 60838,7690188262 64565,8951008585
65002,7563116558 61001,303994025 64565,8951008585
65002,7563116558 60334,6906874003 64565,8951008585
65002,7563116558 59768,6949505686 64565,8951008585
65002,7563116558 60828,9174370102 64565,8951008585
65002,7563116558 60118,4688246876 64565,8951008585
65002,7563116558 60356,7036728094 64565,8951008585
65002,7563116558 60312,0167993495 64565,8951008585
65002,7563116558 60614,6026287142 64565,8951008585
65002,7563116558 59951,7471172293 64565,8951008585
65002,7563116558 60280,2729302749 64565,8951008585
65002,7563116558 59358,7812494534 64565,8951008585
65002,7563116558 60236,4142415468 64565,8951008585
65002,7563116558 60298,504635461 64565,8951008585
65002,7563116558 60060,1597967177 64565,8951008585
65002,7563116558 60620,6257989165 64565,8951008585
345,889831563173
65002,7563116558 64565,8951008585 63846,4587405831
