26894,7022537933 -19671,6189672001 22857,9668919339
27895,7285279834 -8332,51822895608 25658,3225962569
30290,7171364143 -1967,5810102269 27674,7233095646
34291,8029067898 3199,74608431397 30453,0541153822
34708,8687917463 -113,7718598098 32262,6972314562
35629,4200297174 1982,2092113993 34018,1680988487
37067,2039303254 293,923465184693 35369,5233092143
39510,7470697462 5721,00216865327 36923,5747384315
42702,2277067664 10220,9004030869 38368,0246841852
42702,2277067664 11839,2509540134 39727,3371764475
43406,1582113055 11944,0130022089 40733,3985058547
44039,3826365782 10773,9480254749 41547,0268428903
45742,023131776 18623,6699667318 42715,427887782
45742,023131776 16415,7302822175 43113,8344468946
46441,5808718354 22024,8277498648 44086,7156106913
46974,9102812946 16763,4729898342 44622,7451202737
47758,7314546249 20925,1909388186 45306,5658757222
48650,0746498433 18623,2364280706 46239,5971715156
48726,9680151296 19637,1559379669 46563,2480976267
49513,4281676579 25074,488886317 47268,4745362763
49738,5053390248 17975,1429104464 47686,0709498073
50696,9584494097 24790,6696273257 48206,9650486107
50947,1587623139 27123,17817412 48535,7656401857
51734,0791125901 27960,0028331106 49007,1162004503
52136,9756536482 30831,4973535392 49296,020867731
52839,1509225365 29229,4457215198 49716,6944270119
52849,4919572686 23137,6029164332 50120,2101038758
52933,1321340381 27810,9997923778 50521,6442818653
53349,1082833044 30887,682434575 50864,958776708
53349,1082833044 33547,4677288384 51101,286159824
53417,0596976601 29846,9231417763 51298,4776497473
53644,6758909643 28211,5319726906 51483,8632469949
53753,9448854556 34289,6318294673 51639,9157820982
54003,8551104186 35403,3683963456 51906,7042161506
54232,1203598044 34641,4190416028 52109,5748333356
54522,9727898974 34558,4870643482 52417,4848651491
54545,6269875643 31480,2958465532 52544,563238298
54604,3934834973 35315,2649519761 52894,1852928397
54728,9767149428 37426,7015205206 52997,427042091
54728,9767149428 34391,712465431 53211,7551339006
54838,8171966796 35607,7248130498 53466,8909130017
55248,1577710503 32752,3749189651 53744,0014626822
55248,1577710503 29804,9681684361 53869,7911137369
55384,2599097089 38816,7979505509 54039,4177520709
55384,2599097089 38735,6396929504 54093,486310311
55384,2599097089 36476,1193976569 54320,3472221762
55743,4486409808 37393,5865751379 54458,5948781752
55743,4486409808 37910,1806279766 54582,4088085122
55963,2900569124 33678,2634677444 54670,4316329459
56008,6042434788 39430,030751037 54911,1541818692
56304,3059433921 38878,0261385506 55024,3459603728
56304,3059433921 38598,8310479018 55189,5295316688
56304,3059433921 40212,4306604743 55272,7246186703
56313,9474453394 36997,5097367879 55339,3396963931
56327,9523503293 40790,6410250104 55440,9624444822
56525,0613418971 37999,631944407 55538,4403266592
56534,7028438445 41529,5069783626 55656,6909435757
56548,7077488344 37802,6869513269 55791,0581975616
56555,1706546349 40401,2721343706 55854,5536989157
56555,1706546349 39562,1741121355 55906,5508641125
56720,6421350866 38934,1808462452 55972,7466353321
56721,3876867698 42078,3415147482 56034,7331281154
57089,4239329044 41813,565824679 56197,1858960463
57089,4239329044 39022,4099388687 56266,0032516072
57354,1997549686 39000,6229111573 56325,6638845049
57658,7071709674 42353,0433934132 56428,4096224456
57734,5172228149 37025,9385871467 56511,7125058902
57734,5172228149 39570,6149463813 56583,5303808956
57843,3355645262 37552,3813228452 56618,2513223729
57843,3355645262 38249,7717009742 56655,4889205324
57843,3355645262 43386,128369578 56693,6185347282
57843,3355645262 39068,6458275363 56695,8127434389
57843,3355645262 40999,1390179141 56702,7884254359
57843,3355645262 42024,5529317 56729,0322423178
57843,3355645262 40653,3288906973 56737,2154897238
57899,5364958428 38420,8143475478 56783,1943113802
57899,5364958428 38420,8143475478 56805,0968874588
57909,6302722681 38434,6244651796 56858,2818355654
57973,4970802608 42840,8174499527 56938,0716676606
57973,4970802608 38843,5556726744 56955,8720061726
58071,5387556703 41993,0282997918 57015,8569698225
58071,5387556703 41349,7293500854 57070,0144798306
58093,5239667521 38688,0748634211 57106,0188038931
58093,5239667521 42023,4296785527 57138,5771973518
58129,2283275371 41366,6553714708 57164,2518733582
58304,4068172605 42697,8717091492 57207,9462118976
58304,4068172605 43723,9749198614 57235,5084042303
58304,4068172605 42514,2155747555 57248,1717780405
58318,4742684917 42701,1158116864 57281,1885676448
58566,08822634 45102,7793376436 57308,9968147554
58580,1556775712 44025,9371761877 57326,076871165
58585,3455219092 44957,2927908855 57337,1403756787
58585,9305676828 43307,9928415088 57364,8352534564
58585,9305676828 38478,8774319911 57426,1335829263
58606,6881538035 43083,2329763437 57449,2809969608
58606,6881538035 43354,5805083774 57475,3358930801
58606,6881538035 43972,9466939702 57478,5506695357
58606,6881538035 39950,3991083389 57559,1306307386
58614,8905990424 41487,5722359384 57576,0584825923
58614,8905990424 41142,8081140521 57578,2003076985
58614,8905990424 40493,6925777425 57578,9925897799
58614,8905990424 43210,223745784 57605,9721720545
58614,8905990424 43481,7236780941 57621,1284105386
58614,8905990424 42382,1720781564 57623,6465061575
58614,8905990424 42217,6346082116 57624,0668539663
58614,8905990424 42766,7639356028 57635,3337730194
58614,8905990424 42217,6346082116 57635,3337730194
58628,2416307551 43209,3749283304 57665,8671127711
58659,2154140962 42619,4627080225 57696,0702465713
58659,2154140962 44691,3681497167 57710,6493481471
58706,3995449699 43320,9584952993 57723,6859004682
58706,3995449699 38178,0145895583 57736,5196795815
58727,677125769 37988,8526858726 57738,6474376614
58727,677125769 38226,3703881282 57739,0858984484
58727,677125769 43720,4650993308 57739,0858984484
58727,677125769 41034,573421456 57739,0858984484
58727,677125769 42480,3745065199 57739,0858984484
58759,358022092 40277,2659624378 57750,5766138176
58759,358022092 42469,2406554864 57752,9468698984
58759,358022092 42199,0652611885 57753,2292821453
58759,358022092 41796,158114487 57753,2292821453
58759,358022092 43362,119521199 57800,4089802883
58759,358022092 42746,6551071706 57817,6448784394
58759,358022092 40562,5346560299 57817,6448784394
58769,9460751087 43539,8334646638 57822,7689389184
58769,9460751087 42746,6551071706 57876,6496528095
58769,9460751087 43606,315553111 57876,6496528095
58782,4283976109 43174,1247010676 57888,970951161
58782,4283976109 43565,5310253788 57891,3991042115
58782,4283976109 39448,6289453417 57891,3991042115
58936,1022242425 46516,452037026 57908,072905172
59399,7981174691 43258,5379424883 57954,4424944947
59400,615262477 41909,5924810209 57969,1488820342
59400,615262477 44025,1232516351 57969,1488820342
59400,615262477 42524,3468086653 57973,2384473806
59416,7674801338 43923,0751088216 57980,2673762982
59416,7674801338 41518,9648244712 57980,2673762982
59416,7674801338 40279,9073058992 57994,5038512311
59416,7674801338 44323,2788592674 57994,5038512311
59416,7674801338 44517,3029259584 58005,2134830901
59416,7674801338 44013,7687171119 58018,4286511091
59424,1499473429 44337,1530488349 58023,7086276521
59424,1499473429 41934,0601009525 58023,7086276521
59424,1499473429 44464,5216312693 58050,5509467341
59424,1499473429 44713,0598426446 58050,5509467341
59424,1499473429 43591,3891560716 58064,258016323
59424,1499473429 37582,1181139764 58076,5125104047
59424,1499473429 42755,5574655638 58079,7847268565
59424,1499473429 41290,3111601007 58095,1715994928
59424,1499473429 41811,8060887694 58100,6091217924
59424,1499473429 43631,06941876 58103,0192711136
59424,1499473429 44311,884072347 58103,0192711136
59424,1499473429 39627,9003025794 58103,9225138425
59424,1499473429 42094,9471117756 58103,9225138425
59424,1499473429 38287,6416831611 58103,9225138425
59424,1499473429 41622,2315521917 58103,9225138425
59424,1499473429 40649,9965024074 58103,9225138425
59424,1499473429 45474,5017874443 58103,9225138425
59424,1499473429 43030,7401954285 58103,9225138425
59424,1499473429 43932,912152526 58103,9225138425
59424,1499473429 46471,3260925262 58109,7966347456
59424,1499473429 43477,4575739383 58115,1529435277
59424,1499473429 41622,2315521917 58115,1529435277
59424,1499473429 42639,1027733259 58115,1529435277
59424,1499473429 43176,0038231499 58122,1816560133
59424,1499473429 42240,8286444575 58135,1504113377
59424,1499473429 43001,8753734334 58135,1504113377
59424,1499473429 38727,018893653 58146,8508599282
59424,1499473429 41934,0601009525 58148,4177675287
59424,1499473429 43285,7255448327 58162,1175854896
59424,1499473429 44310,041718431 58162,1175854896
59424,1499473429 37116,0657726206 58162,1175854896
59424,1499473429 47372,3936618741 58164,5134961026
59424,1499473429 41934,0601009525 58164,5134961026
59424,1499473429 41689,9217385392 58164,5134961026
59424,1499473429 44224,213205813 58164,5134961026
59424,1499473429 44224,213205813 58164,5134961026
59424,1499473429 41513,6993756035 58164,5134961026
59424,1499473429 42639,1027733259 58164,5134961026
59424,1499473429 39696,7756704093 58164,5134961026
59424,1499473429 41513,6993756035 58164,5134961026
59424,1499473429 45854,1286720514 58164,5134961026
59424,1499473429 44713,0598426446 58164,5134961026
59424,1499473429 43285,7255448327 58164,5134961026
59424,1499473429 43298,6440418019 58164,5134961026
59424,1499473429 42240,8286444575 58167,5754503508
59424,1499473429 44188,8304754684 58171,8456560877
59424,1499473429 41553,0068089519 58171,8456560877
59424,1499473429 44809,3240064528 58171,8456560877
59424,1499473429 43072,1080011855 58171,8456560877
59424,1499473429 40690,7569821102 58171,8456560877
59424,1499473429 40690,7569821102 58171,8456560877
59424,1499473429 41689,9217385392 58171,8456560877
59424,1499473429 38767,7793733558 58171,8456560877
59452,8301613192 42755,5574655638 58174,7136774853
59452,8301613192 41689,9217385392 58174,7136774853
59452,8301613192 41359,9859189919 58174,7136774853
59452,8301613192 43362,1803459416 58174,7136774853
59452,8301613192 39696,7756704093 58174,7136774853
59452,8301613192 46672,9990519894 58174,7136774853
59452,8301613192 39890,9346287788 58174,7136774853
59452,8301613192 41811,8060887694 58179,3561706823
59452,8301613192 41811,8060887694 58179,3561706823
59452,8301613192 44168,095406614 58196,9149388772
59452,8301613192 44168,095406614 58196,9149388772
59452,8301613192 44026,8973546062 58196,9149388772
59452,8301613192 41689,9217385392 58196,9149388772
59452,8301613192 43993,5295720293 58196,9149388772
59452,8301613192 45332,8547827971 58196,9149388772
59452,8301613192 42623,1812498996 58196,9149388772
59452,8301613192 43993,5295720293 58196,9149388772
59452,8301613192 43336,1518252775 58196,9149388772
59452,8301613192 45911,9494913876 58196,9149388772
59452,8301613192 37155,3732059691 58196,9149388772
59452,8301613192 42779,1548277688 58196,9149388772
59452,8301613192 43072,1080011855 58196,9149388772
59452,8301613192 43336,1518252775 58196,9149388772
59452,8301613192 43591,3891560716 58196,9149388772
59452,8301613192 41689,9217385392 58196,9149388772
59452,8301613192 43796,2825168092 58196,9149388772
59452,8301613192 42556,8346475547 58196,9149388772
59452,8301613192 37155,3732059691 58196,9149388772
59452,8301613192 44837,3696439362 58196,9149388772
59452,8301613192 38767,7793733558 58196,9149388772
59452,8301613192 42764,6112507834 58196,9149388772
59452,8301613192 42639,1027733259 58196,9149388772
59452,8301613192 39696,7756704093 58196,9149388772
59452,8301613192 44972,5711007576 58196,9149388772
59452,8301613192 42779,1548277688 58196,9149388772
59452,8301613192 45385,5294187784 58196,9149388772
59452,8301613192 41359,9859189919 58196,9149388772
59452,8301613192 46543,7645056148 58196,9149388772
59452,8301613192 41553,0068089519 58196,9149388772
59452,8301613192 39890,9346287788 58196,9149388772
59452,8301613192 44484,9823481482 58196,9149388772
59452,8301613192 43325,0329781812 58196,9149388772
59452,8301613192 44338,5341730959 58196,9149388772
59452,8301613192 39890,9346287788 58196,9149388772
59452,8301613192 47177,4079980627 58196,9149388772
59452,8301613192 43955,1367180996 58196,9149388772
59452,8301613192 43812,9220527766 58197,3724960345
59452,8301613192 42779,1548277688 58197,3724960345
59452,8301613192 42755,5574655638 58197,3724960345
59452,8301613192 43362,1803459416 58197,3724960345
59452,8301613192 43805,9392310028 58197,3724960345
59452,8301613192 43591,3891560716 58197,3724960345
59452,8301613192 43963,1329766295 58197,3724960345
59452,8301613192 40690,7569821102 58197,3724960345
59452,8301613192 44713,0598426446 58197,3724960345
59452,8301613192 42755,5574655638 58197,3724960345
59452,8301613192 41811,8060887694 58210,4514861668
59452,8301613192 39890,9346287788 58210,4514861668
59452,8301613192 44168,095406614 58210,4514861668
59452,8301613192 42174,3400972483 58210,4514861668
59452,8301613192 39890,9346287788 58210,4514861668
59452,8301613192 40690,7569821102 58210,4514861668
59452,8301613192 41811,8060887694 58210,4514861668
59452,8301613192 41553,0068089519 58210,4514861668
59452,8301613192 42764,6112507834 58210,4514861668
59452,8301613192 43594,6127044296 58210,4514861668
59452,8301613192 40690,7569821102 58210,4514861668
59452,8301613192 44026,8973546062 58210,4514861668
59452,8301613192 44710,4535293973 58210,4514861668
59452,8301613192 46034,381209719 58210,4514861668
59452,8301613192 41811,8060887694 58210,4514861668
59452,8301613192 44484,2564238915 58210,4514861668
59452,8301613192 43812,9220527766 58210,4514861668
59452,8301613192 42755,5574655638 58210,4514861668
59452,8301613192 43510,9644896997 58210,4514861668
59452,8301613192 41370,063826878 58210,4514861668
59452,8301613192 44487,0932546931 58210,4514861668
59452,8301613192 42639,1027733259 58210,4514861668
59452,8301613192 42157,8475670847 58213,328862364
59452,8301613192 44038,3396347875 58213,328862364
59452,8301613192 39890,9346287788 58273,2828270299
59452,8301613192 45494,0846045622 58273,2828270299
59452,8301613192 44168,095406614 58273,2828270299
59452,8301613192 43336,1518252775 58273,2828270299
59452,8301613192 44338,4278092515 58273,2828270299
59452,8301613192 44038,3396347875 58273,2828270299
59452,8301613192 43372,2547160059 58289,0369185977
59452,8301613192 40981,8710314301 58289,0369185977
59452,8301613192 45414,6372564757 58289,0369185977
59452,8301613192 43336,1518252775 58289,0369185977
59452,8301613192 44969,3002514514 58289,0369185977
59452,8301613192 41169,105447576 58290,9473242323
59452,8301613192 44932,5863622229 58290,9473242323
59452,8301613192 42779,1548277688 58290,9473242323
59452,8301613192 41205,6482116843 58290,9473242323
59452,8301613192 44026,8973546062 58290,9473242323
59452,8301613192 40690,7569821102 58290,9473242323
59452,8301613192 42556,8346475547 58290,9473242323
59452,8301613192 40690,7569821102 58290,9473242323
59452,8301613192 37155,3732059691 58290,9473242323
59452,8301613192 37155,3732059691 58290,9473242323
59452,8301613192 46051,0676776747 58290,9473242323
59452,8301613192 42556,8346475547 58290,9473242323
59452,8301613192 42764,6112507834 58290,9473242323
59452,8301613192 42556,8346475547 58290,9473242323
59452,8301613192 41205,6482116843 58290,9473242323
59452,8301613192 42755,5574655638 58290,9473242323
59452,8301613192 43362,1803459416 58290,9473242323
59452,8301613192 43053,6950490852 58290,9473242323
59452,8301613192 44522,8682016335 58290,9473242323
59452,8301613192 42639,1027733259 58290,9473242323
59452,8301613192 43336,1518252775 58290,9473242323
59452,8301613192 43243,0886559803 58290,9473242323
59452,8301613192 45882,3172212622 58290,9473242323
59452,8301613192 43493,5492430161 58290,9473242323
59452,8301613192 42623,1812498996 58290,9473242323
59452,8301613192 42639,1027733259 58290,9473242323
59452,8301613192 40690,7569821102 58290,9473242323
59452,8301613192 43372,2547160059 58290,9473242323
59452,8301613192 43594,6127044296 58290,9473242323
59452,8301613192 37155,3732059691 58290,9473242323
59452,8301613192 43420,5923552389 58290,9473242323
59452,8301613192 42364,8670794473 58290,9473242323
59452,8301613192 37155,3732059691 58294,5041968549
59452,8301613192 43510,9644896997 58294,5041968549
59452,8301613192 44402,6120036865 58294,5041968549
59452,8301613192 46061,588485932 58294,5041968549
59452,8301613192 42623,1812498996 58294,5041968549
59452,8301613192 45545,1487041852 58294,5041968549
59452,8301613192 41226,8459171453 58294,5041968549
59452,8301613192 43362,1803459416 58294,5041968549
59452,8301613192 43072,1080011855 58294,5041968549
59452,8301613192 44026,8973546062 58294,5041968549
59452,8301613192 45436,2433362609 58294,5041968549
59452,8301613192 43053,6950490852 58294,5041968549
59452,8301613192 41553,0068089519 58294,5041968549
59452,8301613192 44312,9482934635 58294,5041968549
59452,8301613192 42755,5574655638 58294,5041968549
59452,8301613192 41934,0601009525 58294,5041968549
59452,8301613192 42385,7348032271 58294,5041968549
59452,8301613192 41226,8459171453 58294,5041968549
59452,8301613192 46501,2821379473 58294,5041968549
59452,8301613192 45449,4140452582 58294,5041968549
59452,8301613192 40690,7569821102 58294,5041968549
59452,8301613192 45028,6443523569 58294,5041968549
59452,8301613192 45035,2022598012 58294,5041968549
59452,8301613192 43656,4144237632 58294,5041968549
59452,8301613192 43656,4144237632 58294,5041968549
59452,8301613192 46286,5701992046 58294,5041968549
59452,8301613192 43591,3891560716 58294,5041968549
59452,8301613192 44748,7955254176 58294,5041968549
59452,8301613192 44312,9482934635 58294,5041968549
59452,8301613192 42240,8286444575 58294,5041968549
59452,8301613192 45139,5797610421 58294,5041968549
59452,8301613192 47015,4359036774 58294,5041968549
59452,8301613192 44748,7955254176 58294,5041968549
59452,8301613192 43510,9644896997 58294,5041968549
59452,8301613192 42157,8475670847 58294,5041968549
59452,8301613192 37155,3732059691 58294,5041968549
59452,8301613192 43420,5923552389 58294,5041968549
59452,8301613192 46905,3975378909 58294,5041968549
59452,8301613192 43336,1518252775 58294,5041968549
59452,8301613192 41553,0068089519 58294,5041968549
59452,8301613192 43325,0329781812 58294,5041968549
59452,8301613192 38767,7793733558 58294,5041968549
59452,8301613192 44257,6507898938 58294,5041968549
59452,8301613192 43372,2547160059 58294,5041968549
59452,8301613192 37155,3732059691 58294,5041968549
59452,8301613192 44185,3049396542 58294,5041968549
59452,8301613192 43493,5492430161 58294,5041968549
59452,8301613192 44479,0065666928 58294,5041968549
59452,8301613192 45034,1513457598 58294,5041968549
59452,8301613192 39890,9346287788 58294,5041968549
59452,8301613192 45882,3172212622 58294,5041968549
59452,8301613192 41553,0068089519 58294,5041968549
59452,8301613192 42385,7348032271 58294,5041968549
59452,8301613192 37155,3732059691 58294,5041968549
59452,8301613192 38767,7793733558 58294,5041968549
59452,8301613192 43510,9644896997 58294,5041968549
59452,8301613192 44522,8682016335 58294,5041968549
59452,8301613192 43347,0889365339 58294,5041968549
59452,8301613192 44710,4535293973 58294,5041968549
59452,8301613192 38767,7793733558 58294,5041968549
59452,8301613192 40690,7569821102 58294,5041968549
59452,8301613192 45152,5388697016 58294,5041968549
59452,8301613192 45429,5033527544 58294,5041968549
59452,8301613192 43591,3891560716 58294,5041968549
59452,8301613192 42157,8475670847 58294,5041968549
59452,8301613192 38767,7793733558 58294,5041968549
59452,8301613192 43053,6950490852 58294,5041968549
59452,8301613192 42385,7348032271 58294,5041968549
59452,8301613192 43243,0886559803 58294,5041968549
59452,8301613192 43493,5492430161 58294,5041968549
59452,8301613192 43005,5908718206 58294,5041968549
59452,8301613192 43656,4144237632 58294,5041968549
59452,8301613192 43812,9220527766 58294,5041968549
59452,8301613192 44289,8576142881 58294,5041968549
59452,8301613192 43952,3377352124 58294,5041968549
59452,8301613192 44168,095406614 58294,5041968549
59452,8301613192 41553,0068089519 58294,5041968549
59452,8301613192 38767,7793733558 58294,5041968549
59452,8301613192 44321,7516547306 58294,5041968549
59452,8301613192 44669,9547722777 58294,5041968549
59452,8301613192 42556,8346475547 58294,5041968549
59452,8301613192 42764,6112507834 58294,5041968549
59452,8301613192 43420,5923552389 58294,5041968549
59452,8301613192 42556,8346475547 58294,5041968549
59452,8301613192 43510,9644896997 58294,5041968549
59452,8301613192 43952,3377352124 58294,5041968549
59452,8301613192 43812,9220527766 58294,5041968549
59452,8301613192 45845,2137645188 58294,5041968549
59452,8301613192 38767,7793733558 58294,5041968549
59452,8301613192 44484,2564238915 58294,5041968549
59452,8301613192 42623,1812498996 58294,5041968549
59452,8301613192 40690,7569821102 58294,5041968549
59452,8301613192 44793,0489978832 58294,5041968549
59452,8301613192 41934,0601009525 58294,5041968549
59452,8301613192 38767,7793733558 58294,5041968549
59452,8301613192 43493,5492430161 58294,5041968549
59452,8301613192 43952,3377352124 58294,5041968549
59452,8301613192 39890,9346287788 58294,5041968549
59452,8301613192 43001,8753734334 58294,5041968549
59452,8301613192 43072,1080011855 58294,5041968549
59452,8301613192 43591,3891560716 58294,5041968549
59452,8301613192 43325,0329781812 58294,5041968549
59452,8301613192 41934,0601009525 58294,5041968549
59452,8301613192 44289,8576142881 58294,5041968549
59452,8301613192 45035,2022598012 58294,5041968549
59452,8301613192 42764,6112507834 58294,5041968549
59452,8301613192 45422,2456263616 58294,5041968549
59452,8301613192 44482,9505271143 58294,5041968549
59452,8301613192 45138,5937267288 58294,5041968549
59452,8301613192 44185,3049396542 58294,5041968549
59452,8301613192 42764,6112507834 58294,5041968549
59452,8301613192 42157,8475670847 58294,5041968549
59452,8301613192 43001,8753734334 58294,5041968549
59452,8301613192 44522,8682016335 58294,5041968549
59452,8301613192 44338,4278092515 58294,5041968549
59452,8301613192 42623,1812498996 58294,5041968549
59452,8301613192 40690,7569821102 58294,5041968549
59452,8301613192 43005,5908718206 58294,5041968549
59452,8301613192 40690,7569821102 58294,5041968549
59452,8301613192 44338,4278092515 58294,5041968549
59452,8301613192 43362,1803459416 58294,5041968549
59452,8301613192 41934,0601009525 58294,5041968549
59452,8301613192 39890,9346287788 58294,5041968549
59452,8301613192 44321,7516547306 58294,5041968549
59452,8301613192 41811,8060887694 58294,5041968549
59452,8301613192 42764,6112507834 58294,5041968549
59452,8301613192 45152,5388697016 58294,5041968549
59452,8301613192 42779,1548277688 58294,5041968549
59452,8301613192 42755,5574655638 58294,5041968549
59452,8301613192 44837,3696439362 58294,5041968549
59452,8301613192 42779,1548277688 58294,5041968549
59452,8301613192 42755,5574655638 58294,5041968549
59452,8301613192 43362,1803459416 58294,5041968549
59452,8301613192 42240,8286444575 58294,5041968549
59452,8301613192 44597,2083143851 58294,5041968549
59452,8301613192 42240,8286444575 58294,5041968549
59452,8301613192 41553,0068089519 58294,5041968549
59452,8301613192 43594,6127044296 58294,5041968549
59452,8301613192 42755,5574655638 58294,5041968549
59452,8301613192 43336,1518252775 58294,5041968549
59452,8301613192 41811,8060887694 58294,5041968549
59452,8301613192 42157,8475670847 58294,5041968549
59452,8301613192 46582,9114194757 58294,5041968549
59452,8301613192 44969,3002514514 58294,5041968549
59452,8301613192 44482,9505271143 58294,5041968549
59452,8301613192 41553,0068089519 58294,5041968549
59452,8301613192 41811,8060887694 58294,5041968549
59452,8301613192 43952,3377352124 58294,5041968549
59452,8301613192 44484,2564238915 58294,5041968549
59452,8301613192 43243,0886559803 58294,5041968549
59452,8301613192 42157,8475670847 58294,5041968549
59452,8301613192 43053,6950490852 58294,5041968549
59452,8301613192 37155,3732059691 58294,5041968549
59452,8301613192 43493,5492430161 58294,5041968549
59452,8301613192 42639,1027733259 58294,5041968549
59452,8301613192 42240,8286444575 58294,5041968549
59452,8301613192 40690,7569821102 58294,5041968549
59452,8301613192 43325,0329781812 58294,5041968549
59452,8301613192 41553,0068089519 58294,5041968549
59452,8301613192 44487,0932546931 58294,5041968549
59452,8301613192 43420,5923552389 58294,5041968549
59452,8301613192 39890,9346287788 58294,5041968549
59452,8301613192 42623,1812498996 58294,5041968549
59452,8301613192 38767,7793733558 58294,5041968549
59452,8301613192 43420,5923552389 58294,5041968549
59452,8301613192 41226,8459171453 58294,5041968549
59452,8301613192 44820,9341082818 58294,5041968549
59452,8301613192 43325,0329781812 58294,5041968549
59452,8301613192 41934,0601009525 58294,5041968549
59452,8301613192 38767,7793733558 58294,5041968549
59452,8301613192 43005,5908718206 58294,5041968549
59452,8301613192 43347,0889365339 58294,5041968549
59452,8301613192 39890,9346287788 58294,5041968549
59452,8301613192 41553,0068089519 58294,5041968549
59452,8301613192 43243,0886559803 58294,5041968549
59452,8301613192 39890,9346287788 58294,5041968549
59452,8301613192 43053,6950490852 58294,5041968549
59452,8301613192 43362,1803459416 58294,5041968549
59452,8301613192 41553,0068089519 58294,5041968549
59452,8301613192 43372,2547160059 58294,5041968549
59452,8301613192 44289,8576142881 58294,5041968549
59452,8301613192 41553,0068089519 58294,5041968549
59452,8301613192 42385,7348032271 58294,5041968549
827,243767047042
59452,8301613192 58294,5041968549 56532,5109830597
