-20638,5419185822 -31480,3379213557 -21168,2617668045
-18722,3171031308 -29555,9333432054 -19645,2679180443
-16571,7035841427 -28087,2912794018 -18378,2405944755
-16571,7035841427 -26788,3274784337 -17551,9790767905
-13575,4365722446 -25209,906832468 -16372,3988445904
-13575,4365722446 -24049,1400846321 -15617,3856732067
-13275,9561205475 -24066,3545010176 -14879,1801747378
-12524,8351010955 -22380,4504734698 -14263,4473707443
-12419,8354130874 -21404,1585337378 -13775,9784620839
-12204,769056588 -20931,2829678886 -13277,5432553662
-11440,7432789356 -19552,0696385897 -12764,0372331227
-10775,3088149135 -18469,9886238097 -12140,0376096207
-10445,1260313952 -18280,6857824538 -11693,3520507555
-10189,0268088884 -17636,9428167404 -11407,6299442813
-10034,3920312382 -17973,4905255687 -11041,6965428095
-9438,88779876509 -16520,3457274333 -10670,840482983
-9340,29892398951 -15900,6904820347 -10494,0581309831
-8812,69168541911 -15849,3011591955 -10191,7436321905
-8812,69168541911 -15486,0669066479 -9952,17310768069
-8591,49331700083 -15700,7526344676 -9597,43089778557
-8478,73468477232 -14933,9129681845 -9437,15601930934
-7909,06764866519 -13847,0059798172 -9222,69036092175
-7721,55209226594 -15696,8273413845 -9050,88863069713
-7611,04468894376 -14991,9435826326 -8836,81158983262
-7611,04468894376 -13335,5996852709 -8721,84495333294
-7382,79731744752 -14005,0704842791 -8597,25186815815
-7314,33641104135 -13028,5850224321 -8344,98216850514
-7314,33641104135 -13204,9579764864 -8184,08525319601
-6717,25105461808 -12089,505680849 -8002,46655882702
-6717,25105461808 -12111,2693435048 -7850,55604807701
-6712,26461401396 -12205,9138642031 -7728,30729130562
-6536,94934160362 -11960,6826174453 -7493,49805129259
-6536,94934160362 -12489,799812092 -7446,9913386076
-6496,49820634051 -12327,0524517536 -7260,1965140333
-6424,59075274331 -11307,2253666252 -7134,93348829825
-6046,50144702447 -11914,983972024 -6958,1584369029
-6046,50144702447 -11156,5543627436 -6812,08699643846
-6046,50144702447 -11346,5161765244 -6749,32296961732
-5889,7193966109 -10717,5246773143 -6612,21536121419
-5889,7193966109 -10532,8781944681 -6502,94210083746
-5765,06579638957 -10664,1544061081 -6409,45158492666
-5621,11112769065 -10346,9560491353 -6316,47955014311
-5523,79895475941 -9953,39253030966 -6222,50215131618
-5464,88110338691 -10234,1465847185 -6122,91384997161
-5382,92119483523 -10266,9246471303 -6004,02466894525
-5225,59688628246 -10704,8637141209 -5963,4989756723
-5131,3452150036 -9950,94386028205 -5837,64235317583
-5012,83906515222 -10193,000960603 -5708,18233220739
-4771,22754726004 -10422,2007517425 -5659,76407874539
-4743,278092156 -10307,523715077 -5596,96652950248
-4636,38816312383 -9347,51173396786 -5481,71173370338
-4621,80576589549 -9037,92473330492 -5380,21856607685
-4570,43976569277 -9145,17065583502 -5325,10241708637
-4465,95302778381 -8820,6014058383 -5250,97160848519
-4354,17257222863 -8416,65747219693 -5214,71321896048
-4312,48496170901 -8750,60554781069 -5138,36242580345
-4312,48496170901 -9672,45439849192 -5126,24293443774
-4188,20009375924 -8902,04279515237 -5052,49991522363
-4188,20009375924 -8473,01934573802 -5002,92668288769
-4124,86708204623 -8784,59902284751 -4951,53830151589
-4091,563673512 -7908,90024862229 -4897,87293036611
-4091,563673512 -8741,16658118737 -4862,81902876709
-4091,563673512 -8207,00300495676 -4830,96543362092
-3877,20842612737 -8674,46479643817 -4754,17431997998
-3877,20842612737 -9168,36263261982 -4744,62761355469
-3877,20842612737 -8457,25267589664 -4700,70825911069
-3877,20842612737 -8626,31941958316 -4680,98838733334
-3877,20842612737 -7932,53991704162 -4671,24576386285
-3877,20842612737 -7985,80137092721 -4646,33708027413
-3807,45206492185 -8798,59049640585 -4619,44432544185
-3807,45206492185 -8295,28922710433 -4593,8465356435
-3779,97645965403 -8393,86470804283 -4549,42910270017
-3779,97645965403 -7805,77255684029 -4515,11576989825
-3710,22009844851 -8368,85478499883 -4478,89396589346
-3695,91298340483 -8615,6726548053 -4442,80330340353
-3695,91298340483 -7462,49866715355 -4432,89107599214
-3695,91298340483 -7343,21076573163 -4421,84325686846
-3695,91298340483 -7544,96550671381 -4413,61037874889
-3695,91298340483 -7246,06656130319 -4387,60494955125
-3695,91298340483 -8280,27217794605 -4374,97248515627
-3695,91298340483 -9213,56938720618 -4326,70764185638
-3601,43739875946 -9448,7318151687 -4315,04122945815
-3601,43739875946 -8358,92016867642 -4313,44962585763
-3601,43739875946 -8686,15524925813 -4303,21070595638
-3601,43739875946 -7982,61953041604 -4270,23483208845
-3532,53277005604 -7325,24492323789 -4258,51456404265
-3532,53277005604 -7548,31323978369 -4200,53306256287
-3532,53277005604 -7011,27555067122 -4193,87655878234
-3481,20093509447 -7448,01019560031 -4168,06132204031
-3481,20093509447 -7256,89659119819 -4165,77679202359
-3481,20093509447 -7517,4093948003 -4147,12779454271
-3481,20093509447 -7092,96620271897 -4141,75731707193
-3448,004022274 -7466,9478370957 -4126,87080310657
-3448,004022274 -7407,79179535664 -4092,03149982261
-3448,004022274 -7038,52785923945 -4091,79507836631
-3436,90754683982 -7111,08057364119 -4063,96309700842
-3436,90754683982 -7292,53978152666 -4058,05431890608
-3436,90754683982 -7163,81646159848 -4043,82952476092
-3436,90754683982 -6985,72910122835 -4043,62311062856
-3436,90754683982 -7036,24738548962 -4024,97785608656
-3436,90754683982 -6910,34372224758 -4009,91141998885
-3436,90754683982 -7009,14583398557 -4009,91141998885
-3436,90754683982 -7262,36561918707 -3975,76131574749
-3436,90754683982 -6834,08989235721 -3975,76131574749
-3436,90754683982 -6990,17522623817 -3975,76131574749
-3436,90754683982 -6919,35157431078 -3941,4327889752
-3436,90754683982 -7500,19220849603 -3941,4327889752
-3436,90754683982 -7256,89659119819 -3929,08416654409
-3436,90754683982 -6888,92699806954 -3929,08416654409
-3436,90754683982 -7153,36020783996 -3917,98224687014
-3436,90754683982 -7031,24444427001 -3916,01298098383
-3436,90754683982 -7087,52090019797 -3896,73156077057
-3436,90754683982 -6620,08462945835 -3896,73156077057
-3436,90754683982 -6988,35916316164 -3886,94029394033
-3436,90754683982 -7233,05378394932 -3876,95574006836
-3436,90754683982 -7233,05378394932 -3866,47874143453
-3436,90754683982 -7420,02977443327 -3858,14386659196
-3436,90754683982 -6978,88232711488 -3858,14386659196
-3436,90754683982 -6914,75189515382 -3854,65154396383
-3429,85089263513 -6700,2874475501 -3852,84894935899
-3429,85089263513 -7097,84217832213 -3851,70931219326
-3429,85089263513 -6969,3452002661 -3851,70931219326
-3429,85089263513 -7102,47050108982 -3851,70931219326
-3429,85089263513 -7234,33984813822 -3840,97781359127
-3429,85089263513 -6864,05527624627 -3840,97781359127
-3429,85089263513 -7554,22509818968 -3838,78281513362
-3429,85089263513 -6955,15873483044 -3838,78281513362
-3429,85089263513 -6847,77190977558 -3838,78281513362
-3429,85089263513 -7147,67115727297 -3838,13486380903
-3429,85089263513 -6938,4352986976 -3835,72122735106
-3429,85089263513 -7087,52090019797 -3832,3357374858
-3429,85089263513 -6805,75010313898 -3831,59121429177
-3429,85089263513 -6728,20245062352 -3831,59121429177
-3429,85089263513 -7112,42366138714 -3829,4058708019
-3427,09690974092 -7026,61530794543 -3825,31821775201
-3427,09690974092 -6853,88152266685 -3824,169173364
-3394,43310983774 -6754,94003013656 -3806,63729962878
-3394,43310983774 -6865,70680376736 -3806,63729962878
-3311,88938459562 -6779,49046045018 -3796,61250438806
-3311,88938459562 -6670,44984659445 -3795,8127779055
-3311,88938459562 -6774,56476061586 -3795,8127779055
-3311,88938459562 -7356,34881440403 -3793,86232271611
-3311,88938459562 -6779,49046045018 -3764,54812833952
-3307,67240044393 -7026,61530794543 -3769,59029448899
-3307,67240044393 -6482,98094272546 -3769,59029448899
-3307,67240044393 -6955,15873483044 -3769,59029448899
-3301,08682766843 -7042,3110404922 -3768,93173721144
-3301,08682766843 -7092,13752215213 -3768,93173721144
-3301,08682766843 -7092,13752215213 -3768,35939178574
-3301,08682766843 -6617,29207351011 -3762,10650150745
-3301,08682766843 -6794,07007994214 -3762,10650150745
-3301,08682766843 -6544,53427516637 -3760,39426115933
-3301,08682766843 -7046,65749373229 -3754,81122525916
-3301,08682766843 -7111,88111830861 -3754,81122525916
-3301,08682766843 -6723,02196234121 -3754,81122525916
-3301,08682766843 -6706,04310782622 -3753,36206908368
-3301,08682766843 -6832,46131730854 -3753,36206908368
-3293,17920333943 -6796,74028316161 -3752,57130665078
-3293,17920333943 -6885,57696581876 -3752,57130665078
-3293,17920333943 -6698,59637950487 -3752,57130665078
-3293,17920333943 -7197,46128851796 -3725,81216494829
-3293,17920333943 -6908,81317799926 -3725,81216494829
-3293,17920333943 -6731,03514443379 -3725,81216494829
-3293,17920333943 -6887,06933779901 -3725,81216494829
-3293,17920333943 -7063,38453561835 -3725,81216494829
-3293,17920333943 -6894,08371956802 -3725,81216494829
-3293,17920333943 -6510,73347578758 -3725,81216494829
-3293,17920333943 -6574,40586247704 -3725,81216494829
-3293,17920333943 -6783,78227877172 -3725,81216494829
-3293,17920333943 -6880,49212321316 -3725,81216494829
-3293,17920333943 -7118,51959374068 -3725,81216494829
-3293,17920333943 -6928,94148465921 -3725,81216494829
-3293,17920333943 -6235,7556014721 -3725,81216494829
-3293,17920333943 -6794,07007994214 -3725,79931851442
-3293,17920333943 -6666,03302570631 -3725,79931851442
-3293,17920333943 -6739,28464261708 -3725,79931851442
-3293,17920333943 -7063,38453561835 -3725,79931851442
-3293,17920333943 -6744,69964473256 -3725,79931851442
-3293,17920333943 -6686,61123416632 -3725,79931851442
-3293,17920333943 -6786,85351946886 -3725,79931851442
-3293,17920333943 -7042,3110404922 -3725,79931851442
-3293,17920333943 -6832,71072518193 -3725,79931851442
-3293,17920333943 -6707,77316267728 -3725,79931851442
-3293,17920333943 -7006,16996603883 -3720,84316583454
-3293,17920333943 -6452,10665456068 -3720,84316583454
-3293,17920333943 -6924,00558981089 -3720,84316583454
-3293,17920333943 -6818,45707370113 -3720,84316583454
-3293,17920333943 -6804,45306659997 -3720,84316583454
-3293,17920333943 -6700,63717615168 -3720,84316583454
-3293,17920333943 -6961,44904015195 -3720,16352562121
-3293,17920333943 -6804,45306659997 -3720,16352562121
-3293,17920333943 -7279,91730971711 -3717,54344316611
-3293,17920333943 -7070,32246344591 -3717,08536294625
-3293,17920333943 -6608,12354498781 -3717,08536294625
-3293,17920333943 -6870,43211906109 -3717,08536294625
-3293,17920333943 -7334,26549679011 -3716,75856837415
-3293,17920333943 -7042,3110404922 -3716,64235421284
-3293,17920333943 -6624,53360010703 -3713,03176105209
-3293,17920333943 -6337,52994414474 -3713,03176105209
-3293,17920333943 -6830,93059641438 -3713,03176105209
-3293,17920333943 -6908,81317799926 -3713,03176105209
-3293,17920333943 -6783,14919838315 -3713,03176105209
-3293,17920333943 -6489,24247683459 -3713,03176105209
-3293,17920333943 -6663,74409507069 -3713,03176105209
-3293,17920333943 -6722,2279936152 -3712,73315615594
-3293,17920333943 -6874,44406301212 -3712,73315615594
-3293,17920333943 -6961,44904015195 -3712,73315615594
-3293,17920333943 -6804,45306659997 -3712,73315615594
-3293,17920333943 -6878,88116630845 -3712,73315615594
-3293,17920333943 -7006,16996603883 -3712,73315615594
-3293,17920333943 -6830,93059641438 -3712,73315615594
-3293,17920333943 -6879,37995786044 -3712,73315615594
-3293,17920333943 -6700,63717615168 -3712,73315615594
-3293,17920333943 -6772,40540250456 -3712,73315615594
-3293,17920333943 -6764,66928789703 -3712,73315615594
-3293,17920333943 -6631,97164653137 -3712,73315615594
-3293,17920333943 -6997,09596693351 -3712,73315615594
-3293,17920333943 -6624,53360010703 -3711,63475441899
-3293,17920333943 -6782,37908431772 -3709,52449868764
-3293,17920333943 -6478,96749510758 -3709,52449868764
-3293,17920333943 -6782,37908431772 -3705,10051942969
-3293,17920333943 -6748,99405032167 -3705,10051942969
-3293,17920333943 -6772,40540250456 -3697,51400035091
-3293,17920333943 -6893,40359502981 -3697,51400035091
-3293,17920333943 -6723,02196234121 -3697,51400035091
-3293,17920333943 -6686,61123416632 -3697,51400035091
-3293,17920333943 -6878,88116630845 -3697,51400035091
-3293,17920333943 -6598,19938364639 -3691,48987326012
-3293,17920333943 -6997,09596693351 -3691,48987326012
-3293,17920333943 -6997,09596693351 -3690,63254266931
-3293,17920333943 -6785,99313652776 -3689,46699444879
-3293,17920333943 -6947,76202364693 -3689,46699444879
-3293,17920333943 -6870,43211906109 -3689,46699444879
-3293,17920333943 -6947,76202364693 -3689,46699444879
-3293,17920333943 -6874,44406301212 -3689,46699444879
-3293,17920333943 -6679,13372072338 -3689,46699444879
-3293,17920333943 -6878,88116630845 -3689,46699444879
-3293,17920333943 -6747,51897575622 -3689,46699444879
-3293,17920333943 -6893,40359502981 -3689,46699444879
-3293,17920333943 -6836,09661099024 -3689,46699444879
-3293,17920333943 -7118,51959374068 -3689,46699444879
-3293,17920333943 -6555,37279081093 -3689,46699444879
-3293,17920333943 -6878,88116630845 -3689,46699444879
-3293,17920333943 -6867,96537432919 -3689,46699444879
-3293,17920333943 -6352,37559782126 -3689,46699444879
-3293,17920333943 -6811,9080357952 -3689,46699444879
-3293,17920333943 -6783,14919838315 -3689,46699444879
-3293,17920333943 -6867,96537432919 -3689,46699444879
-3293,17920333943 -6893,40359502981 -3684,53769887248
-3293,17920333943 -6961,44904015195 -3684,53769887248
-3293,17920333943 -6894,08371956802 -3684,53769887248
-3293,17920333943 -6724,72921430191 -3684,53769887248
-3293,17920333943 -6472,46669121639 -3684,53769887248
-3293,17920333943 -6478,96749510758 -3684,53769887248
-3289,11075732264 -6758,8811170047 -3684,1308542708
-3293,17920333943 -6785,99313652776 -3684,53769887248
-3293,17920333943 -6818,45707370113 -3684,53769887248
-3293,17920333943 -6602,60689765011 -3684,53769887248
-3293,17920333943 -7006,16996603883 -3684,53769887248
-3293,17920333943 -7042,3110404922 -3684,53769887248
-3293,17920333943 -6722,2279936152 -3684,53769887248
-3293,17920333943 -7118,51959374068 -3684,53769887248
-3293,17920333943 -6783,14919838315 -3684,53769887248
-3293,17920333943 -7006,16996603883 -3684,53769887248
-3293,17920333943 -6816,10615621235 -3684,53769887248
-3293,17920333943 -6878,88116630845 -3684,53769887248
-3293,17920333943 -6836,09661099024 -3684,53769887248
-3293,17920333943 -7118,51959374068 -3684,53769887248
-3293,17920333943 -6947,76202364693 -3684,53769887248
-3293,17920333943 -6356,14068182912 -3684,53769887248
-3293,17920333943 -6772,40540250456 -3684,53769887248
-3293,17920333943 -6776,9996129909 -3684,53769887248
-3293,17920333943 -6878,88116630845 -3684,53769887248
-3293,17920333943 -6811,9080357952 -3684,53769887248
-3293,17920333943 -6785,99313652776 -3684,53769887248
-3293,17920333943 -6722,2279936152 -3684,53769887248
-3293,17920333943 -6493,2621644112 -3684,53769887248
-3293,17920333943 -6772,40540250456 -3684,53769887248
-3293,17920333943 -6878,88116630845 -3684,53769887248
-3293,17920333943 -6328,63765201144 -3684,53769887248
-3293,17920333943 -6830,93059641438 -3684,53769887248
-3293,17920333943 -6836,09661099024 -3684,53769887248
-3293,17920333943 -6490,26049740187 -3684,53769887248
-3293,17920333943 -6553,64861112877 -3684,53769887248
-3293,17920333943 -6818,45707370113 -3684,53769887248
-3293,17920333943 -6961,44904015195 -3684,53769887248
-3293,17920333943 -6785,99313652776 -3684,53769887248
-3293,17920333943 -6700,63717615168 -3684,53769887248
-3293,17920333943 -6783,14919838315 -3684,53769887248
-3293,17920333943 -6867,96537432919 -3684,53769887248
-3293,17920333943 -6908,81317799926 -3684,53769887248
-3293,17920333943 -6764,66928789703 -3684,53769887248
-3293,17920333943 -6947,76202364693 -3684,53769887248
-3293,17920333943 -6394,41663506304 -3684,53769887248
-3293,17920333943 -6811,9080357952 -3684,53769887248
-3289,11075732264 -6607,52019325374 -3684,1308542708
-3289,11075732264 -6624,53360010703 -3684,1308542708
-3289,11075732264 -6811,9080357952 -3684,1308542708
-3289,11075732264 -6776,9996129909 -3684,1308542708
-3289,11075732264 -6281,11456507705 -3684,1308542708
-3289,11075732264 -6553,64861112877 -3684,1308542708
-3289,11075732264 -6961,44904015195 -3684,1308542708
-3289,11075732264 -7013,82300881957 -3684,1308542708
-3289,11075732264 -6525,89210899938 -3684,1308542708
-3289,11075732264 -6697,11681105259 -3684,1308542708
-3289,11075732264 -6530,77186432367 -3684,1308542708
-3289,11075732264 -6724,72921430191 -3684,1308542708
-3289,11075732264 -6908,81317799926 -3684,1308542708
-3289,11075732264 -6716,10209343933 -3684,1308542708
-3289,11075732264 -6764,66928789703 -3684,1308542708
-3289,11075732264 -6867,96537432919 -3684,1308542708
-3289,11075732264 -6908,81317799926 -3684,1308542708
-3289,11075732264 -6578,05024567381 -3684,1308542708
-3289,11075732264 -6789,94869069161 -3684,1308542708
-3289,11075732264 -6804,45306659997 -3684,1308542708
-3289,11075732264 -6893,40359502981 -3684,1308542708
-3289,11075732264 -6836,09661099024 -3684,1308542708
-3289,11075732264 -7042,3110404922 -3684,1308542708
-3289,11075732264 -6879,37995786044 -3684,1308542708
-3289,11075732264 -6600,09448559861 -3684,1308542708
-3289,11075732264 -6786,85351946886 -3684,1308542708
-3289,11075732264 -6482,57119251012 -3684,1308542708
-3289,11075732264 -6776,9996129909 -3684,1308542708
-3289,11075732264 -7006,16996603883 -3684,1308542708
-3289,11075732264 -6663,74409507069 -3684,1308542708
-3289,11075732264 -6789,94869069161 -3684,1308542708
-3289,11075732264 -6830,93059641438 -3684,1308542708
-3289,11075732264 -7042,3110404922 -3684,1308542708
-3289,11075732264 -6997,09596693351 -3684,1308542708
-3289,11075732264 -6758,8811170047 -3684,1308542708
-3289,11075732264 -6764,66928789703 -3684,1308542708
-3289,11075732264 -6758,8811170047 -3684,1308542708
-3289,11075732264 -6776,9996129909 -3684,1308542708
-3289,11075732264 -6697,11681105259 -3684,1308542708
-3289,11075732264 -6786,85351946886 -3684,1308542708
-3289,11075732264 -6811,9080357952 -3684,1308542708
-3289,11075732264 -6764,66928789703 -3684,1308542708
-3289,11075732264 -6878,88116630845 -3684,1308542708
-3289,11075732264 -7042,3110404922 -3684,1308542708
-3289,11075732264 -6879,37995786044 -3684,1308542708
-3289,11075732264 -6703,3869189388 -3684,1308542708
-3289,11075732264 -6700,63717615168 -3684,1308542708
-3289,11075732264 -6600,09448559861 -3684,1308542708
-3289,11075732264 -6816,10615621235 -3684,1308542708
-3289,11075732264 -6961,44904015195 -3684,1308542708
-3289,11075732264 -6577,32952945591 -3684,1308542708
-3289,11075732264 -6682,74081066734 -3684,1308542708
-3289,11075732264 -6874,44406301212 -3684,1308542708
-3289,11075732264 -6818,45707370113 -3684,1308542708
-3289,11075732264 -7006,16996603883 -3684,1308542708
-3289,11075732264 -6870,43211906109 -3684,1308542708
-3289,11075732264 -6830,93059641438 -3684,1308542708
-3289,11075732264 -7042,3110404922 -3684,1308542708
-3289,11075732264 -6747,51897575622 -3684,1308542708
-3289,11075732264 -6893,40359502981 -3684,1308542708
-3289,11075732264 -6624,53360010703 -3684,1308542708
-3289,11075732264 -6878,88116630845 -3684,1308542708
-3289,11075732264 -6879,37995786044 -3684,1308542708
-3289,11075732264 -6572,65277485218 -3684,1308542708
-3289,11075732264 -6747,51897575622 -3684,1308542708
-3289,11075732264 -6894,08371956802 -3684,1308542708
-3289,11075732264 -6811,9080357952 -3684,1308542708
-3289,11075732264 -6700,63717615168 -3684,1308542708
-3289,11075732264 -6961,44904015195 -3684,1308542708
-3289,11075732264 -6716,10209343933 -3684,1308542708
-3289,11075732264 -6624,53360010703 -3684,1308542708
-3289,11075732264 -6894,08371956802 -3684,1308542708
-3289,11075732264 -6674,61962842542 -3684,1308542708
-3289,11075732264 -6997,09596693351 -3684,1308542708
-3289,11075732264 -6893,40359502981 -3684,1308542708
-3289,11075732264 -6776,9996129909 -3684,1308542708
-3289,11075732264 -6818,45707370113 -3684,1308542708
-3289,11075732264 -6893,40359502981 -3684,1308542708
-3289,11075732264 -6947,76202364693 -3684,1308542708
-3289,11075732264 -6420,722957259 -3684,1308542708
-3289,11075732264 -6893,40359502981 -3684,1308542708
-3289,11075732264 -7118,51959374068 -3684,1308542708
-3289,11075732264 -6783,14919838315 -3684,1308542708
-3289,11075732264 -6893,40359502981 -3684,1308542708
-3289,11075732264 -6908,81317799926 -3684,1308542708
-3289,11075732264 -6571,13245035516 -3684,1308542708
-3289,11075732264 -6635,33218924612 -3684,1308542708
-3289,11075732264 -6879,37995786044 -3684,1308542708
-3289,11075732264 -6602,60689765011 -3684,1308542708
-3289,11075732264 -6961,44904015195 -3684,1308542708
-3289,11075732264 -6493,2621644112 -3684,1308542708
-3289,11075732264 -6578,05024567381 -3684,1308542708
-3289,11075732264 -6388,92914101146 -3684,1308542708
-3289,11075732264 -7013,82300881957 -3684,1308542708
-3289,11075732264 -6772,40540250456 -3684,1308542708
-3289,11075732264 -7118,51959374068 -3684,1308542708
-3289,11075732264 -6697,11681105259 -3684,1308542708
-3289,11075732264 -6816,10615621235 -3684,1308542708
-3289,11075732264 -6540,17293821061 -3684,1308542708
-3289,11075732264 -6700,63717615168 -3684,1308542708
-3289,11075732264 -6874,44406301212 -3684,1308542708
-3289,11075732264 -6622,84233384275 -3684,1308542708
-3289,11075732264 -6624,53360010703 -3684,1308542708
-3289,11075732264 -6582,88836946401 -3684,1308542708
-3289,11075732264 -6678,49969162168 -3684,1308542708
-3289,11075732264 -6482,57119251012 -3684,1308542708
-3289,11075732264 -6836,09661099024 -3684,1308542708
-3289,11075732264 -6723,02196234121 -3684,1308542708
-3289,11075732264 -6573,82526566423 -3684,1308542708
-3289,11075732264 -6811,9080357952 -3684,1308542708
-3289,11075732264 -7006,16996603883 -3684,1308542708
-3289,11075732264 -6874,44406301212 -3684,1308542708
-3289,11075732264 -6997,09596693351 -3684,1308542708
-3289,11075732264 -6878,88116630845 -3684,1308542708
-3289,11075732264 -6811,9080357952 -3684,1308542708
-3289,11075732264 -6947,76202364693 -3684,1308542708
-3289,11075732264 -6490,26049740187 -3684,1308542708
-3289,11075732264 -6894,08371956802 -3684,1308542708
-3289,11075732264 -7042,3110404922 -3684,1308542708
-3289,11075732264 -6836,09661099024 -3684,1308542708
-3289,11075732264 -6703,3869189388 -3684,1308542708
-3289,11075732264 -6716,10209343933 -3684,1308542708
-3289,11075732264 -6724,72921430191 -3684,1308542708
-3289,11075732264 -6478,96749510758 -3684,1308542708
-3289,11075732264 -6830,93059641438 -3684,1308542708
-3289,11075732264 -7118,51959374068 -3684,1308542708
-3289,11075732264 -6682,74081066734 -3684,1308542708
-3289,11075732264 -6679,13372072338 -3684,1308542708
-3289,11075732264 -6669,14833218493 -3684,1308542708
-3289,11075732264 -6836,09661099024 -3684,1308542708
-3289,11075732264 -6776,9996129909 -3684,1308542708
-3289,11075732264 -6836,09661099024 -3684,1308542708
-3289,11075732264 -6758,8811170047 -3684,1308542708
-3289,11075732264 -6830,93059641438 -3684,1308542708
-3289,11075732264 -6783,14919838315 -3684,1308542708
-3289,11075732264 -6678,49969162168 -3684,1308542708
-3289,11075732264 -6786,85351946886 -3684,1308542708
-3289,11075732264 -6836,09661099024 -3684,1308542708
-3289,11075732264 -6785,99313652776 -3684,1308542708
-3289,11075732264 -6663,74409507069 -3684,1308542708
-3289,11075732264 -7042,3110404922 -3684,1308542708
-3289,11075732264 -7013,82300881957 -3684,1308542708
-3289,11075732264 -6723,02196234121 -3684,1308542708
-3289,11075732264 -6786,85351946886 -3684,1308542708
-3289,11075732264 -6818,45707370113 -3684,1308542708
-3289,11075732264 -6600,09448559861 -3684,1308542708
-3289,11075732264 -6724,72921430191 -3684,1308542708
-3289,11075732264 -6997,09596693351 -3684,1308542708
-3289,11075732264 -6874,44406301212 -3684,1308542708
-3289,11075732264 -6679,13372072338 -3684,1308542708
-3289,11075732264 -7013,82300881957 -3684,1308542708
-3289,11075732264 -6870,43211906109 -3684,1308542708
-3289,11075732264 -6344,95831629691 -3684,1308542708
-3289,11075732264 -6317,1252237566 -3684,1308542708
-3289,11075732264 -6818,45707370113 -3684,1308542708
-3289,11075732264 -7118,51959374068 -3684,1308542708
-3289,11075732264 -6722,2279936152 -3684,1308542708
-3289,11075732264 -6908,81317799926 -3684,1308542708
-3289,11075732264 -6783,14919838315 -3684,1308542708
-3289,11075732264 -6789,94869069161 -3684,1308542708
-3289,11075732264 -6724,72921430191 -3684,1308542708
-3289,11075732264 -6716,10209343933 -3684,1308542708
-3289,11075732264 -6571,13245035516 -3684,1308542708
-3289,11075732264 -6577,32952945591 -3684,1308542708
-3289,11075732264 -6830,93059641438 -3684,1308542708
-3289,11075732264 -6577,32952945591 -3684,1308542708
-3289,11075732264 -6724,72921430191 -3684,1308542708
-3289,11075732264 -6764,66928789703 -3684,1308542708
-3289,11075732264 -6635,33218924612 -3684,1308542708
-3289,11075732264 -6724,72921430191 -3684,1308542708
-3289,11075732264 -6874,44406301212 -3684,1308542708
-3289,11075732264 -6678,49969162168 -3684,1308542708
-3289,11075732264 -6722,2279936152 -3684,1308542708
-3289,11075732264 -6679,13372072338 -3684,1308542708
-3289,11075732264 -6747,51897575622 -3684,1308542708
-3289,11075732264 -6772,40540250456 -3684,1308542708
-3289,11075732264 -6722,2279936152 -3684,1308542708
-3289,11075732264 -6319,39590681882 -3684,1308542708
-3289,11075732264 -6723,02196234121 -3684,1308542708
-3289,11075732264 -6521,64684795491 -3684,1308542708
-3289,11075732264 -6747,51897575622 -3684,1308542708
-3289,11075732264 -6786,85351946886 -3684,1308542708
-3289,11075732264 -6669,14833218493 -3684,1308542708
-3289,11075732264 -6666,03302570631 -3684,1308542708
-3289,11075732264 -6870,43211906109 -3684,1308542708
-3289,11075732264 -6908,81317799926 -3684,1308542708
-3289,11075732264 -6997,09596693351 -3684,1308542708
-3289,11075732264 -6894,08371956802 -3684,1308542708
-3289,11075732264 -6789,94869069161 -3684,1308542708
-3289,11075732264 -6830,93059641438 -3684,1308542708
-3289,11075732264 -6631,97164653137 -3684,1308542708
-3289,11075732264 -6818,45707370113 -3684,1308542708
-3289,11075732264 -6678,49969162168 -3684,1308542708
-3289,11075732264 -6472,27170076029 -3684,1308542708
-3289,11075732264 -7013,82300881957 -3684,1308542708
-3289,11075732264 -6785,99313652776 -3684,1308542708
-3289,11075732264 -6602,60689765011 -3684,1308542708
-3289,11075732264 -6443,59654640293 -3684,1308542708
-3289,11075732264 -7013,82300881957 -3684,1308542708
-3289,11075732264 -6786,85351946886 -3684,1308542708
-3289,11075732264 -6908,81317799926 -3684,1308542708
-3289,11075732264 -6723,02196234121 -3684,1308542708
-3289,11075732264 -6874,44406301212 -3684,1308542708
-3289,11075732264 -6997,09596693351 -3684,1308542708
-3289,11075732264 -6682,74081066734 -3684,1308542708
284,198410745452
-3289,11075732264 -3684,1308542708 -4139,95962025616
