-15047250,1723173 -15224135,8234212 -17770054,7351727
-14611705,4531401 -14834918,068946 -17300591,8449178
-14346907,6476701 -14514681,1676847 -16964655,5093116
-13921267,5221957 -14246957,7898208 -16778876,1169668
-13847784,8435265 -14030599,8305671 -16390351,3808493
-13658009,6614992 -13806248,4321168 -15938731,2082708
-13349247,0034683 -13557550,981251 -15820497,1518562
-13210482,0604684 -13391722,8802801 -15555419,7444582
-13014492,2942786 -13156680,7093536 -15297513,3250996
-12841382,1894449 -12991269,7001967 -15016163,0660215
-12432636,8754486 -12770919,7034574 -14854870,8533238
-12383482,6632111 -12617261,4420395 -14477842,303697
-12185080,7072415 -12474852,6586145 -14565420,3473093
-11969299,7075554 -12314432,406825 -14158714,7037177
-11828572,9827809 -12144075,6557661 -14184539,2950129
-11693647,7561236 -12014411,8639956 -13836769,215196
-11232911,7724085 -11819484,1213886 -13754687,9455378
-11232911,7724085 -11697596,5685642 -13443265,831231
-11051825,804527 -11525646,4971412 -13557909,7308796
-11006911,6366952 -11385301,9184676 -13277893,3586821
-10839544,2527862 -11233368,1069389 -13344852,2002467
-10716225,3736474 -11106579,0858872 -13113067,830595
-10592786,2546197 -10955569,2856304 -12875721,808253
-10493362,1736399 -10845490,0722815 -12938338,6444322
-10422057,3797754 -10732876,4534823 -12671748,2769959
-10264631,8627166 -10634406,2776673 -12463188,65317
-10196794,1724085 -10526490,1392333 -12557968,8504771
-10068637,2602662 -10415826,5263877 -12373616,6633586
-9820907,68167547 -10275783,5593909 -12198632,8964975
-9798663,77203786 -10181854,4954348 -11990124,6511311
-9727346,66861364 -10082897,149111 -11948920,1102599
-9540711,6777145 -9965252,60387493 -11804578,2284997
-9487051,44710549 -9886215,43417026 -11799248,807068
-9394562,29507553 -9786250,85435863 -11764984,8984485
-9305988,84810769 -9682195,07304679 -11649540,8702524
-9246469,1794616 -9600850,13560255 -11377580,6080643
-9165434,99590702 -9516396,95510539 -11377442,694718
-9025388,13807182 -9442836,09694069 -11474707,2727812
-8981692,00900905 -9352034,36278914 -11179565,2009906
-8857272,52076876 -9259160,83563692 -11071064,1535899
-8798528,54706871 -9167756,89439221 -11402172,3132754
-8778042,553299 -9108237,77280283 -10969642,3383682
-8737659,22211596 -9029594,15623852 -10885274,6999169
-8645017,6040079 -8951968,63081824 -11057449,6190942
-8611731,48499907 -8875597,69026083 -10891544,3369303
-8520731,160125 -8791319,74509159 -10759790,2277025
-8419379,41827792 -8713402,54702198 -11084430,1405516
-8354178,51723465 -8639298,00994868 -10720890,7035983
-8333693,1742719 -8575792,51049544 -10734052,4675066
-8206847,52409586 -8481402,82114887 -10688732,0073332
-8191238,82199225 -8427931,85680165 -10435005,7530026
-8089693,38711722 -8347706,10737976 -10498984,7470904
-7989414,82168181 -8272723,83617891 -10310667,5875291
-7946207,41516197 -8199068,97115342 -10310064,2803068
-7920845,41372474 -8130235,56235649 -10542888,3531335
-7837551,78911576 -8049469,41017171 -10060855,2713707
-7762846,51008461 -7994998,31738035 -9967330,78338234
-7679898,83107013 -7921310,51763823 -9921552,7475982
-7594045,57338891 -7860334,02724476 -9831091,67670381
-7584905,70748059 -7815237,51464556 -10219257,8636907
-7500986,94402303 -7749883,23389196 -9616457,33138468
-7485272,88707452 -7694741,99365023 -9835146,25025963
-7382496,45538141 -7647145,05897671 -9759181,92586415
-7378042,60092774 -7595171,64638342 -9471400,49421951
-7304674,11496654 -7542263,74656 -9436045,62075342
-7227148,81032478 -7453049,91356817 -9302987,39702177
-7215076,93888778 -7415056,55007473 -9332005,95739262
-7156987,86568647 -7348367,44209403 -9323081,8136161
-7117262,70222299 -7314020,53444151 -9123331,03776725
-7088824,08989003 -7254453,48817347 -9193315,27758381
-7036607,05343828 -7213692,73720619 -8993934,48738059
-6944696,31390063 -7162687,85851838 -9024449,89247429
-6929110,4347947 -7124919,80296875 -9100506,93996759
-6879273,31643133 -7079323,03049853 -9013962,87666142
-6791670,82137951 -7027045,7944291 -8911520,3559793
-6755094,59011403 -6983358,43618954 -8808082,74113452
-6722145,05994401 -6948325,38593716 -8643932,10729259
-6693557,20487028 -6913716,74387764 -8660114,49630851
-6656694,82492909 -6873422,77583091 -8677673,341993
-6622003,56517306 -6825665,56311163 -8558395,19166839
-6571008,67964772 -6791391,54475436 -8714181,19668487
-6541516,58072721 -6742792,15514583 -8681147,95601128
-6490091,08283509 -6694364,49968746 -8589516,57210032
-6450023,86063009 -6660749,24064342 -8463327,25104303
-6416444,83938246 -6621238,91468917 -8516647,66962913
-6386180,00938203 -6579297,56710328 -8535120,27107732
-6296779,04199404 -6535606,87396036 -8437976,28889731
-6288584,98729192 -6496312,11284725 -8447200,77365135
-6197114,20400811 -6468491,02874997 -8330048,2242228
-6175556,52910838 -6432781,73119179 -8302079,95322372
-6171969,86189677 -6391796,39401995 -8279469,66409259
-6125625,082207 -6352500,63110059 -8321395,89403612
-6114490,3444072 -6311028,59598616 -8340229,1358239
-6069153,54819216 -6268649,03500377 -8150761,70061214
-6032764,08288053 -6230140,11629865 -8179687,8172435
-6001462,98543712 -6202292,16282215 -8202446,43018803
-5959850,78003839 -6164048,37814554 -8165590,12685962
-5946747,93811164 -6140032,37548934 -8305929,68297591
-5894534,8087917 -6106324,54386001 -8029746,52050268
-5869232,12690489 -6063122,70113682 -7879832,03626425
-5827926,94191021 -6039366,18275334 -7839610,68149772
-5791232,47403415 -6006653,14523997 -7871703,85144471
-5763756,82156333 -5980477,97537762 -7932365,09315163
-5685357,326801 -5942449,39621323 -7902769,49518816
-5685357,326801 -5907093,32439999 -7709523,12771562
-5637444,49240157 -5877336,87703274 -7676341,49616988
-5616191,22154696 -5845837,98510407 -7762750,86946168
-5598217,55245715 -5818399,59505546 -7687358,27470288
-5570624,46167101 -5791522,02330856 -7737659,24858756
-5553175,58292951 -5765257,99245493 -7774538,15604752
-5532708,06597568 -5737906,56728489 -7674804,09341031
-5511114,24820714 -5713893,60666698 -7672395,3141318
-5465996,74193758 -5686951,00504976 -7549909,78245533
-5438207,08524203 -5656018,90989553 -7545375,42584301
-5389958,87866595 -5626364,76832803 -7481878,61897011
-5353662,82042332 -5592183,6032915 -7527406,82143077
-5317611,20688177 -5572355,71434194 -7428314,77981851
-5280483,74239649 -5540990,36540907 -7482042,57985209
-5251464,58366702 -5513160,16602351 -7261917,10284168
-5232425,85874815 -5492707,52887462 -7366673,81951368
-5204629,96737331 -5461382,10158612 -7327483,14349376
-5150398,99074899 -5429723,69494402 -7418281,49861761
-5131825,29602546 -5407622,58137301 -7404388,40820579
-5103201,28715859 -5383717,81266773 -7269695,37490574
-5085972,93387961 -5357071,59685109 -7210521,9246621
-5064167,02998697 -5328944,21921348 -7282084,01408516
-5028468,72957196 -5296820,85015216 -7292776,51985569
-4991179,43590866 -5274094,85257626 -7234135,83015024
-4973792,10920464 -5254663,96420854 -7247438,02255286
-4959437,79291576 -5225146,00492032 -7074247,38756986
-4935330,9038236 -5203093,68269253 -7144322,49818141
-4902283,26761942 -5179149,70070267 -7013705,98544043
-4874695,32932131 -5156198,6127777 -7149353,31246754
-4867445,64333781 -5134537,65595648 -7145669,98741695
-4821073,12576071 -5112532,22692791 -7111499,12895129
-4806102,07711159 -5084280,05275243 -6916971,08186148
-4781653,4705728 -5053376,5154883 -7009734,66899835
-4750543,72787976 -5031799,82314119 -7009923,86177522
-4725658,56697017 -5009494,84274955 -6860437,5003992
-4714296,33679532 -4989127,73268994 -6935427,15522049
-4700489,70835734 -4968559,17101431 -6869240,26427788
-4663745,14196854 -4943355,89642094 -6850551,2128775
-4654300,07155757 -4918151,35522421 -6853706,71977782
-4631006,58104259 -4894587,60908442 -6641766,48677229
-4601496,87668464 -4869439,81615665 -6635824,03142116
-4593063,44561576 -4845420,03583023 -6627756,46252456
-4573731,50972534 -4818229,53599512 -6615690,51635722
-4557263,39338758 -4799270,76219079 -6784036,44934354
-4540359,92469488 -4774721,56761456 -6546184,00067169
-4510491,02398884 -4753561,69374106 -6692571,57439002
-4506502,90566297 -4729125,72739504 -6544575,24379521
-4484422,87433401 -4706207,50555639 -6586180,03969297
-4482052,37968077 -4689600,60916253 -6679271,66233083
-4464326,87326078 -4672872,05859697 -6608947,68538975
-4458185,34750815 -4653694,32440383 -6407011,78938593
-4446028,25190614 -4634463,30882388 -6255113,43872556
-4434621,19034665 -4611481,86533724 -6338743,21438121
-4419890,64274217 -4593857,70986566 -6381625,31444358
-4399835,01776626 -4574175,97840359 -6393987,05886471
-4389729,54710914 -4559252,69479732 -6356181,24215077
-4366966,03567321 -4535221,006699 -6272966,36568144
-4295326,27023828 -4513006,55156806 -6192710,4336738
-4288500,96660436 -4496362,66343704 -6239932,04848063
-4275553,64127979 -4478611,93147072 -6365050,1711599
-4262161,10683294 -4461323,7892666 -6143850,72841079
-4246102,43998326 -4443748,67761021 -6160898,21102262
-4222743,30476787 -4423829,66316685 -6123591,64364876
-4213361,58282997 -4407704,03172837 -6122731,89351212
-4194120,53811996 -4393591,8992453 -6064743,12738089
-4176308,91048815 -4371798,12958599 -6048706,52653752
-4149526,36826882 -4352607,30393715 -6183631,01986396
-4132377,69515179 -4331917,97200041 -6301867,76247334
-4118556,80044148 -4314706,0342965 -6001190,99614569
-4092348,04356376 -4287337,57783734 -5915056,35101187
-4052641,5651662 -4273792,57005921 -5911694,5014809
-4034788,65134273 -4253266,99568158 -5931926,37841383
-4008010,68697564 -4232261,84927501 -5921130,67415934
-4001765,27615761 -4214383,98313866 -5964162,47505927
-3985292,03762322 -4197346,73181807 -5952644,60458134
-3971916,78763544 -4182389,11300266 -5715599,66516344
-3949272,79350199 -4164033,45501854 -5803633,08443146
-3947158,02393471 -4149165,91450825 -5808385,67111271
-3920748,60514242 -4127223,86112311 -5710981,33190589
-3909227,35240394 -4111341,79234106 -5736522,53844667
-3894117,70228742 -4097907,93659542 -5780438,01405124
-3863895,6931958 -4085068,66776837 -5546205,7643411
-3829919,56174324 -4069894,48537075 -5658831,78416275
-3828739,00004532 -4049656,88436899 -5575863,00474146
-3811516,19454368 -4034473,24920028 -5538332,10531824
-3800887,68802012 -4018237,87206398 -5600526,44178061
-3784011,14241978 -4003186,60386478 -5541572,05923449
-3772419,95725378 -3983987,57607413 -5504975,23154382
-3749907,41277672 -3972585,5897044 -5489138,76829038
-3743778,31157044 -3960492,26892463 -5519595,83768616
-3724655,72226343 -3949247,39328223 -5434088,6854456
-3722305,65748009 -3937319,54468789 -5496360,07308111
-3686191,20386962 -3917937,57587666 -5512622,77067292
-3686191,20386962 -3908471,4823756 -5476224,00826635
-3663150,18652975 -3890259,93439234 -5510144,90032263
-3663150,18652975 -3875164,22658523 -5461881,39451713
-3623210,80441373 -3858908,75864405 -5428451,09669184
-3622145,17280028 -3838259,95889314 -5500632,00761156
-3611087,88531788 -3829452,72210357 -5468626,20076772
-3611087,88531788 -3813913,05067106 -5392942,68106986
-3585401,27398333 -3802339,5063402 -5503557,01581326
-3585401,27398333 -3788755,62258524 -5294539,43259576
-3578888,5182206 -3776486,79522525 -5417836,75460598
-3565553,92214269 -3763637,43879292 -5443455,15272677
-3548794,58771961 -3749034,07979596 -5286679,68985647
-3538862,13767363 -3735278,05258255 -5333171,52026464
-3530896,23433555 -3722668,50395325 -5310995,76305845
-3522537,1706353 -3710170,1798963 -5262537,247834
-3512881,13227087 -3698176,13116326 -5242767,71419181
-3501303,73763986 -3687628,0288294 -5236077,71388677
-3485037,0093401 -3676862,02624368 -5259640,53297749
-3477902,6023663 -3664948,90885215 -5141967,5239122
-3451888,63365131 -3648769,82913906 -5287297,95274127
-3440783,70342621 -3640913,77587935 -5176493,99021038
-3430214,60552649 -3625069,45124988 -5071479,01054337
-3415888,20807046 -3613967,95808753 -5112967,0288152
-3396678,54820504 -3596904,20786814 -5114228,11211721
-3393363,24762812 -3578901,89305918 -5097486,36935826
-3370208,50543836 -3566610,95762569 -5066877,08427171
-3368696,91535419 -3552012,52827834 -5058651,19440824
-3340560,43519496 -3535945,79130664 -5041175,23774425
-3340560,43519496 -3525627,21960422 -5004611,38491953
-3316460,72436516 -3511846,89156623 -5096251,21122219
-3316460,72436516 -3499703,92712456 -4971601,13864601
-3292077,63937062 -3488781,51388816 -5047438,20319876
-3283195,14043213 -3478945,74819859 -4890471,65453967
-3266730,10483438 -3467692,36118744 -4899732,96845015
-3260617,94608544 -3454975,67895046 -4910705,68320334
-3249344,91609525 -3445737,27092923 -4977025,87689804
-3233192,12232345 -3433966,96463581 -4939881,58369586
-3223231,22423331 -3418918,99513028 -4857543,87327431
-3206752,91969567 -3407164,22426385 -4940915,42785727
-3201938,11914637 -3398108,70284865 -4849812,55072106
-3169263,12531555 -3386314,65879258 -4879438,17367045
-3159346,12274678 -3377885,76910425 -4864414,00713583
-3147970,02022861 -3366199,19553062 -4753645,97068578
-3135326,17764513 -3354549,54327638 -4871421,1842388
-3120694,5106699 -3343140,37194472 -4777919,26603337
-3111524,84005492 -3330274,38251416 -4852182,78547891
-3098880,99747143 -3315860,19258654 -4779065,52649509
-3091240,78742311 -3304702,81716369 -4861930,5825405
-3080266,31188973 -3293730,74550158 -4810255,02750519
-3067409,74863799 -3285610,58599641 -4833645,32129182
-3058897,90884629 -3272887,09111121 -4802436,44382409
-3044651,95191098 -3263595,36093507 -4702903,55005651
-3030445,14041822 -3252104,00987597 -4785454,85208917
-3025024,02531915 -3241581,93411644 -4597237,25894732
-3014877,00490833 -3233616,76093046 -4679963,66912153
-3010790,99251634 -3220792,73931371 -4646727,88892793
-2998331,41706534 -3208708,35220879 -4620001,4624192
-2988138,0528095 -3199437,14342597 -4573216,93840173
-2971770,21952926 -3187775,55425321 -4590858,53071729
-2967730,55098229 -3174853,52292231 -4645998,81472391
-2948248,6997256 -3167308,45087328 -4509809,12095968
-2948248,6997256 -3158438,35625511 -4543856,06025711
-2944392,88635347 -3150207,24514444 -4569424,23269486
-2941223,33494828 -3140985,91051912 -4617574,45572796
-2929163,53903228 -3126011,12801509 -4574694,63507706
-2929163,53903228 -3120754,24504909 -4458348,87313377
-2921071,39717057 -3111222,38058554 -4453963,88830242
-2913729,47039619 -3099614,25763673 -4439944,51786877
-2899518,48004247 -3087613,06332833 -4440391,64838277
-2890224,24765005 -3077708,32885611 -4374079,4262846
-2881237,09838196 -3067550,18085724 -4523584,26611244
-2872947,45977472 -3059920,06181463 -4363913,31915921
-2856808,63557896 -3049249,50562259 -4357166,01207467
-2852580,36462769 -3042902,81672667 -4364103,99405483
-2846852,74697254 -3036173,12509158 -4361472,45968061
-2835901,52906644 -3025859,97547209 -4345261,1496224
-2828052,77711202 -3013889,97755774 -4372308,42021418
-2820486,35727207 -3005559,62979579 -4255811,6831721
-2806118,64674478 -2991792,04832672 -4343210,45879661
-2794052,24855991 -2981942,46182054 -4350503,36887617
-2785850,34037784 -2972698,825025 -4222205,63420573
-2773431,20261379 -2965155,07140674 -4297840,58864334
-2766158,06928544 -2954387,22587371 -4268535,56128681
-2764250,92331648 -2947957,56663177 -4255664,03159363
-2747061,26585087 -2936762,01794512 -4233003,10080857
-2741907,82671463 -2925803,91829498 -4147378,26657755
-2723739,79813379 -2916024,61972201 -4157078,85955142
-2709808,90571865 -2910092,06400769 -4265063,44508458
-2709528,64056231 -2902079,52884849 -4167333,73553725
-2701061,02388359 -2890556,36031743 -4123295,6264353
-2697250,87168493 -2883825,24979744 -4181982,95483327
-2681576,8830989 -2871445,88691049 -4165005,98438493
-2672487,62640354 -2860844,53211254 -4324262,63358698
-2658111,39252401 -2853018,3651069 -4213223,02910822
-2633348,14724261 -2843613,07995636 -4138437,35789292
-2624600,26540755 -2836986,86118347 -4153047,82822985
-2618516,22389713 -2828253,13086626 -4139408,28727899
-2610119,07925527 -2818631,23172953 -4126342,39327835
-2603379,6616485 -2811994,06473211 -4037602,42205463
-2592893,50407493 -2804898,63687066 -4022713,94094821
-2587643,24125758 -2797901,55936157 -4037679,64158744
-2576671,79344648 -2791260,60051226 -4033805,25287749
-2573950,4124044 -2783884,39802699 -4235231,6803938
-2564754,63025265 -2775222,63792461 -4027935,76332304
-2555842,82992014 -2767549,3679422 -4206214,03452038
-2554830,97095544 -2761962,36898971 -4149576,89337648
-2546244,47772758 -2753909,15937538 -4154412,75902472
-2543187,93521821 -2747064,74784854 -3978912,87891744
-2538794,37704904 -2742396,3831383 -4009328,88663231
-2531969,84432875 -2735212,70657766 -3985387,97206426
-2527032,03260273 -2727031,86332962 -3922134,18085636
-2525982,14301754 -2722079,43827285 -3964031,12954134
-2517809,65155828 -2714942,39879471 -3977900,22389804
-2512211,46829921 -2704451,98108708 -3876110,39715212
-2500585,36603165 -2694226,72754512 -3917912,27066627
-2498852,82672554 -2684956,19235214 -3907105,8409231
-2491686,89708197 -2678286,07848586 -3931602,6378908
-2488065,37542667 -2671230,61455372 -3927139,58016278
-2481642,48557793 -2661153,33918468 -3875015,17662231
-2478011,58335233 -2651525,56347121 -3921071,49659006
-2469972,59364079 -2642730,50856033 -3898810,29842903
-2466341,69141519 -2631841,90931009 -3880668,17565382
-2459778,89320337 -2626996,63972422 -3802590,21677251
-2456858,43882576 -2618178,49128374 -3771139,32790041
-2448317,58565297 -2610043,46119594 -3841921,65417538
-2430829,36884854 -2601130,01113072 -3825839,23326627
-2426833,3230009 -2591872,7564625 -3835497,69340134
-2420738,51979215 -2581509,13476626 -3809760,18831785
-2406263,74597906 -2574252,38545149 -3817745,97031763
-2406263,74597906 -2568648,70196903 -3805990,25575261
-2398683,00101196 -2563448,17717745 -3731255,15861176
-2392600,07042712 -2555991,06822171 -3731485,08381562
-2387126,22277883 -2548243,31559949 -3673615,40867516
-2384347,40638342 -2538703,11167026 -3766592,22775337
-2375281,72841348 -2531311,54615305 -3677276,29645883
-2369978,03122354 -2521717,09695347 -3694221,80335388
-2365932,37188602 -2514462,82351673 -3723850,854882
-2348769,41748495 -2504881,47072412 -3726615,29963806
-2348769,41748495 -2499010,32672939 -3783748,08486654
-2345313,00196708 -2490228,60442717 -3761542,63221357
-2341785,54988982 -2482619,57075155 -3670002,43743563
-2337873,5207562 -2476364,34643938 -3723161,78638111
-2337873,5207562 -2473004,39748986 -3621956,015229
-2336008,73516159 -2462600,80934578 -3632774,97760586
-2335054,66375575 -2456307,30965861 -3597764,90591824
-2323122,6729759 -2447311,72538733 -3624603,7454026
-2323122,6729759 -2440854,49597287 -3702958,36017981
-2313716,85861862 -2431141,27512866 -3679479,71867162
-2312808,04757598 -2426065,13694379 -3590511,30864764
-2296614,85727396 -2418554,85565886 -3540582,90223681
-2295660,78586812 -2411554,58492437 -3542422,16466263
-2287484,51367326 -2405298,62033223 -3644723,80244343
-2285790,59376995 -2398798,17620444 -3540732,11735233
-2284108,10957882 -2395023,44060661 -3523795,14922167
-2278986,79855567 -2384902,64498622 -3535332,96680876
-2278629,00228558 -2380340,03247106 -3610143,25092594
-2272729,71046773 -2375360,59870797 -3487132,85637114
-2268521,39650773 -2366694,0336716 -3599599,62361143
-2266411,64580438 -2359395,08035742 -3560943,20392575
-2257820,27044961 -2350386,77945248 -3490729,31498388
-2256820,99567489 -2343746,65333715 -3455064,72761464
-2251971,77654061 -2336747,4744206 -3569417,56646372
-2244653,13916314 -2329774,21801593 -3464848,18698279
-2240271,37570777 -2323642,02112283 -3611925,70568759
-2236020,01692674 -2318150,07452458 -3574273,75404144
-2232934,09449917 -2314060,79323494 -3447941,92835028
-2228879,54648063 -2309211,85059739 -3484042,02482132
-2217419,09035663 -2301864,74418464 -3487891,4511354
-2211505,48105094 -2296135,14744612 -3441050,41789414
-2211129,37667085 -2291244,63891408 -3401587,60899241
-2207444,05816641 -2284940,41359607 -3424875,00153415
-2201023,28710024 -2278393,77799817 -3461041,20772867
-2195176,3330356 -2272571,68767601 -3422209,53439981
-2190200,87979103 -2267343,31660066 -3421202,98242961
-2186603,05531093 -2262389,80160125 -3402840,00162399
-2186603,05531093 -2258978,19260323 -3407265,33815847
-2141495,41810796 -2248679,51651962 -3433984,74684356
-2124386,70596954 -2243020,11876996 -3391651,60944113
-2121237,85383602 -2237571,97058139 -3403261,72332269
-2121237,85383602 -2231609,46601272 -3383669,9877322
-2111924,79949061 -2227084,08618427 -3325274,19247201
-2111654,15912767 -2219279,142071 -3427255,35069613
-2104715,48861166 -2213724,62139628 -3424014,31479298
-2100434,71176201 -2207174,20877586 -3320079,1630881
-2095948,97342373 -2202400,1005323 -3354611,4762103
-2088788,19882481 -2197828,58485194 -3367023,72420621
-2083066,75295835 -2192822,75449335 -3390149,7258866
-2073389,95723211 -2187411,14217553 -3345636,58891146
-2073389,95723211 -2182447,07954739 -3344860,78621536
-2071872,56092439 -2177191,42510865 -3359212,66334022
-2069053,71094742 -2172853,34359105 -3335753,64269282
-2064858,80286584 -2169134,86512966 -3321937,45651802
-2062039,95288887 -2164533,74406513 -3302203,85083293
-2058169,22767532 -2160560,09219465 -3324263,74144605
-2048008,35432715 -2155866,41666653 -3297029,64628806
-2048008,35432715 -2151548,16956592 -3302479,6332283
-2046605,89209491 -2148035,04826127 -3357410,13198622
-2044363,08710858 -2142879,75925037 -3261649,13952243
-2044363,08710858 -2138037,75482957 -3279742,24957404
-2038829,49859069 -2133512,69518678 -3497099,00120134
-2035682,92286305 -2130501,03431954 -3419209,63921714
-2033053,31886299 -2125687,32404298 -3230900,1887787
-2020874,99255844 -2121144,16669623 -3240943,07911989
-2016013,16806859 -2116921,36407868 -3214913,15794197
-2009830,81855696 -2111932,10849116 -3279366,86292433
-2000041,08903347 -2105452,27889348 -3223391,81339018
-1991260,15039622 -2098539,37414657 -3243370,62880357
-1987194,41084176 -2095731,01560374 -3246691,9640903
-1986493,02552675 -2091496,95361462 -3217090,76429599
-1984104,80842244 -2086961,68049055 -3176611,1641134
-1976819,40935575 -2082061,93700946 -3142088,94757049
-1976819,40935575 -2078788,57746502 -3217369,81713633
-1973362,36265245 -2074238,87241169 -3146480,45362003
-1962370,71751852 -2069272,0584403 -3164948,42820914
-1957375,51532592 -2065023,56163755 -3219205,80970038
-1952898,93219109 -2061060,40563771 -3177889,24988473
-1949441,88548779 -2054296,43801455 -3142109,34704807
-1947045,17645669 -2049448,77997645 -3092179,23199788
-1943181,08290606 -2044937,85025784 -3174352,33933025
-1941614,17425119 -2042569,28691264 -3106701,06362436
-1941116,77543503 -2036770,28065622 -3087920,34986756
-1937923,1693417 -2031044,90788467 -3066149,98382813
-1933818,32980873 -2026333,35964507 -3177549,64373588
-1932883,6087641 -2022271,60843342 -3043989,89405768
-1932883,6087641 -2020064,0007374 -3159016,88352648
-1928837,11521405 -2013742,9475841 -3051135,95618518
-1928525,6169936 -2010823,59863842 -3070924,86870749
-1924294,39173549 -2005527,85978258 -3131921,57550579
-1921530,19207984 -2001874,29941953 -3072331,25998928
-1914475,15445367 -1996331,60829838 -3107918,55327095
-1913269,00988387 -1991535,71518649 -3121470,7115616
-1905710,52625405 -1987119,74762758 -3077258,00452243
-1904504,38168425 -1981825,35562689 -3060281,40553772
-1902777,18372679 -1978736,97453164 -3130370,8947667
-1895888,54164552 -1973229,12207526 -3092494,2466846
-1893746,76368933 -1969833,96486929 -3051515,2816859
-1889961,26540527 -1964902,89207869 -3006522,7830881
-1886787,05409266 -1961100,85196723 -2987745,52520392
-1881949,59133261 -1956794,37377953 -3001326,83253384
-1878446,99867175 -1953126,99009308 -2996173,91613919
-1878217,15038109 -1947177,42592044 -2998090,13265652
-1876274,67716894 -1944078,3819708 -2984606,27282177
-1873889,16461426 -1936658,87880146 -3091825,56245906
-1870558,46293974 -1934403,90167019 -2985506,89263259
-1866589,78673874 -1929856,49896053 -3058886,74148126
-1863743,74394541 -1927272,29996793 -3021663,77784511
-1855189,73772562 -1923755,25199137 -3074064,42338382
-1849538,62307207 -1918919,65455311 -2989212,15082829
-1839006,52298837 -1914592,81205827 -2965905,8095515
-1839006,52298837 -1910451,15657097 -2922678,34993472
-1834652,59138326 -1906396,65436561 -3023279,65471604
-1834151,73016682 -1902375,42836385 -2903361,05405444
-1831494,6406154 -1899762,5539245 -3099998,41560086
-1828398,52099162 -1896600,2586914 -2916657,86170991
-1822238,84079376 -1893605,63634468 -2917766,90949293
-1820289,90262471 -1890641,90495444 -3023823,70112427
-1816827,78841911 -1885970,53944718 -2890112,34442971
-1813160,17378608 -1881069,05260997 -2996264,99684108
-1813160,17378608 -1877918,06275784 -3017048,60726182
-1807627,78171065 -1874077,42493725 -2905688,98537065
-1797266,14772349 -1870892,35154927 -2939345,22379547
-1796161,86444846 -1867443,15887651 -2947894,10134826
-1792658,14796641 -1865509,76491589 -2862346,93699861
-1791685,9635865 -1862432,52547907 -2874030,02843081
-1788245,43684638 -1858405,83778168 -2909220,36572795
-1788245,43684638 -1853332,07876914 -2868922,79371122
-1784854,05619909 -1848355,0369914 -2961850,23712728
-1781318,44044808 -1845462,22109053 -2891246,96443006
-1774748,79224968 -1841448,90943687 -2871347,80390838
-1771568,5213876 -1837688,4846527 -2835763,08161433
-1767633,64195162 -1835336,2671591 -2936061,88397182
-1766361,42708598 -1831436,46209984 -2947767,42785564
-1743502,0649931 -1823949,0412918 -2939095,50849631
-1740101,6922094 -1819131,42702333 -2891318,56387684
-1731038,91292908 -1814125,26733483 -2853182,28363754
-1722503,32343339 -1809625,9347499 -2758304,91109039
-1717894,16959151 -1805444,74736452 -2920802,54137883
-1717632,21569016 -1799977,78416254 -2907698,9887921
-1712093,94995224 -1797079,19553709 -2882281,33915202
-1708887,13357141 -1792092,33803257 -2918663,40174745
-1707727,72563242 -1787223,52225978 -2947592,67335921
-1697568,93056387 -1784308,98827087 -2812457,52624569
-1697568,93056387 -1780712,99587227 -2759608,82498047
-1694029,95386993 -1776555,74085607 -2808625,59216756
-1691817,25620283 -1773845,88850992 -2795288,19371497
-1691817,25620283 -1769055,90349415 -2807012,40379411
-1691536,1264939 -1765832,07171358 -2852804,12266923
-1688278,27950889 -1762521,69653099 -2778164,91952179
-1688071,76253625 -1759765,77707719 -2881738,13770036
-1681438,13774884 -1757372,65816578 -2897214,2123196
-1680278,72980985 -1754152,9038426 -2829198,21144344
-1673976,83747252 -1751906,70894227 -2750033,59849342
-1671323,15606555 -1748097,72341103 -2860029,50855327
-1671323,15606555 -1745953,60570463 -2769342,95530266
-1655903,61732529 -1741441,54821288 -2944221,5368199
-1655903,61732529 -1736718,81291396 -2868544,07913406
-1647700,74381453 -1733041,13728483 -2855152,16186401
-1647700,74381453 -1729457,62584351 -2840919,66257253
-1646931,3836038 -1727087,52791197 -2730421,48403021
-1644553,70051734 -1724586,32852898 -2882606,64717497
-1644184,31591449 -1722518,14615747 -2716944,16622462
-1644148,35420307 -1717341,33780061 -2697535,24610739
-1637764,52217378 -1713871,57516232 -2752343,24561645
-1634748,61770265 -1711355,48497536 -2741525,22453763
-1633787,3427242 -1709650,57189244 -2664890,81050744
-1628784,32401803 -1706750,81683445 -2684573,23556534
-1628784,32401803 -1703866,23250321 -2670910,34135515
-1628351,53443925 -1702211,94132317 -2633725,73650417
-1626259,66806988 -1700414,55264927 -2648415,36408526
-1620611,71984427 -1696258,97557675 -2679452,01749616
-1620020,23852688 -1692792,64609703 -2661582,22789206
-1614457,70574622 -1690211,98201969 -2641923,52370724
-1614457,70574622 -1687690,70418801 -2681255,9801028
-1612938,32546869 -1684287,66872005 -2618035,41679961
-1609028,12918351 -1682119,17411989 -2588934,02131207
-1603121,67279094 -1678874,57205746 -2626766,90587678
-1603121,67279094 -1676624,28174305 -2588466,84175242
-1597602,16953605 -1673495,3724051 -2650906,45885113
-1596346,89312814 -1670127,58792536 -2614018,23852927
-1589762,12373617 -1667070,235029 -2635617,91069693
-1589762,12373617 -1665746,74649217 -2696969,4639589
-1583188,64643424 -1662178,54979843 -2644031,07438621
-1582814,08316191 -1659925,87081882 -2614712,53794646
-1582336,42295614 -1656814,9268369 -2611098,53234974
-1582336,42295614 -1654477,6367 -2601824,22958323
-1579503,02024492 -1652421,54127686 -2583022,04082872
-1579503,02024492 -1650151,39938923 -2560278,48119601
-1576795,69348346 -1647841,95047936 -2560750,13643293
-1574545,87226546 -1645064,19068731 -2618082,38299789
-1574545,87226546 -1642176,12816184 -2550753,89031351
-1572042,98004567 -1639810,18594219 -2577765,75613898
-1569405,3306204 -1637840,17334681 -2557756,47428124
-1565063,87214886 -1635220,15051302 -2568983,19534315
-1560444,03561677 -1633066,92042205 -2622782,14473946
-1553786,01886501 -1629535,4189849 -2567673,44946999
-1549608,45977058 -1627478,27828006 -2512720,59181788
-1545677,19331996 -1624833,78674227 -2521269,8583848
-1540552,46346738 -1622389,91446022 -2510194,22099928
-1534724,25304756 -1617950,29203509 -2527847,74503408
-1527304,15770682 -1614828,33303149 -2528405,92173556
-1527304,15770682 -1612364,43541512 -2473763,52385006
-1520871,30535744 -1608850,46685521 -2554240,43021396
-1520156,08507668 -1605470,64541569 -2534498,70657373
-1515893,69763756 -1602785,77871832 -2469325,8337229
-1515893,69763756 -1601285,66064649 -2466895,1858529
-1514215,87001552 -1598372,73311503 -2499087,21294478
-1513046,11254718 -1596744,14090266 -2442899,48793479
-1511826,71094673 -1594168,22507367 -2550184,73277925
-1509025,45075594 -1592084,95082258 -2429580,70389144
-1505998,16307588 -1589263,853161 -2597832,47540627
-1500460,48503277 -1586436,31805636 -2571849,49730098
-1497912,56165724 -1584894,43850905 -2439822,28760224
-1496688,42634691 -1582574,39074519 -2498963,8717965
-1493486,29326107 -1580914,56907872 -2436698,25678813
-1491628,46802119 -1578529,22623497 -2487079,13535735
-1487640,15133528 -1576591,20435522 -2516937,10672917
-1485954,54619539 -1574016,24323693 -2444728,35460352
-1484498,60785756 -1571047,37615046 -2444778,64112669
-1483278,29207064 -1569365,58497466 -2429812,47602221
-1481209,39168176 -1566940,27867003 -2406455,86458966
-1480560,15008768 -1565289,46680802 -2381587,14805365
-1477649,67255492 -1562800,52907479 -2437065,57669039
-1476688,31002451 -1560817,18950218 -2375316,9034999
-1475098,34474396 -1558543,35845302 -2431548,60137149
-1473623,29571067 -1556361,89755727 -2398132,60353197
-1470832,59579375 -1554088,08984762 -2430877,87977773
-1470832,59579375 -1552094,44101384 -2395713,99910056
-1468464,1607595 -1549406,63287564 -2390670,00589447
-1467604,07948228 -1547419,08569714 -2406739,45396166
-1463906,64372743 -1545411,01279574 -2380088,12378765
-1463558,85282488 -1542305,13085496 -2392133,53710479
-1463030,22685298 -1537960,5013238 -2443032,5872537
-1462882,66055229 -1535540,55990767 -2395543,52208149
-1458502,12984463 -1532323,0970753 -2368743,67728127
-1458502,12984463 -1529953,19530141 -2410838,3156317
-1456264,82306324 -1527986,92204328 -2404111,12161461
-1455436,06210506 -1526271,71612276 -2482613,93456457
-1452190,38736524 -1524414,61179465 -2376505,1177805
-1451442,10199158 -1522273,67250807 -2371755,50915205
-1450358,02177477 -1520394,1920404 -2418681,19137673
-1444718,93683516 -1518040,93676101 -2471866,40124672
-1441216,93884629 -1516266,20849056 -2363139,53183811
-1434624,9725462 -1514371,44055598 -2369969,98073731
-1434027,71602921 -1512481,19689076 -2358484,80507433
-1432372,16883691 -1510000,24216269 -2360928,19783069
-1430202,18836134 -1506497,22286385 -2368436,05666944
-1427198,38462455 -1504353,92105032 -2417855,05892549
-1426119,78510628 -1501803,74699021 -2391723,09058082
-1424245,66168693 -1499423,94148363 -2350464,12504073
-1424245,66168693 -1497612,25943122 -2351523,30805174
-1417511,87451996 -1494483,38881212 -2367272,83978991
-1417511,87451996 -1492862,58861686 -2312993,52475602
-1417511,87451996 -1490627,12704311 -2325798,40560012
-1416714,800157 -1488492,80748922 -2311669,52460186
-1415795,96840919 -1487223,35925262 -2320629,35924243
-1414803,37457503 -1485210,15337408 -2299938,73824698
-1411094,29818846 -1482491,50741091 -2304072,6789382
-1410175,46644065 -1479892,17692221 -2278762,67449123
-1409183,54910792 -1477178,82024578 -2281473,43190572
-1404317,25555972 -1474590,97827598 -2281147,06049828
-1402601,34944895 -1473081,86416136 -2292110,8097514
-1402601,34944895 -1471262,58443197 -2281779,04050294
-1399705,29945675 -1468491,34930056 -2305565,42255029
-1399705,29945675 -1466840,01058526 -2296496,18434916
-1394139,83570014 -1464237,78228652 -2306873,98567219
-1392700,37739757 -1461796,03153136 -2284828,74235132
-1387111,90611045 -1459712,11282438 -2356086,16033577
-1380966,76601061 -1457471,87745111 -2317796,87769646
-1373603,27340467 -1455432,10741176 -2290258,12712085
-1371828,25208586 -1453739,33621658 -2268919,53414102
-1369189,15708726 -1451317,85134225 -2309318,52067417
-1367414,13576845 -1450105,98040757 -2297770,17135606
-1365833,87524533 -1448084,94625986 -2297995,42347078
-1365833,87524533 -1446345,10739744 -2275555,63507711
-1364058,85392652 -1445840,96844253 -2287973,45864643
-1359569,75517306 -1443770,41616557 -2268723,86498375
-1357794,73385425 -1441933,48991115 -2263504,63198063
-1354765,7089765 -1439636,84947414 -2288876,57132883
-1352990,68765769 -1438296,75761355 -2249407,99125587
-1352990,68765769 -1436355,2137068 -2270311,19347388
-1351014,06387498 -1434970,04961545 -2239455,37779683
-1351014,06387498 -1432939,15242021 -2293611,87996265
-1349023,02413622 -1431733,50731651 -2245842,49651355
-1348783,16714411 -1429891,06159467 -2249020,03442105
-1348265,02702806 -1426956,14551529 -2237744,0450767
-1347586,21657524 -1425482,12199677 -2235278,58174284
-1345456,60907395 -1423538,44286805 -2257189,79368083
-1340068,17424609 -1422372,55576494 -2279895,22495912
-1338136,38327864 -1420606,22782575 -2215564,67660062
-1334834,93153736 -1418760,70880123 -2227862,76839223
-1334257,41031411 -1418169,56978094 -2229145,93705071
-1331564,4342322 -1415234,34345489 -2316902,26092655
-1329460,2874656 -1414101,31270761 -2239013,41836428
-1328427,77870632 -1412081,34950224 -2302696,84875118
-1326990,97114534 -1410156,41087729 -2228907,89343934
-1325077,032563 -1405892,82938442 -2234875,97692581
-1323611,44219923 -1404084,46138349 -2224895,13216268
-1322438,57248549 -1402018,92868069 -2255410,53412144
-1322438,57248549 -1400999,05778275 -2290386,570234
-1321335,22315156 -1399389,51774533 -2203071,27677458
-1320150,92408807 -1398406,41498052 -2287905,311265
-1319941,0522517 -1396481,47901267 -2327159,09506983
-1316337,60009766 -1394918,75580101 -2235209,17139122
-1314049,95170024 -1393781,49398064 -2224562,6642573
-1312655,78080037 -1392800,57479691 -2200392,14136673
-1311450,54926347 -1392196,08914632 -2210340,69396023
-1311450,54926347 -1391271,31720811 -2189655,381778
-1306996,77958592 -1389747,98221941 -2189242,96607316
-1306613,49878722 -1387520,84673302 -2219858,10321784
-1305766,24935442 -1386063,8719445 -2209221,80486741
-1304341,57660662 -1384240,40481791 -2205742,82018763
-1303718,69916138 -1382926,6871531 -2298366,78936944
-1302871,44972857 -1381675,95764437 -2201814,89176587
-1301790,20830444 -1380401,8318736 -2200592,19787271
-1301790,20830444 -1378197,34074374 -2277234,14525051
-1300919,63906919 -1376960,91673046 -2209941,1604441
-1299416,14209348 -1375414,42111544 -2249189,50967369
-1299198,58019625 -1374067,13753411 -2196952,35672792
-1297671,7634181 -1372895,00830043 -2193876,77572246
-1297212,59416362 -1371282,78799186 -2205693,44357657
-1295685,77738547 -1369451,91644582 -2179813,97743652
-1294877,34253856 -1367743,20284137 -2214982,52371447
-1294877,34253856 -1365278,03029471 -2217637,36238764
-1291362,15951434 -1363815,79019506 -2174570,44510044
-1290224,16775635 -1362764,77905823 -2280539,61033155
-1285900,54988523 -1360018,78963076 -2339085,53414979
-1285043,37371242 -1359115,15178471 -2173547,87559872
-1283909,51014647 -1358133,13942779 -2209718,49436047
-1283909,51014647 -1357333,00177819 -2178516,98255578
-1282778,48047537 -1356073,24629771 -2146291,16918193
-1280990,97233645 -1354923,40202514 -2195515,25885037
-1278855,8595239 -1353032,56698455 -2217081,72921439
-1278855,8595239 -1351401,49932538 -2147692,30206076
-1276359,08381967 -1349705,72768584 -2251661,93669437
-1275397,44813328 -1347878,32986238 -2203266,53921482
-1274814,57620998 -1346840,08416759 -2189524,17874569
-1272678,26342014 -1345213,07720718 -2131184,84975596
-1272678,26342014 -1344066,55640153 -2140462,99304073
-1269487,3678546 -1342059,29458522 -2155712,32989575
-1269487,3678546 -1340962,47672741 -2177009,03207006
-1263886,58495589 -1336655,73063218 -2157128,32000823
-1263886,58495589 -1334821,03786217 -2142620,70966524
-1261161,02862586 -1333309,00718474 -2243223,13619013
-1261161,02862586 -1332466,9294674 -2144714,56458551
-1258890,70955538 -1330792,06691162 -2106732,52364694
-1258890,70955538 -1329064,95728455 -2129262,00287311
-1258890,70955538 -1327819,42485484 -2134000,45032099
-1258890,70955538 -1326644,77804498 -2118219,64227731
-1257587,40711478 -1325075,46145318 -2141997,88116033
-1254986,84586897 -1322798,96973627 -2119581,31574813
-1254986,84586897 -1321694,04167566 -2169078,57939535
-1253683,54342837 -1320578,08068132 -2134612,48896834
-1253683,54342837 -1319227,40314616 -2136677,16556252
-1252747,46918888 -1315275,94150317 -2125819,43870612
-1252747,46918888 -1313723,78102536 -2102233,40597082
-1251327,00840613 -1312782,26878136 -2111837,91062574
-1249267,34599702 -1310981,94447151 -2113000,3767974
-1247141,42006929 -1309636,46488658 -2127226,25962449
-1246585,34681849 -1308745,89656205 -2102293,45766527
-1244159,59742345 -1306039,24639415 -2108443,12826901
-1242627,56384535 -1304251,88127595 -2105316,77558295
-1239776,72164298 -1303067,34054423 -2096223,73979513
-1237185,50302053 -1299458,03578354 -2070177,09960234
-1228246,08517317 -1297807,16087668 -2090511,32372601
-1225934,01583883 -1295394,87201303 -2088382,79729878
-1225734,95767951 -1294410,55014596 -2068856,98170457
-1216061,20589184 -1291902,19073969 -2084825,97743743
-1216061,20589184 -1290985,74084341 -2031182,68442532
-1213000,60543667 -1289977,5406724 -2079085,5792286
-1210842,46866348 -1289259,29004799 -2090644,71460702
-1207683,8960506 -1287752,45536393 -2075584,32430489
-1204623,29559544 -1287170,92203537 -2045440,93225545
-1203657,738925 -1285818,90578156 -2072585,92422303
-1198940,09779671 -1284445,90863657 -2067654,23867365
-1197782,63837457 -1281736,72647624 -2077332,17404747
-1196366,48500611 -1280962,11719666 -2054696,5614492
-1196043,27513431 -1278545,48073131 -2098939,68579448
-1195370,63051986 -1277415,45447594 -2047793,37701992
-1195370,63051986 -1275445,38604147 -2049305,33809939
-1194862,94276506 -1274246,1515668 -2061870,08087783
-1194862,94276506 -1271880,56034082 -2070119,56560021
-1194862,94276506 -1270126,70628487 -2070260,50017901
-1192907,05307507 -1269098,44661977 -2032264,77390348
-1192907,05307507 -1267104,77818839 -2024990,88969196
-1192644,30695377 -1266436,72308794 -2040434,75651988
-1192489,53026491 -1265112,22299854 -2113980,38827563
-1192226,78414361 -1264056,44222408 -2056899,15549694
-1192226,78414361 -1262622,21930757 -2034788,36952271
-1190920,60230034 -1261044,27141837 -2020275,60003085
-1190149,2887118 -1260080,94680639 -2066844,39426034
-1189433,64396071 -1259108,19209246 -2024923,34548312
-1188284,41619208 -1257967,69309116 -2038850,28749347
-1186954,60331257 -1256608,06617489 -2019879,79381372
-1184816,18343755 -1255760,69713976 -2026929,90635908
-1184416,70311741 -1254937,0399484 -2043813,79200287
-1182972,23525744 -1253658,30776137 -2017424,56007938
-1182395,38901601 -1252970,0672018 -2017842,67212198
-1181228,08811096 -1251898,85772825 -2032442,99848344
-1179706,30091959 -1250459,80028145 -2041481,44736033
-1179542,80013327 -1249066,56864745 -2028861,89785533
-1177467,36663763 -1248058,26705728 -2021928,23662037
-1173155,5998231 -1245378,35066579 -2020099,03056428
-1170135,22537751 -1242868,39325505 -2025918,81016039
-1168952,9361567 -1241271,61360572 -1971543,0616883
-1165689,86412425 -1239771,81575914 -1999205,46389637
-1162493,34860588 -1238041,27213922 -2039174,85238995
-1161305,71006907 -1236668,09278242 -2012592,96385038
-1159351,57065161 -1234967,79503384 -2030455,59209369
-1158449,66157583 -1232755,32598941 -1995861,46710199
-1156495,52215837 -1231094,36185701 -2006627,71958239
-1156493,19917183 -1230249,8525503 -2024688,89625976
-1156493,19917183 -1229358,88338276 -2037443,18350562
-1154819,02673238 -1228439,98479063 -2013627,7405307
-1154816,70374584 -1227664,89093914 -2025441,60534339
-1154816,70374584 -1226644,98918725 -2223352,20167968
-1154816,70374584 -1226290,08143201 -1979381,37515551
-1154816,70374584 -1225129,6010776 -2228334,49491117
-1153308,2729817 -1224288,58991817 -2013306,96654986
-1153308,2729817 -1222257,58643694 -1957220,36166648
-1152002,94062405 -1221140,37914267 -2038573,24705429
-1150203,88639472 -1220084,11988573 -2008170,61483816
-1150000,27902337 -1219280,29928254 -2004842,02618235
-1148331,05265212 -1218205,33016554 -2000397,9694453
-1148331,05265212 -1216918,52593254 -2005992,24929536
-1147381,92312849 -1215806,84341321 -2006521,82334646
-1147221,60023963 -1214609,65410116 -2025130,89609369
-1146404,57254587 -1212369,61926675 -1954925,0750379
-1145916,96986585 -1211411,58307772 -1981315,91520841
-1144503,7893759 -1210636,05489448 -1992071,96987939
-1143585,76873144 -1209486,17606191 -2014736,85541585
-1143121,71776512 -1208167,52680344 -1953227,85028548
-1141474,57780973 -1207022,46254237 -2034023,74658149
-1140704,15592954 -1205325,85121249 -1991277,66257348
-1138625,09819996 -1204108,77049438 -1972596,50446154
-1137243,02658918 -1202976,540689 -1956200,02708036
-1137243,02658918 -1202643,12800499 -1957737,16609111
-1137196,85802143 -1201157,40938714 -1973307,98814281
-1135297,17684305 -1200354,2162927 -1981615,4752177
-1135297,17684305 -1199262,25091096 -1976099,87066283
-1134408,73717416 -1197959,17381517 -1957542,09857432
-1134064,90770189 -1197366,78888175 -1931644,29338366
-1133251,27775202 -1196605,39511541 -1941704,70081689
-1131418,14503055 -1195208,12147305 -1927091,20770841
-1130604,51508068 -1194102,94085763 -2029515,63647014
-1129891,17770486 -1193401,74321188 -1927363,59011971
-1128766,90387905 -1192888,96614375 -1939622,18142625
-1128397,3959755 -1192443,99597146 -1919341,33135982
-1127932,6543287 -1191806,07440874 -1923894,29756661
-1127683,37770372 -1190704,86257913 -1936736,65034404
-1126813,02168236 -1190348,50178081 -1934961,11485255
-1125391,81016514 -1189575,16757418 -1936471,61413969
-1125228,70325525 -1188844,36543528 -2012515,68853536
-1124720,65066718 -1187367,29553708 -2023159,83485831
-1122879,64322808 -1186975,96576459 -1911082,35970273
-1121289,82829439 -1185988,71761057 -1923649,69003884
-1119844,51583561 -1184744,94555857 -1912754,27265926
-1119475,76189152 -1183665,90060536 -1921953,07530357
-1117486,50457928 -1181540,94617797 -1917105,71122333
-1117174,93392683 -1180794,61275519 -1920099,95468043
-1115185,67661459 -1179810,65801281 -1927713,11093369
-1115150,67453512 -1178953,02024021 -2077963,70982296
-1114775,91169603 -1178300,47639153 -1921667,56563
-1109727,819889 -1176772,06806491 -1944028,79043715
-1109692,81780954 -1176041,58127372 -1886259,14568343
-1109692,81780954 -1175513,02945402 -1973894,87516331
-1107333,78692062 -1174721,0953101 -1919206,17786589
-1107298,78484115 -1174038,6709687 -1880882,51478821
-1106583,32791965 -1173249,05374358 -1884744,42389959
-1105863,26354476 -1172439,57250229 -1877447,9772784
-1105640,2549891 -1171991,33343994 -1987198,66591224
-1103731,51038074 -1171466,95787648 -1880984,33749901
-1103696,50830128 -1169882,25111878 -1898711,41709427
-1103696,50830128 -1169641,35976719 -1865094,7724884
-1103577,77331419 -1168954,64469886 -1918669,50059991
-1101779,36092935 -1167062,4641419 -1872948,68617152
-1101779,36092935 -1166223,30274121 -1864280,95018782
-1101779,36092935 -1165701,83745083 -1871330,75341405
-1100485,01011871 -1164179,305983 -1901440,64878402
-1096672,81852161 -1162788,39421421 -1889041,28060652
-1096672,81852161 -1161704,15101077 -1881751,99942844
-1094943,12000477 -1161006,76829948 -1893327,56082753
-1092524,01027578 -1160234,64400787 -1900209,32684854
-1092524,01027578 -1159783,35610336 -1931674,16814855
-1091474,09073497 -1158974,65692499 -1926900,07912395
-1091474,09073497 -1158463,61566434 -1875978,88725713
-1091474,09073497 -1157498,08972188 -1863061,70807874
-1091474,09073497 -1157247,54319251 -1861649,34636731
-1091474,09073497 -1156169,04500643 -1913817,19714484
-1091474,09073497 -1155645,02786862 -1897662,96123947
-1091474,09073497 -1154704,06214511 -1902957,30685025
-1091474,09073497 -1153472,84808632 -1905298,94846397
-1089561,51829977 -1151969,70904681 -1893912,18785477
-1089561,51829977 -1151501,56975909 -1860513,42029073
-1089143,82938884 -1149945,53271139 -1936296,61043248
-1087861,19341904 -1149234,36633705 -1856342,43603694
-1087112,37354453 -1148209,91480827 -1937878,37504762
-1081641,0721737 -1146338,17165143 -1876015,67466435
-1078679,12979438 -1144736,11233416 -1861846,17999822
-1078679,12979438 -1143871,11954145 -1922042,56087662
-1078679,12979438 -1143412,49657232 -1860923,22457199
-1074148,00650979 -1142496,68549025 -1879949,21051523
-1074148,00650979 -1141782,49445742 -1881363,63558786
-1072782,75499428 -1140907,27302578 -1862499,94728314
-1070833,44676719 -1140058,84108147 -1907526,71841622
-1070833,44676719 -1139553,38907363 -1872058,02750623
-1069468,19525168 -1138872,71985854 -1876018,14342666
-1066875,01862223 -1137765,51599434 -1863013,60450691
-1066875,01862223 -1137181,74287421 -1863194,13674395
-1066875,01862223 -1136174,58411847 -1849723,63972068
-1063524,00917619 -1135299,01328103 -1836052,86288574
-1063524,00917619 -1134641,24758665 -1885836,62711733
-1062773,42578257 -1133460,23842398 -1848369,37782483
-1060784,16847033 -1131402,91103454 -1850798,19791647
-1060784,16847033 -1130246,11621382 -1908913,24883275
-1058220,02135124 -1129511,33957939 -1852174,92907468
-1058220,02135124 -1128948,31114018 -1855356,84653478
-1055664,34181371 -1127865,55833158 -1877291,70329486
-1055415,45144873 -1127782,81129906 -1844349,00941457
-1053675,21177617 -1127029,11829794 -1877948,89887585
-1053675,21177617 -1126218,10651073 -1842314,65770024
-1051778,23942093 -1125763,70905976 -1884081,83692321
-1050037,99974838 -1124750,18704497 -1822893,79142519
-1050037,99974838 -1124626,14126995 -1852018,35941807
-1050037,99974838 -1124233,89593046 -1832475,74910053
-1050037,99974838 -1123389,03807398 -1845183,70498797
-1048104,89953991 -1122866,94097476 -1822374,71083946
-1047708,33066192 -1121107,85120315 -1849614,99181681
-1045775,23045346 -1120816,16462074 -1829997,80948468
-1045775,23045346 -1120410,37553162 -1835042,12413415
-1043844,38847551 -1119641,45989974 -1793808,18281626
-1042373,77470553 -1118978,87643459 -1827363,5144683
-1040442,93272758 -1118375,36558187 -1796287,88265743
-1037957,10862186 -1117793,80159357 -1819933,78656494
-1037575,8512623 -1117044,7317911 -1837850,12848101
-1036521,58732546 -1116320,06358792 -1842480,7611697
-1035090,02715658 -1115348,3368276 -1819785,21824476
-1033654,50586018 -1114071,87688722 -1823781,67802345
-1033654,50586018 -1113338,19151384 -1810111,2829027
-1033654,50586018 -1113133,3139144 -1806693,02209656
-1033654,50586018 -1112190,01196545 -1841648,23036289
-1033495,47632621 -1111753,98826324 -1831492,946529
-1033495,47632621 -1110855,40741769 -1826463,71328332
-1032991,68003686 -1109888,25714851 -1831573,70167817
-1029234,15637047 -1108152,70490811 -1834728,21116813
-1029234,15637047 -1107700,72775618 -1830399,28544238
-1028571,33054714 -1107125,39472862 -1804134,42218669
-1028571,33054714 -1105762,45527726 -1849305,22879864
-1027933,30312074 -1104974,41962915 -1802799,23221824
-1027933,30312074 -1103488,45486668 -1814307,78023393
-1027933,30312074 -1102773,10303555 -1772425,3512493
-1027752,74671128 -1102455,35752715 -1798471,42917455
-1027752,74671128 -1101814,38926989 -1795150,41057724
-1027150,44805995 -1101264,32947856 -1810962,65496361
-1026956,52663564 -1101150,6668865 -1821208,21915466
-1026354,22798431 -1100581,63887033 -1799171,4582531
-1026354,22798431 -1100242,57408103 -1816717,65639696
-1025758,34154366 -1099882,33773995 -1806112,98233316
-1025172,19215878 -1098735,32706086 -1819771,78061563
-1024425,01782695 -1098309,32814519 -1809557,23959517
-1024209,17800902 -1097485,53290933 -1798933,59010559
-1023462,00367719 -1097365,0646407 -1783614,26393353
-1022650,4568549 -1097030,5198018 -1789467,17983295
-1022650,4568549 -1096195,43656563 -1802400,1514859
-1022650,4568549 -1095271,72087732 -1792426,37474051
-1022650,4568549 -1094205,17642186 -1803017,95386254
-1022650,4568549 -1093440,49077994 -1779904,0381963
-1022190,11118507 -1091449,86493738 -1792562,98240198
-1021781,40668823 -1090193,32411481 -1810039,7726523
-1019256,98798819 -1089376,41739876 -1773465,71272608
-1019256,98798819 -1089250,20874052 -1786113,00859091
-1019256,98798819 -1088972,38443407 -1784126,98153942
-1019256,98798819 -1088807,97725855 -1786967,4051237
-1018702,6564713 -1088668,57665287 -1792027,72174648
-1018702,6564713 -1087978,89103349 -1797480,75798801
-1017841,78402384 -1087698,9912662 -1823823,48939735
-1017287,45250696 -1086955,08417141 -1790601,15785363
-1016699,82129506 -1086604,79038758 -1767038,37677908
-1015850,38741641 -1086020,94129061 -1779660,94436392
-1015262,75620451 -1085401,66321744 -1776994,91153203
-1010323,48681857 -1084349,18735293 -1787497,18248281
-1008886,42172802 -1083743,32327208 -1905534,05663137
-1008737,97751674 -1083332,85837903 -1775061,11296051
-1007300,91242619 -1083028,59442191 -1797946,52507085
-1007300,91242619 -1081581,37821351 -1795396,07778234
-1007300,91242619 -1081481,39272465 -1796947,62615743
-1005788,12431714 -1080815,19783132 -1794691,48629894
-1005788,12431714 -1080050,86305361 -1773578,04828236
-1003658,73481418 -1079682,79847397 -1806557,75030148
-1003658,73481418 -1079628,95181262 -1785205,57586237
-1003077,57160088 -1079050,03634239 -1767086,30347402
-1000948,18209791 -1077415,36354491 -1761901,05814684
-1000948,18209791 -1077040,22243472 -1810001,92783892
-999053,958875613 -1076405,4172571 -1768238,44029783
-997770,864344263 -1075738,16921937 -1766952,38487752
-997770,864344263 -1075382,08188331 -1769920,92557178
-997770,864344263 -1074690,83791587 -1747731,11848051
-997364,97703865 -1074291,2936946 -1766187,91820397
-997364,97703865 -1073843,04425041 -1800039,03644433
-997364,97703865 -1073350,31491005 -1760050,58167014
-997364,97703865 -1072192,7936861 -1760400,88873505
-997260,517753143 -1071703,93125638 -1766414,68501752
-997260,517753143 -1071409,72268963 -1795238,17276292
-997260,517753143 -1071184,92070153 -1756166,53962013
-996657,571375351 -1070528,46994823 -1768333,47624603
-996657,571375351 -1069809,40489716 -1734861,75933831
-996657,571375351 -1069690,48031904 -1743380,66854979
-996657,571375351 -1069264,93977007 -1755152,45860454
-996657,571375351 -1069202,71485028 -1764357,50056644
-996657,571375351 -1068373,64194737 -1734319,27485371
-996657,571375351 -1067781,57463542 -1810695,49511615
-996657,571375351 -1067234,99178385 -1946633,57294607
-996657,571375351 -1066633,67023298 -1747607,44234999
-996564,410964512 -1065340,24805561 -1757570,47795074
-996564,410964512 -1064741,80935918 -1758832,19229817
-996564,410964512 -1064124,46442884 -1765387,31851972
-996564,410964512 -1063692,19751231 -1767657,45146
-996564,410964512 -1063431,94459602 -1750069,92509175
-996564,410964512 -1063331,45995542 -1757832,48052927
-996564,410964512 -1063053,70378831 -1734027,37140019
-996564,410964512 -1062938,24909554 -1748990,42553767
-996564,410964512 -1062717,76615941 -1739258,19011281
-996564,410964512 -1062235,97242628 -1767799,64790154
-996564,410964512 -1062195,65412102 -1742878,59744789
-996564,410964512 -1062195,65412102 -1763946,36100033
-996164,571242812 -1061740,47447807 -1729288,29219104
-996164,571242812 -1061700,15617281 -1738141,53115108
-996164,571242812 -1061218,8350499 -1734818,88849667
-995759,388581394 -1060889,17358908 -1716425,28021987
-995759,388581394 -1060370,13293833 -1748677,58523088
-995759,388581394 -1059760,21127538 -1744735,95279711
-995759,388581394 -1059632,18046593 -1727733,67143684
-994001,355052339 -1059083,52532921 -1745136,65004791
-994001,355052339 -1058754,63869662 -1853687,19931424
-994001,355052339 -1057402,7593601 -1741433,59247378
-993109,597163679 -1056785,93560051 -1743737,02559784
-993109,597163679 -1056518,70569559 -1727500,606646
-993109,597163679 -1055863,27181637 -1761141,26015592
-993109,597163679 -1055562,93924197 -1728157,57068266
-993109,597163679 -1055207,77708165 -1715636,46319542
-993109,597163679 -1054863,23163611 -1715318,48845657
-993109,597163679 -1054629,74545896 -1754065,56875298
-992467,651617961 -1054007,58222661 -1755843,37556047
-992467,651617961 -1053840,21867683 -1744577,95269534
-992230,637002962 -1053118,84203572 -1759018,25308839
-992230,637002962 -1052520,43040032 -1754494,66669018
-992047,481995881 -1052433,19621956 -1720437,87024364
-992047,481995881 -1052240,05510186 -1717309,00087483
-992047,481995881 -1052197,71057292 -1712066,84669869
-991329,071723392 -1051576,84217695 -1675078,00634545
-985738,157722085 -1050896,31958232 -1726462,2615901
-985738,157722085 -1050471,50730863 -1719430,3537639
-985019,747449596 -1050295,97491637 -1705292,44491425
-982372,616789749 -1049597,82729456 -1737354,34462962
-982372,616789749 -1048957,23164075 -1732264,42042228
-982372,616789749 -1048831,64607717 -1729366,8766363
-982372,616789749 -1048560,70054391 -1730129,31449339
-982372,616789749 -1048207,01855868 -1677412,7625398
-982349,526476244 -1047544,76315043 -1706822,61249009
-982349,526476244 -1047160,931334 -1713152,406377
-982349,526476244 -1046989,44321185 -1715994,66467149
-982349,526476244 -1046811,92904272 -1735946,21460377
-982349,526476244 -1046625,99928259 -1718651,62304174
-982349,526476244 -1046385,33814561 -1732114,18709123
51779,684731757
-982349,526476244 -1144399,52392003
