-7792988,04448456 -10854407,6244669 -7933037,59273622
-7575772,34449705 -10249730,1499823 -7678805,64374153
-7262473,38185458 -9933137,91350292 -7421775,29960493
-7055973,57102014 -9819208,08075552 -7176731,19496879
-6716541,62304185 -9838136,12039879 -6889015,48102845
-6464579,63302648 -9675971,98315134 -6677978,02712571
-6316501,82109697 -9793005,84840527 -6518290,99222148
-6092558,27691787 -9681614,09297868 -6290283,80151955
-6075545,13684588 -9694263,42209387 -6179932,02905627
-5791122,86021081 -9572838,12535411 -5987678,91960584
-5747697,72067007 -9591995,5705015 -5839516,75808521
-5472527,14111023 -9702394,48229769 -5676129,33659645
-5390849,32265121 -9600933,53599986 -5559957,58132775
-5263114,96697748 -9545955,8517627 -5435599,99157716
-5094590,74003159 -9274433,08940984 -5295029,95477276
-4974088,21306466 -9293570,46354827 -5199012,50273315
-4893594,29088048 -9050910,3579758 -5071946,18927963
-4776748,43453061 -8935854,89813472 -4969705,91376497
-4641030,62889375 -9075079,98254298 -4862828,39310856
-4476782,28573929 -9170400,15393911 -4760487,47048919
-4404798,56928659 -8968434,12469154 -4634464,28819284
-4342663,97938171 -9094818,51740945 -4565858,15148794
-4206147,74445352 -8860443,9558457 -4496138,66443055
-4071380,00858521 -9292541,2333435 -4402002,90572668
-3949243,33735837 -8615632,48291584 -4323983,42929588
-3902988,70800691 -8473518,44508552 -4260288,93147838
-3784319,62319148 -8562961,46887413 -4189455,51034166
-3746204,87142861 -8294842,70148955 -4130055,6279847
-3692310,89590805 -8462901,03498657 -4056712,53316254
-3557164,62668192 -8470862,90940964 -3967050,22898524
-3546488,39568294 -8327800,98389016 -3906061,50016767
-3467412,40472053 -8535576,79205913 -3856616,41874776
-3362848,2665005 -8361261,35080683 -3787044,55746318
-3233314,3056537 -8372815,48158935 -3734659,1070305
-3181889,19541239 -8059973,93097382 -3675929,38085537
-3087952,54339587 -8071270,92253573 -3610048,67063387
-3087952,54339587 -7996521,59087017 -3556331,02076006
-3063394,46904029 -8052406,6367384 -3509556,87619249
-3011079,68758462 -8071690,03545212 -3455613,84557992
-2971574,62168835 -7849044,73820529 -3409303,09720372
-2931034,25691085 -7910059,05221135 -3363297,85177451
-2909635,35147658 -7962516,59470781 -3330645,95304507
-2881138,64862588 -7580298,33825647 -3274023,43204484
-2857335,19649025 -7779172,62839982 -3240737,09328293
-2828301,28032307 -7793015,54462392 -3199002,90082631
-2801591,46746916 -7843182,2301283 -3151068,28419759
-2738025,18105173 -8008116,53071981 -3114244,48054736
-2692516,61553687 -7863403,17944137 -3072796,32671849
-2664863,44960484 -7465755,22864192 -3022357,59905551
-2657669,02682533 -7321297,12027664 -2988418,14989575
-2618162,00498389 -7476626,11738327 -2949890,99063005
-2595411,63468594 -7409359,62042897 -2924303,39726895
-2568298,20202256 -7391358,21560716 -2884118,28919762
-2547583,57330702 -7280901,28497984 -2853778,44452591
-2517791,02546093 -7059901,9494478 -2824462,10766585
-2510511,12422381 -6888548,92995869 -2789916,37767612
-2453253,40509265 -7050669,05853419 -2751448,55419772
-2423049,75544448 -7300585,93048774 -2726252,01316063
-2389473,04383315 -6909558,98484794 -2697915,03703536
-2367329,90570787 -7110303,55433206 -2669221,09871153
-2345169,79820263 -7103148,69598853 -2641382,09714942
-2308931,2292902 -7016657,23977269 -2602701,20729774
-2279583,95615479 -6816483,63523963 -2579258,26810207
-2256364,95264535 -6861401,10986385 -2548773,25470046
-2217713,74063051 -6920546,37665856 -2521438,52951023
-2194592,91635371 -7019276,83333337 -2494484,15658896
-2178077,90724617 -6994680,49384268 -2469987,74730356
-2163364,22969132 -6778750,30485879 -2444687,51130394
-2094815,78304124 -6937294,68519231 -2416227,49867725
-2080571,63154988 -6276120,44526251 -2390847,33525696
-2045529,67004423 -6709389,74575163 -2363831,06150271
-2039265,71920695 -6426779,72649575 -2341591,66245101
-2032975,99823736 -6371924,26641684 -2319948,46149615
-2020234,00624075 -6478860,10290565 -2299508,47338745
-2007224,389804 -6440695,88846674 -2272909,67642768
-1993020,7177784 -6185125,87715611 -2254465,64314035
-1970819,36111941 -6457736,97260214 -2229704,65101634
-1959849,38595461 -6291561,72231892 -2211298,35868508
-1949427,23693909 -6080737,50825389 -2185481,57543746
-1935325,37255298 -6270541,06135829 -2163971,63457817
-1912398,31749905 -6436706,58200977 -2143551,08814876
-1893678,73308585 -6413124,90116157 -2126326,93411034
-1877810,7122869 -6364468,36232238 -2109485,87896223
-1857956,95188137 -6021564,17858475 -2088277,3849232
-1845144,03424487 -6132520,64711023 -2066691,8922663
-1826142,02581892 -6184383,9105501 -2047291,70526083
-1801804,31898584 -6096126,30376816 -2031117,57876187
-1788480,14517396 -5878911,40537738 -2006853,8263721
-1776837,13574396 -5790795,93107859 -1993719,19974779
-1761768,43660345 -5876434,27594803 -1973556,56425369
-1738341,9621375 -6151432,35517189 -1956233,94895155
-1730611,25312485 -6061344,50407392 -1936244,38143556
-1704026,67793942 -5806326,46705045 -1920068,7450595
-1678217,10107747 -6057820,23776814 -1894968,85467255
-1671363,96545036 -6195237,96799411 -1879678,81564036
-1662600,69524172 -5549744,22209419 -1863448,55748138
-1646279,87010347 -5571152,66831901 -1839966,39346496
-1632245,0841898 -5556110,15183295 -1819889,37247413
-1616665,89424178 -5861955,2644083 -1801915,61418249
-1599523,78269657 -5873815,95943377 -1784471,91912993
-1575684,01983573 -5426410,27960592 -1768201,81243481
-1569781,51100194 -5492227,71994188 -1749324,29129533
-1561570,87881101 -5381860,76804813 -1729849,61610518
-1552257,41526278 -5351390,4863728 -1717355,98195759
-1539056,64279263 -5420379,12952418 -1698068,46734674
-1519055,39500813 -5409950,99446988 -1681001,90915845
-1506033,83522138 -5288140,94472025 -1664334,04156353
-1493453,83047846 -5204497,95073477 -1650719,18044789
-1471630,51067214 -5404350,42733268 -1637273,81733805
-1462054,46057016 -5014067,34800478 -1623884,70070427
-1445373,89719825 -5236011,23590021 -1607863,69248283
-1435969,97865183 -5228026,76805738 -1591914,85862815
-1420225,40853418 -5486418,40703434 -1575188,24059203
-1400886,93017391 -4956884,22121623 -1557185,39400733
-1381818,84928152 -5102122,72273883 -1545953,84844493
-1370015,05721355 -5251796,60806479 -1532988,01592971
-1355769,98349897 -5201563,51658614 -1517476,27544063
-1346668,29020197 -4928838,31883014 -1505318,31495661
-1333664,7906625 -4835732,34818559 -1494605,44915107
-1331190,21724892 -4966568,14580891 -1483912,24407151
-1319023,54063552 -5056207,87888136 -1470375,51666521
-1310905,96410456 -4817778,75639422 -1457694,83920137
-1301400,63191701 -4774242,00635312 -1443797,98433694
-1287918,24204352 -4770678,05598152 -1432876,25148126
-1271690,83059794 -5030256,04516861 -1420287,29845139
-1263271,99579598 -4851449,09234371 -1410775,70535813
-1254167,61708754 -4856073,61333529 -1398614,59371491
-1234235,02691351 -4873391,81657522 -1387605,7571076
-1227004,77688754 -4746204,6159616 -1376113,18234967
-1224415,17715883 -4764488,62842814 -1361885,68993259
-1213913,36028264 -4649615,20040186 -1349088,91763922
-1205338,00709112 -4687631,05809711 -1340794,76071337
-1189941,61690341 -4778024,29106168 -1332018,6001467
-1184562,74484242 -4592590,6135744 -1318077,16270016
-1171266,10210286 -4663761,16465107 -1309549,25019621
-1162877,11160871 -4823892,0064303 -1299180,39760998
-1154940,06757201 -4779632,80975787 -1286798,06555248
-1148572,99396301 -4478352,18869943 -1276484,89475069
-1141080,36146736 -4446701,54449545 -1265587,32644334
-1131362,84567005 -4474942,78722032 -1255455,19098012
-1121594,13728439 -4141372,77768702 -1242797,17108652
-1114120,16384431 -4616114,96860121 -1235134,40688329
-1099299,48324484 -4206818,62915096 -1223025,33548831
-1091281,20978652 -4390783,19443111 -1211363,93060938
-1084104,86306705 -4356886,12887302 -1201792,16267102
-1055085,77081849 -4390693,69012415 -1188907,04369834
-1050324,46724329 -4543351,76561953 -1179570,82845539
-1038638,64117479 -4061005,87952297 -1169544,55425477
-1030692,21638187 -4475333,26805949 -1158582,52064648
-1027551,7502065 -4352597,81364784 -1150041,21683014
-1014969,60768675 -4480057,39744739 -1138775,24838727
-1008249,77740679 -4366575,97244696 -1128744,30438435
-995144,848344469 -4145938,20908517 -1118449,65347601
-981548,115437746 -3990548,11775178 -1109778,76399399
-960610,517041057 -4269973,35361125 -1097764,01569731
-947024,203160235 -4009329,30465926 -1088687,92276281
-943348,050166349 -4210425,40357429 -1081525,2162218
-931706,792641676 -3962128,84801133 -1070558,47210731
-928405,916750306 -4274468,73171316 -1060139,43104332
-915343,635028394 -4061220,30644554 -1050816,72147428
-904995,480293244 -4271589,72489679 -1040500,13296118
-896870,182837514 -4130003,26221201 -1032129,68484545
-895531,120816475 -4233762,09877878 -1024026,91222625
-868603,627565006 -4023815,42674129 -1014159,09553123
-858837,74808277 -3800883,84406607 -1007460,58269996
-854689,255873428 -3778403,19829909 -997166,693550634
-850755,413066995 -3898007,44856209 -987802,306419617
-845763,802711766 -3862699,25346316 -981427,390981838
-836844,604799825 -4004913,14307636 -971471,887253281
-829124,008722211 -3935582,21275595 -962142,170890151
-816581,630153409 -3682752,20284308 -953454,744884925
-806199,377556281 -3792642,85229538 -944488,409538549
-795272,682949043 -3816920,34304379 -936716,152179765
-792885,144704217 -3687349,44573441 -929161,886149368
-780210,680748884 -3897480,22208415 -917727,018666929
-773981,804654479 -3675139,51255491 -912442,894072051
-767348,642447493 -3755402,76852051 -901105,412430163
-762857,769774884 -3595425,33545975 -894554,264610228
-758790,367039865 -3546887,20387889 -884278,187912093
-755597,421208483 -3708320,58586595 -878493,176522595
-753464,80168195 -3614347,66805723 -867704,577877187
-747768,383911991 -3602301,58866931 -858599,6752189
-746274,915026537 -3437577,73704647 -849163,686446578
-739735,00325636 -3580168,34931936 -841437,10225385
-733180,379762698 -3604550,66900196 -833938,855034483
-728424,085016716 -3425096,27710985 -826694,884979194
-724508,346502149 -3472675,51755893 -820371,731646746
-713767,760760274 -3420546,93905755 -813793,973326325
-713533,18850003 -3443646,10479641 -806620,238944164
-704321,427288098 -3444985,61920667 -798093,819877537
-696213,177553791 -3407473,41135362 -790834,714155375
-688511,148437068 -3533601,82243591 -782551,852856018
-681992,913757939 -3214391,42499675 -773444,822148301
-675237,186158652 -3370005,74888593 -764803,529007531
-669335,791396461 -3314006,33769943 -756840,685997923
-662448,265070478 -3247012,82102267 -749169,824451076
-655062,649140299 -3264801,84776473 -741822,131722502
-651741,462591482 -3478438,32688309 -736680,693098543
-645386,16330186 -3340702,66632449 -729314,817492927
-643504,701354225 -3298986,48700263 -722383,807210674
-639002,013283761 -3270647,03253433 -716174,059475072
-633554,164970616 -3251302,17041711 -708605,673195158
-630384,094285129 -3109874,35330702 -704389,706569219
-621263,921267279 -3057666,77602537 -696937,705387077
-617381,609658316 -3157641,61865182 -691284,799471107
-605335,131964072 -3275706,23101831 -683831,25244758
-594618,259188079 -3108395,74012629 -677102,217338852
-589624,149930171 -3009418,6000948 -670792,160403676
-584539,490736921 -3184521,31327011 -665088,959158304
-579545,381479012 -3182555,05409448 -658736,903651557
-575074,498049527 -3225066,78273057 -652521,88044092
-567320,624889751 -3236995,01185591 -645706,390889136
-563835,194743751 -3029053,30831599 -639972,807225127
-558435,503090321 -3016339,94007063 -632257,526829768
-549847,561583219 -3020865,50427977 -626577,119155344
-544521,571409729 -3005095,8837423 -619260,956092687
-538658,744810774 -3014371,4319644 -610971,433681555
-529250,275171972 -2865675,80926453 -603578,788383977
-521018,239505361 -3029583,75933746 -597365,784112589
-510880,706715989 -3072086,40677575 -590945,7492053
-508288,43394649 -3114773,4968064 -584908,014831862
-500321,731186316 -2997809,16677719 -579693,035773949
-495319,590719491 -3008573,9704796 -574491,704878142
-490524,275512181 -3074344,31499734 -569148,616248126
-484113,110365039 -3165727,4649911 -562841,543296451
-470186,003075108 -2971728,32258959 -554917,027845583
-455453,028160676 -2926595,17049028 -549208,802557564
-455359,237875525 -3090580,06043907 -542975,443658219
-449710,324693109 -2964162,53783227 -537970,240125295
-444180,280579999 -2941157,68752765 -532456,902220073
-442573,026543852 -2847921,20290506 -528025,767969312
-433624,640743629 -2825738,8007261 -521533,655843666
-429773,608021593 -2902525,07061537 -515529,53694278
-427069,569799681 -2814697,49334572 -510517,100084724
-419400,931768466 -2593993,5946006 -506029,890092761
-415675,085014562 -2997826,55194918 -501204,261197003
-410521,219685752 -2815872,19580298 -496634,51850568
-408174,297315446 -2785134,76426169 -492500,867056509
-400122,61646469 -2908934,59141595 -487097,693018063
-395001,822452238 -2718088,5790011 -482412,584172112
-386628,111363294 -2916263,29032169 -476613,14549716
-380511,642122907 -2727465,40664066 -472098,858707081
-379620,693900991 -2798373,06948103 -467862,859692896
-374445,200200572 -2889755,63352259 -463074,040780501
-370527,168672227 -2644175,48718546 -459423,509019851
-368177,716819764 -2616066,93723851 -454312,646581558
-365992,40652516 -2709615,97427194 -450430,19048003
-361366,783548429 -2666741,6464479 -445209,656274592
-355682,948158486 -2646121,76952427 -440110,037926937
-352551,56106555 -2856572,0540669 -435250,62104087
-343822,051627345 -2701980,03574125 -430210,098825563
-338071,812723226 -2788613,54245284 -424663,758978677
-327210,924329435 -2824671,58277266 -418572,253839322
-327210,924329435 -2787781,69419819 -413892,052677322
-323322,218101841 -2560720,74640645 -409986,023365835
-320696,249130015 -2582783,95526915 -402781,747378165
-318354,819515901 -2581372,99464459 -398470,010782059
-313808,793117149 -2510302,50005918 -393527,114873941
-308213,224404652 -2542549,17966172 -388271,117371199
-304349,017437037 -2641998,19692973 -382908,2702169
-299685,047658982 -2491309,63789592 -377661,555835145
-293656,764770613 -2383583,86951482 -373328,749421588
-292823,328232234 -2573663,14210894 -369040,436151173
-291504,84499692 -2548414,94294796 -365221,205114281
-288428,450018019 -2422468,79464992 -360622,466039587
-280980,291118201 -2482251,21159818 -356817,618630122
-278578,876464134 -2478338,42392759 -353585,38849857
-274129,612352801 -2481759,75704081 -348907,103681957
-272201,333943517 -2408761,49169987 -345019,43692948
-270646,244195965 -2300082,91125793 -341954,050900719
-266942,920708883 -2358914,32578097 -338154,98463515
-263405,508492524 -2262879,5885616 -333624,072192706
-259255,207267591 -2344290,94131747 -328398,751009368
-252596,873595384 -2346016,05281186 -324965,287550035
-247184,633222061 -2289152,19352254 -320747,208185122
-244030,081473121 -2370942,98523782 -316775,676276011
-241852,43536918 -2281328,55009558 -312943,610881915
-239866,996083119 -2227129,54532637 -308782,323729158
-232707,979948796 -2221987,5793256 -304076,483516939
-226298,551346662 -2317000,16297155 -299098,405616204
-220024,41659113 -2154250,13761517 -294792,886882383
-215284,816638245 -2216819,18348092 -289171,930707111
-213209,106557636 -2211206,10793211 -285069,058066425
-207683,385135192 -2116963,3028121 -280226,66061355
-205851,945511749 -2228456,26695098 -276919,927288243
-199185,332042648 -2194255,73360785 -272160,440391238
-196991,710632177 -2322625,56782964 -267461,797257721
-193507,848961359 -2162564,17577698 -263017,028517043
-190797,12037382 -2157187,86659174 -259463,4483016
-185865,280457261 -2166802,7700221 -255153,72338208
-184527,724914091 -2137995,03892513 -251596,033796771
-180723,800628538 -2177041,89357071 -247419,444451995
-180659,464087429 -2178731,65148954 -243520,015393321
-176744,664817979 -2180417,59813537 -240823,929031227
-172853,599885938 -2130225,54063219 -237441,880658391
-172853,599885938 -2096597,85563036 -234673,197481201
-170116,110716681 -2073954,98026215 -231444,621291882
-166228,734930654 -2047883,18625574 -227056,552816824
-160406,298217934 -2142347,45750551 -223374,983484437
-155510,596209311 -2079213,95500234 -218258,547245704
-150205,570594508 -2092617,33884845 -214812,425793643
-140516,125185142 -2115135,43147381 -210063,682751148
-138538,616571119 -2070459,92868434 -207024,928531276
-135013,195991296 -2124208,56920077 -202961,837046484
-130585,851872713 -2133065,40559549 -199456,569936515
-127502,649787459 -2066262,58619506 -195627,918195689
-125354,853312057 -2090723,18028695 -192111,75606713
-118103,103046224 -1971810,04965921 -187158,027264468
-115843,813170635 -2074458,61426076 -183934,66730597
-110531,876795022 -2073320,64173145 -180548,842926593
-107392,293794976 -1989252,8925378 -177229,794656869
-103895,50665806 -2085110,99976148 -173887,715907787
-99883,3697560867 -1998703,77748757 -170088,022992075
-91047,4851956374 -2002433,93634076 -166238,389201538
-87396,7395829114 -2053291,39647285 -163118,455286112
-85951,2743940495 -1892634,65238354 -159684,197938432
-83031,1776136258 -1860553,76097926 -156506,477963162
-77245,0905462955 -1938992,31333831 -153073,622787607
-70189,6205173531 -1842273,49687951 -150043,175135522
-64753,4267112925 -1985145,58699179 -146442,711759168
-64753,4267112925 -1910121,12686309 -143889,21622705
-63062,8143486697 -1951094,24060679 -140499,459217511
-61083,386982481 -1898152,54880068 -137241,450562357
-57816,2470020573 -1840936,83744563 -133610,687111855
-55684,1455650479 -1889748,72930243 -129503,775885946
-55684,1455650479 -1964736,64049323 -126797,090832525
-52566,5725277707 -1800850,66973646 -123824,223912853
-51909,7402067152 -1856964,40003669 -122125,74826256
-47416,8010949907 -1848588,13123942 -118432,37706424
-43870,9114752826 -1737913,81157861 -114899,229121765
-41319,0441091182 -1885993,42973244 -112228,662055792
-39359,3182598613 -1929590,18685295 -108027,304731712
-35740,5169131332 -1836342,39317727 -105340,868241272
-31535,0594796282 -1800459,41708848 -101464,390349934
-28321,9394742325 -1883772,77969259 -98249,4263282452
-27656,3618485807 -1901429,59550542 -95595,9664565873
-24540,5692339044 -1656938,66734764 -93044,7039159178
-22013,5156922494 -1727751,00085818 -90311,3111664247
-20657,3556697769 -1854920,96344202 -87641,5497551035
-17298,6684769883 -1820440,38580629 -84609,9474273217
-17053,3652202843 -1832034,12254107 -82150,4450517249
-14400,6216249885 -1768194,91386022 -78269,4646511804
-12078,3491164243 -1662092,19489972 -75707,4482993897
-8436,77131732902 -1702266,08345613 -72311,7040525534
-4677,94237355911 -1795965,25475149 -69192,1581589992
-1239,92168413987 -1756093,25079145 -65827,6326962487
4358,22626623278 -1772235,99169971 -60567,3410982843
10221,9762802958 -1740673,93502922 -57102,952375505
14886,2242287705 -1640890,60706237 -53819,7403851066
16503,8194288551 -1628994,65232228 -50636,8535853814
19377,8882516562 -1630500,51340996 -48836,869816048
23747,4940280523 -1570294,78938502 -45897,0054780313
25886,6661639139 -1621896,30202574 -42111,5263964693
35111,456991422 -1680289,98321641 -39049,2712094779
36843,5600792533 -1629125,89690048 -37006,9496620382
42796,6583739435 -1605771,88880766 -34472,0607380197
46924,3401162787 -1609905,74414099 -32345,7872077554
49707,9091881379 -1722131,67276496 -28258,9990999682
50335,6434039325 -1708001,49744079 -26036,9734643027
50672,1816443396 -1793175,1979591 -23639,9618731425
57778,8398896866 -1772390,48501401 -19438,3649206311
57983,8715520902 -1708420,4329303 -16584,1725901626
63028,6724064294 -1600424,67729815 -13517,9743895113
65973,8962537404 -1496019,42913504 -10561,5219629563
66529,1190181454 -1528119,90085103 -7742,68289361568
66655,7750020023 -1505369,52963139 -4541,96138490476
70996,0624645357 -1620781,51349024 -1852,78686212115
73701,5731111369 -1565790,94365446 1245,06051175953
74178,4201969951 -1590586,98014374 3747,97024042227
77839,0957979457 -1585741,24642742 6184,86307452461
78338,2470384124 -1548099,54828161 8315,15159389409
82343,4334334382 -1429283,56242873 10643,6141833091
87852,3500706411 -1486805,08201722 12958,7947500298
88428,5691307182 -1507485,85240891 15540,0985654702
90095,6372709689 -1520349,11847744 17382,3294028474
92212,7225253265 -1507602,81769841 19818,3443377082
92437,4812771594 -1471774,45389474 22048,8900414422
95170,7288478496 -1465202,71258748 24570,0106879178
96535,2196734652 -1500337,04940754 26692,5405952681
98864,74845649 -1460236,85807117 28570,0455812453
101955,498618799 -1439452,29343666 31040,1422368055
102167,942147466 -1521382,84458025 34160,5883573122
103162,983313989 -1395974,81506962 35678,6419837114
106380,175868468 -1484066,35603677 37673,3883868679
106592,619397135 -1433742,24454019 40096,7029158218
108226,74892769 -1378071,13360833 41966,9605135793
109063,301392464 -1425933,75345333 44088,2829187648
111053,955540089 -1420372,14755362 45622,1588182246
115149,600510757 -1530486,21818068 48186,9989028961
117308,749966345 -1383360,65627412 50419,4835798053
119276,237070974 -1367907,13583721 52927,8050643173
123833,798096658 -1326947,0639508 56175,9652411223
124223,424646262 -1304299,76650157 58263,1877550634
129788,911346932 -1361494,7780427 60849,2347924921
129788,911346932 -1347252,48709516 62997,2209452947
134201,615638718 -1364505,16334878 65019,7277761566
135508,563950777 -1370574,21515876 65988,9938459731
139532,010491489 -1273446,04055502 67784,047920693
139754,272680942 -1374991,1457214 69378,926499563
141739,596175778 -1309016,85599866 71768,8730082587
144201,685774829 -1325491,19265599 73568,1005665601
148429,920303434 -1338445,8371237 75018,6346172138
149219,86052437 -1253855,14614875 77379,8061398345
151522,370976894 -1327526,93292387 79068,2434504176
151794,770806082 -1266719,02094726 80479,116596599
154365,749885133 -1189846,41057153 82715,9377247707
155494,906296162 -1340784,52584214 84122,3350509812
158344,411907299 -1344011,37034993 85941,7946213557
159410,015914853 -1335321,73715368 88106,844585443
162336,808822924 -1314710,76139676 89441,7346450889
166036,597801729 -1288309,03219562 92400,0328798465
168719,778514681 -1217455,56122799 94006,4563205645
172558,348956089 -1270438,77925974 96059,8474179276
174678,057762605 -1151813,28468453 98585,0699014801
176213,709907898 -1365662,12309223 100008,533573115
177374,064656503 -1273229,75245134 102085,719888323
181029,425608312 -1285310,26156741 105447,866246344
182131,146061965 -1276573,26068157 107272,195333073
184485,7678963 -1174057,47376695 109419,495028464
186875,483886097 -1156512,88582958 111113,354423511
188184,898235679 -1180188,19047837 112434,175410008
189690,245569321 -1228103,9096813 113961,577271812
191903,090025128 -1178820,25427091 115598,676740932
194023,532223923 -1216280,62338582 117201,249032279
198287,756948625 -1172331,5112521 119898,69977961
202817,137115179 -1151444,2452291 122237,020899802
205562,425661051 -1166544,35892126 123841,80929132
207763,388328456 -1145910,65368951 125700,87212163
212872,388161958 -1144029,99621218 127167,278487077
215617,676707831 -1154029,39860941 129167,827763624
216199,079228124 -1195479,35128167 130742,433356983
216802,543073171 -1118594,0826594 132706,571110855
218555,699619544 -1124404,98564118 134866,394807645
218636,346271811 -1208289,43888107 136721,521810346
220081,119961385 -1114536,45398754 138393,382685052
221187,794602039 -1041544,50242161 139878,131524122
223191,120213724 -1143117,68740593 141827,134638709
225763,241517457 -1081350,91677201 144154,776240792
227323,926537434 -1094705,92411102 145512,484682367
230553,805537295 -1048136,05664686 147249,527555813
231749,405457261 -1119043,12526692 148882,362281826
236985,798267159 -1109102,64417835 150600,625589088
237282,693052249 -1008320,08260988 151522,35527929
239340,909826794 -1010893,35638184 152933,426376489
240476,306976423 -1053013,36641552 154188,331631993
243759,21604359 -1078834,33795466 155982,519987964
243759,21604359 -1053247,81874665 157412,893981224
244853,876303596 -1071432,2779247 158575,390713876
247143,684917998 -1022278,00062752 160325,511812093
249069,408599727 -1007495,85603098 162122,496829127
250909,978868599 -1004187,69134823 163711,351290823
251596,892862136 -1104125,8821918 164939,857389945
252716,147560448 -1019483,62341314 166845,580107353
254373,307196601 -1078310,02631833 168848,43735294
255420,560999848 -1003665,56018924 170585,232113261
257377,909689861 -1042842,48624433 171619,631739628
258928,460059318 -1044802,29215522 173108,952182606
260991,031858412 -1009956,02967883 175668,692871783
263688,203769255 -976843,474560446 176835,407449942
265953,412238391 -985027,134183288 178381,4860135
268207,957036981 -1037573,59682442 180083,623101349
269644,116802011 -966643,860824481 181703,601556132
270942,298144523 -965188,627226337 182916,475949492
271187,431713718 -998600,784345952 184380,052032797
272555,545830165 -999324,977680438 186068,65233864
273570,053462319 -1046747,11629523 187720,006626112
274204,496345662 -1046166,63599855 188627,630985654
274288,017855789 -954674,075994693 189615,199239042
274781,556555183 -920696,582032339 191103,570668961
277327,482652056 -1030299,64562465 192502,257379161
277411,004162184 -966365,932342444 193333,724113254
277476,189545103 -955974,484980538 194632,49895832
277651,538819306 -976791,855898042 195842,452856164
278865,385782734 -942342,250678819 197776,888805813
279034,597985455 -943302,730601982 199316,533876721
280037,194803676 -927019,565109378 201125,048489078
280302,202659489 -1094736,03723703 203238,846889832
281648,127054302 -939979,977034175 204560,465596891
281913,134910114 -896428,537168801 205837,143162242
282784,233087658 -1007198,92770766 206917,389291096
284640,995307661 -976669,82153285 208780,647236951
284640,995307661 -1002500,04644092 210134,114186798
284906,816243447 -965796,122827041 211564,505355116
286092,246852231 -978289,126020622 213252,233311316
286630,121314942 -889671,616944422 214582,340516144
286638,226120834 -877885,745002749 215663,815724187
286782,465774604 -899662,002551481 216977,934503281
290121,065990059 -891808,136595827 218760,884677906
290273,410449721 -944195,742608555 220124,298922496
293763,679332024 -847761,07438171 221894,762870965
293763,679332024 -968900,780677863 223468,72756431
295159,993262003 -830141,239724921 224984,757036939
295249,973870967 -870828,51572036 226490,26816735
296383,453475364 -913592,481729816 228262,619954225
298228,329170611 -870972,212415701 229777,417533986
300888,117095882 -904155,972705051 231032,590139338
302453,498977739 -884407,376977066 232390,367455923
305521,504814145 -825094,805685218 234086,525134629
307276,374142319 -856008,516286244 235261,167567696
307618,295810816 -1004241,58494617 236423,478233026
308908,879687142 -962739,237494812 237335,076746698
311005,670683813 -916657,493204469 238582,863193493
312600,625390642 -1001795,73085655 239441,05383414
314007,772194283 -907187,500816128 240508,685107902
314287,688008972 -846043,040089694 242284,049320867
316313,849621182 -872446,971151545 243394,269417588
316313,849621182 -813593,647958028 244290,629223436
318397,766953874 -894924,945273482 245222,423777564
319108,889673944 -904436,195680001 247449,083057472
319782,190396179 -809624,789917028 248079,587870171
319836,865058501 -840090,924022493 250462,409750085
322040,867816641 -837870,561610241 251344,451110607
323425,291258946 -893265,138101888 252808,39916284
324314,804752934 -822044,656204351 253805,782374235
324876,152806303 -857308,18123604 254371,077117189
326081,759064675 -888780,98883436 255525,89037116
326886,793010749 -807610,313626598 256666,900250707
327839,407279197 -898976,926773594 257586,567075722
328918,796488613 -856207,326595167 258428,935049981
329077,620323407 -883899,228361404 259277,982611083
329913,605226363 -811209,358754096 260017,600347376
334206,781971309 -835890,743766537 261327,625699958
335001,761264501 -805968,280238007 262691,719892652
337652,47484367 -836864,460743873 263896,322020068
338027,92663121 -845793,381570071 264755,457356402
342791,689329635 -790310,600069194 266144,640478424
342791,689329635 -790930,090919441 268206,498812761
344624,907285984 -866905,395727332 269126,724080688
345872,903873347 -771481,691441332 270104,819921322
346778,441848065 -806165,182588942 271494,88865795
348452,90811251 -828644,928010262 272954,852069453
349042,507198103 -798909,790499011 273478,257281288
350851,952768113 -797057,519119455 274454,636178365
353307,936376239 -723132,602187254 275161,586054059
353531,99777191 -746981,88179061 275863,752088288
355179,136766858 -706953,673329359 276997,988161544
355179,136766858 -762656,207704599 277601,76927594
355179,136766858 -747338,210554967 278605,962744587
356524,392662067 -691927,398368203 279144,151757895
356524,392662067 -922049,207323211 279638,967831219
356524,392662067 -743428,184230301 281059,565805084
357409,375403522 -734048,656839901 281631,474995613
357409,375403522 -707266,329108856 283434,881877722
357989,786637501 -786598,451847941 285224,883876726
358705,226007159 -729204,684542836 286457,108606652
359369,299014853 -830090,694777522 287202,413225751
359550,375768873 -771591,805791645 287755,548773211
360526,919268339 -742366,312889628 288421,721011062
360707,996022359 -715648,425162162 289381,419839122
361574,066719432 -729786,798424373 290367,597102997
361964,651198109 -685168,587494442 291158,114164787
363008,442981481 -727908,005494279 292434,61491296
363008,442981481 -731585,544592671 293134,474806137
364030,979067749 -723864,288618727 293959,024977771
364212,055821769 -676280,949032064 294889,501546874
364625,518229535 -725723,033757514 296048,697031214
366185,94459739 -722897,328283298 297003,579339275
367409,928700487 -759705,214473422 297957,211372826
368132,880239808 -701497,39827845 298999,044346431
370051,887608213 -708390,699647561 299750,856928533
370051,887608213 -675117,050444932 300783,220482459
370232,284497198 -707770,667900136 301367,016557509
370398,39100837 -698967,492218481 302670,016316196
370398,39100837 -658726,252101707 303282,739878183
370514,393685515 -667969,076475202 304220,951361051
370514,393685515 -700697,670320649 305077,030429172
370514,393685515 -675684,560901986 305464,787568112
370514,393685515 -717340,416653359 305967,157975048
371128,905139634 -642273,239422694 307160,381823331
371128,905139634 -663144,393746154 308201,753256837
371315,087569467 -640887,456225088 308734,389416792
372308,068016695 -641834,312068616 310111,79932601
372992,936313156 -661555,832864147 310627,234052627
373503,959251439 -646839,206774687 312274,65842242
375174,199122478 -685497,651950299 313090,637500305
376893,137193957 -714321,263941549 314001,947545475
379683,899084268 -602734,469096438 315475,095675486
379683,899084268 -675541,714773974 316377,445647229
379683,899084268 -670076,357437565 316934,922008289
380518,264555291 -624442,764856418 318552,330196535
381138,925203698 -639770,350547039 319627,04546586
381182,919148453 -724492,627620893 320915,69515931
381572,11702601 -596594,363316706 321899,887738463
382614,293547934 -615931,724990175 322670,815898075
383238,020137173 -684555,514484658 324597,116401918
383789,663984544 -657735,189545258 325384,346740276
385058,483717248 -656785,973715417 326693,457504664
386083,38670306 -550343,289679881 327369,024089635
386847,586454312 -671189,355295776 328294,533101966
386969,104420203 -614091,481718292 328740,320992857
387703,417546519 -669113,593419347 329909,888436891
387703,417546519 -668554,366026891 331186,720664301
387771,538717683 -625872,26408231 331782,505155921
390535,239857365 -603065,387273559 332532,963494613
390603,361028528 -631733,998945835 333090,129950531
392395,83730575 -554260,831883459 334514,715659527
392463,958476914 -653733,990908226 335066,80857867
392782,367148438 -580128,716867527 336149,544393811
393329,789911302 -652103,885434139 336734,940060231
393329,789911302 -651253,834094867 337417,61024918
394147,578253208 -591710,424326226 338479,157914361
394147,578253208 -596541,026815357 339007,270220882
394734,234027909 -546723,832895994 339886,742746342
394734,234027909 -615989,092804017 341473,270635916
394928,123427489 -661458,20882363 342675,149724708
394928,123427489 -612979,972595134 343468,028843556
395718,164557357 -635335,609461222 343816,22438693
395912,053956937 -566822,177571666 345214,895669941
398132,292279985 -577597,483325988 345860,555565775
398304,383613953 -580970,998600635 346640,382891913
399693,414259783 -610046,281253906 347382,41014894
400756,97558771 -636603,654249063 347745,7139326
402537,666725311 -581039,412744591 348919,509918438
403260,174319507 -632989,526666325 349489,166585437
403260,174319507 -645180,215366765 350239,555882516
403436,914476042 -645371,171998193 350948,426412104
403436,914476042 -615584,537358308 352497,0034147
403904,853452852 -595757,263734754 354543,32303315
403904,853452852 -527455,272709192 355660,269403592
405134,480889611 -522969,148572649 356483,983496699
405134,480889611 -552287,895297989 357634,837707488
405844,410359507 -626420,910532821 358302,423263683
405844,410359507 -612113,5904204 359532,549616137
408540,914127439 -671110,344708181 360819,55414095
408609,350091627 -633990,697379726 362170,751428392
409231,566046842 -634853,292456995 363125,35091055
410572,790683765 -608243,151166691 363780,988425841
411066,877129381 -594753,714019036 364415,291863595
411757,529048784 -558082,329806798 365401,29764274
412390,450875135 -468083,900407837 366006,552447121
412923,720825838 -498841,474726266 367181,959807805
414454,18430228 -604997,801163523 368222,324918753
415366,524722718 -639904,978313861 369380,572849991
415366,524722718 -492933,600716294 370173,222155871
415702,194891524 -549618,291984107 370611,161781317
415883,392275652 -587009,067650609 371638,100981388
415908,100845955 -531225,878459349 372399,976073128
417313,099301872 -568015,36449353 373420,79202761
417313,099301872 -495917,802404404 373785,082310828
418361,508440032 -571814,282707104 374993,744888969
418361,508440032 -552965,229739404 375947,76632433
418728,497511507 -556266,695912207 376701,414971165
420964,420400293 -451814,357939966 377995,745394073
421331,409471768 -547095,723798577 378927,644858204
421331,409471768 -533827,413436501 379550,057990195
421885,904977162 -535709,927070336 380016,212959361
422124,309153709 -528497,27906385 380827,063747956
422622,832794953 -474783,604347973 381268,768575539
422861,236971499 -696111,523582875 382103,606771043
424490,199101461 -511202,588376311 382835,807335903
424490,199101461 -539064,557425085 383519,351076443
425091,444701681 -520781,990578278 383914,349958818
425091,444701681 -458887,211790466 384157,261923135
425091,444701681 -517610,255385786 384607,316805829
425091,444701681 -520363,224719191 385040,473138
425091,444701681 -474839,079685793 385552,717432893
425091,444701681 -528859,333407874 386401,646783946
425295,451029379 -502092,656454636 387415,171310211
425476,715833342 -511921,304172717 387836,234226946
427262,105584534 -397643,188391859 388876,663471747
427647,376716196 -416779,82769933 389782,303553931
427647,376716196 -451718,129099323 390422,531078661
427858,917644336 -437473,053993359 391532,369465108
428212,476328183 -507353,796828502 391995,710420009
428424,017256323 -516831,524815273 392680,034847748
428756,301536319 -443509,423402258 393046,801482587
429569,66196279 -454434,26381532 393848,411251081
429569,66196279 -466180,526508249 394119,951188026
430294,22565708 -439918,900493263 394624,955311857
430513,732582774 -503475,074915174 395314,94129782
431616,411885742 -509273,156875666 395846,966335375
431835,918811436 -414489,525563434 396494,710908526
432511,567165067 -445597,38091074 397090,131155474
432621,138459885 -438921,89183881 397374,852248527
433745,480016502 -495660,625408547 398189,807503117
433855,051311319 -432524,876875419 398858,937920344
434109,333320948 -421341,755955099 399198,939623926
434218,904615766 -401345,188449897 399476,646726779
434463,44473098 -403662,438928523 399708,346024493
434463,44473098 -415498,429799639 400489,219517758
434945,459135005 -492651,114332387 401155,280445542
434945,459135005 -339079,946013673 401906,762440064
436550,08456806 -433982,681773254 402937,329854953
441975,222894998 -434432,532958192 404182,270609731
441975,222894998 -474545,500944695 404409,572652148
443019,670463303 -429985,011274453 404865,720556085
444102,476204144 -469983,998317658 405796,525591114
444742,539257378 -410250,789222992 406823,372482559
447936,212151556 -432101,392735278 407447,768385753
450063,465460702 -488119,37090473 408428,693869834
451590,009512322 -500666,439295331 409067,776153359
452096,167075117 -405456,899394006 409575,235358483
452096,167075117 -395334,792004288 410124,042925909
452537,903160947 -365380,925731939 410393,148455173
452537,903160947 -420317,666682486 410859,736200059
454529,290849394 -414297,306848718 411714,281528601
454529,290849394 -449840,772451414 411942,538236693
455363,405826333 -464851,70916305 412293,402782174
456427,864691496 -387212,219096913 412528,011386652
457379,693328512 -411530,455024784 412974,738619077
458627,664950536 -464063,732754605 414156,558739919
460290,495414947 -445593,789063159 414454,26744108
460290,495414947 -460187,383048098 415045,39250913
460290,495414947 -447370,232165478 415620,41468645
468405,228031728 -449725,593273573 416631,698276787
468405,228031728 -369994,958156858 416839,293255252
468520,58013169 -414608,771037239 417372,354905509
468589,732209094 -436257,797931801 417742,742358581
468764,351618331 -416584,936740804 418520,341435147
468909,93125848 -388961,906274412 419142,025414402
470181,822628537 -385241,824239529 419818,965424657
470181,822628537 -403488,40679702 420541,190384193
470755,677932692 -411023,147634471 420850,404742185
472016,054965207 -367543,062540356 421723,671100144
472405,406091996 -442388,742686136 421912,027246485
472405,406091996 -449207,376041175 422079,915330256
472405,406091996 -454336,550327631 422324,077103494
472405,406091996 -444889,867389652 422636,825200056
472405,406091996 -447423,813556697 422810,60746712
472993,076804839 -437773,498762156 423191,756907213
472993,076804839 -381989,079800813 423602,001828529
474563,869672994 -370202,614536074 424106,975342309
474563,869672994 -382849,227477303 424519,430331629
474563,869672994 -426857,848467293 425136,93020366
475602,501223342 -451321,367904892 425845,244961619
475632,212562357 -433281,423748203 427292,759898597
475698,384654533 -432240,837101763 427707,606486466
475728,095993548 -344266,914525419 428073,994727825
476350,704566312 -328873,612565892 428951,34195939
476350,704566312 -338506,325990859 429512,26265052
478740,690234443 -379420,01584461 430343,457557032
478740,690234443 -321515,412704667 430890,960663642
478740,690234443 -357372,369872582 431405,985645423
478740,690234443 -441849,98800908 431885,220986963
478740,690234443 -406985,87920757 432314,296513642
478992,76282135 -416853,876917814 432549,012896215
478992,76282135 -425809,624499369 432870,989609439
478992,76282135 -385378,081555592 433120,574596781
479692,103380618 -413920,684602137 433249,394061058
480715,168548877 -329605,44204302 433588,168321282
480810,783033938 -415178,822461827 433927,959321251
482135,668303948 -422000,251933638 434409,283528714
483120,483749365 -415140,751730475 434963,141385957
483120,483749365 -345075,267938155 435438,662321076
483746,028460107 -393916,714990865 435749,677389175
484237,379838848 -341589,426743505 436384,934834554
484862,706730523 -326225,649769628 436832,756830249
484862,706730523 -373058,925320185 437073,147093777
484862,706730523 -323126,963963169 437854,074799621
485066,941482047 -403406,760420601 438146,692142833
485088,5269222 -334620,054228449 438344,644810135
485167,533899452 -333512,304528854 438593,116906864
485393,354091129 -350825,087466754 438968,142157481
485746,274076805 -346685,764496366 439180,506791957
486051,101245734 -360279,366280033 439299,954682107
486653,616781271 -311486,364796661 439779,442969427
486898,094282037 -280788,202618928 440013,063053122
487063,893160648 -350939,698584554 440211,899637707
487223,304675748 -323701,486446628 440665,647871222
487389,103554359 -392451,176586829 441115,382352345
487389,103554359 -325521,303038517 441282,862006156
487389,103554359 -350540,714045972 441857,729312435
487389,103554359 -401628,094296027 442064,896544267
487389,103554359 -349613,538479414 442438,385433271
487389,103554359 -317687,690640774 442482,566884766
487389,103554359 -314839,632423335 443287,446124707
487389,103554359 -353232,55379517 443416,471787763
487693,513827115 -396959,408359394 443606,83297247
487693,513827115 -379255,688175361 444043,117003468
487693,513827115 -329312,230059688 444252,583635843
488191,396444713 -408763,908069846 444715,877287648
488191,396444713 -379163,896620492 445593,715322219
489926,920799959 -314763,783291569 446098,397078567
490424,803417557 -358519,696878133 446496,47739837
490944,125092226 -331810,826604831 446812,881382101
491101,269605259 -306328,210508966 446955,069581541
491263,628865199 -391576,898574214 447112,642864142
491761,511482797 -376062,745747524 447459,359501176
491974,86108439 -346783,782739335 447651,944128751
491974,86108439 -357555,637536478 447941,896963906
495751,965535915 -337458,775569155 448640,412393495
495965,315137508 -363045,255245561 449083,018769956
496000,98079284 -406575,921747087 449369,273564312
496000,98079284 -391514,607761345 449719,571380674
496000,98079284 -379852,215507823 449800,641891548
496000,98079284 -278499,076070142 450154,784331223
496000,98079284 -300825,208440137 450579,844559516
496000,98079284 -397096,628639919 450878,731270564
496000,98079284 -329793,831666598 451223,806127151
496000,98079284 -301712,534085064 451440,355746875
496030,29258678 -370858,49945396 451599,975515078
496030,29258678 -342058,791818219 451718,502711571
496030,29258678 -378564,256760286 452110,981120109
496030,29258678 -333734,341081505 452572,731765788
496297,606166816 -343076,557525812 452936,067925917
496297,606166816 -326152,471382238 453506,439856539
496297,606166816 -332319,433451253 454132,297875552
497611,794142356 -326578,329133424 455483,882095033
497788,705819332 -321824,471251009 455656,804588609
497944,686370382 -264868,397589852 455843,886627574
500187,085929164 -300327,96398905 456378,742356914
500343,066480214 -323101,828821724 456451,564804911
501318,290771671 -300516,806068793 456736,683359938
502075,06423402 -316113,300608907 457279,369581628
502267,893175909 -344299,247456945 457621,713984686
502741,646241577 -310413,471713627 457801,599175002
502934,475183466 -313866,893544279 457987,722613393
503537,697268227 -333891,186206323 458383,439460793
503537,697268227 -328534,534779493 458793,469621202
504265,532493364 -348812,620337602 459104,712915109
504265,532493364 -372649,653572131 459838,299669112
505248,179380795 -304113,509970564 460274,08033116
506122,509569527 -334777,334540981 460532,599129841
506850,344794663 -275387,499355993 461403,54700071
506850,344794663 -272173,208898708 461760,720424187
506850,344794663 -284288,251297855 462464,936282348
506850,344794663 -267364,073507239 463333,720159678
507003,953147231 -297396,929913942 464299,260851074
507003,953147231 -294755,802718422 465179,523104564
507003,953147231 -290292,462329627 465686,133560666
507003,953147231 -282275,410838538 466120,607953627
507186,671408851 -297318,248736146 466450,054788482
507186,671408851 -342429,807357482 466808,450288895
507533,438161192 -341769,91617416 467182,486796627
507753,304489911 -274923,836463414 467805,946554142
508188,050349072 -295677,535091668 468323,673727411
508444,645356208 -286922,363367303 468709,350411918
508444,645356208 -287937,145430909 469065,142930332
508740,201862834 -243621,504621827 469288,820133308
508740,201862834 -268921,2414765 469634,282064577
509208,577677336 -302222,574949054 470044,371791198
509208,577677336 -287675,501107869 470169,268754704
509440,042131002 -251884,080997422 470780,68962045
509440,042131002 -258910,927361277 471044,429626068
509440,042131002 -274896,725352569 471405,62776464
509440,042131002 -247859,363283205 471884,324840586
509440,042131002 -245989,727381132 472107,261769771
509440,042131002 -219314,709014051 472711,357907814
509440,042131002 -259473,214658242 473319,200599507
509440,042131002 -238902,986226269 473453,157047318
510504,543718666 -281035,940343375 475015,346119949
510504,543718666 -263843,354635915 475188,366222132
511133,19050217 -207592,919823501 475516,4039764
511369,697726437 -226022,092181951 475954,965405954
511421,690261178 -244742,679063217 476146,749797749
511940,964855706 -272695,667918967 476395,590705472
511992,957390448 -279871,388032323 476602,3053151
514381,177341583 -270156,994504773 477178,220776359
514433,169876324 -273107,227256906 477527,591974937
515781,344147411 -273211,107522443 477863,146267029
517057,840302375 -244546,106405821 478477,084249697
517057,840302375 -261627,276196568 478771,506887732
517057,840302375 -252713,626143561 478822,540018977
517057,840302375 -220221,972350327 479084,179717376
517057,840302375 -283776,512130276 479440,914986363
517057,840302375 -211125,258811456 479506,462113206
517057,840302375 -214588,72296056 479977,253911992
517057,840302375 -282883,675194048 480404,80040384
517057,840302375 -227458,804830881 480669,52000958
518351,508952857 -229709,575759141 481041,586620928
518351,508952857 -214121,822737356 481434,13322708
519322,140919251 -300096,803574582 481630,575506739
519322,140919251 -300096,803574582 482323,307391799
519322,140919251 -266353,73260252 482753,396524392
519322,140919251 -207546,323305692 482892,758720986
519322,140919251 -227395,209103312 483022,723924275
519322,140919251 -289567,02391097 483271,375783059
519322,140919251 -296853,597991283 483521,623313751
519371,926241551 -250663,084618063 483643,732044381
519915,848330385 -223728,548430277 483823,370652622
519915,848330385 -226999,348436912 483875,766535564
519915,848330385 -253607,620098255 484212,383131613
519915,848330385 -302275,976622674 484630,743107791
519915,848330385 -248417,470338755 485327,541062588
519915,848330385 -298529,792790715 485359,410317442
519915,848330385 -280141,083431988 485574,298612811
520895,958568205 -211490,787631168 485808,351276149
520895,958568205 -295039,209094107 486446,874020595
520895,958568205 -183657,611865353 486669,995748832
521096,642338447 -221362,186006287 486944,338483762
521096,642338447 -304132,457187672 487248,516109455
521096,642338447 -219454,587597165 488073,38759089
521096,642338447 -285947,756471416 488807,071917306
521096,642338447 -223288,1786525 489020,47771016
521096,642338447 -389308,937945591 489399,020389461
521096,642338447 -295991,75701349 491146,526819871
521096,642338447 -308706,791767583 491434,855281179
521096,642338447 -232419,585520055 491919,161062865
522278,886470983 -196309,06559189 492421,857901386
522278,886470983 -288146,636296655 492615,279288113
522297,398964944 -239379,530913943 493050,37639706
522750,174367432 -304011,452654379 493288,309150612
522750,174367432 -191099,275292235 493942,236607561
523050,54972933 -251408,129362828 494282,793053815
523149,285351589 -248840,182418287 494589,433720752
526441,575275084 -245520,334877394 495234,047666645
526441,575275084 -249669,495281318 495474,820531231
528755,952612859 -222396,359868707 495763,826712217
528999,951314148 -191313,591198923 496184,334789305
528999,951314148 -258201,405788138 496277,65350039
528999,951314148 -201207,714568068 496483,168485333
530443,006058753 -289379,43074794 496827,718590285
530443,006058753 -244350,860358715 497043,896863154
531187,277367507 -285560,349497078 497454,239132815
531511,450503161 -193925,031403285 497680,316587484
532255,721811916 -260077,911804773 498313,379572064
532255,721811916 -185867,977937721 498695,886040102
532748,453457649 -252761,763454801 499328,626081165
532748,453457649 -244018,821992805 499544,744316019
533041,630220528 -212481,885119593 499772,596877813
535101,722241261 -220407,126993457 500273,485622022
535394,89900414 -262977,001147656 500525,049455683
535705,480154034 -260595,881752194 500858,694860433
536306,508192585 -208169,668987807 501128,24823049
536306,508192585 -258294,661540422 501381,821312257
537909,864667753 -229039,491804909 501666,22061466
538513,638815895 -145526,540315253 502428,7662617
538513,638815895 -268931,492873953 502805,494820406
538513,638815895 -189938,495313129 502997,695829943
539065,669971479 -246931,04900275 503366,270273079
539065,669971479 -223011,315808702 503628,662744957
539435,161639752 -146439,932723462 504089,428463078
543287,526088198 -179971,854263682 504861,459256021
543287,526088198 -141978,454558414 505285,774482825
543585,546230121 -201077,088155523 505569,623507853
543585,546230121 -167338,15255768 505848,06590367
543585,546230121 -141037,924457282 505898,902306598
546660,772186511 -159675,465554908 506391,519602542
547083,148995221 -186175,741921242 506759,110267159
547192,741148008 -174467,245350786 507343,094991552
547615,117956718 -145549,796375357 508012,753192792
547615,117956718 -170488,387082845 508155,200135637
547615,117956718 -167737,530549367 508289,667766454
547615,117956718 -175598,485046172 508844,476179135
547615,117956718 -241728,124072019 508919,020735424
547615,117956718 -200233,365670353 509259,974733656
548118,722268061 -132419,472591458 509381,718372298
548118,722268061 -251903,58531642 509676,556258086
548118,722268061 -166260,944539056 510095,471801502
548118,722268061 -177483,652056437 510145,950362058
548118,722268061 -198872,820261746 510376,772980386
548118,722268061 -152607,77026529 510615,778646194
548434,356278496 -196221,370635436 511287,887739429
548434,356278496 -170792,156135284 512198,000856248
549742,556837661 -139711,076732281 512593,742249024
549742,556837661 -256051,028085393 513144,186490699
549742,556837661 -249475,166978761 513187,334537452
549742,556837661 -187159,141836483 513350,139791917
549742,556837661 -124667,326745215 513409,74088301
549742,556837661 -136345,500124827 513986,655138247
549742,556837661 -178109,736190762 514570,78302214
549928,036774258 -149637,124543923 514892,13267838
549928,036774258 -194083,852625117 515111,240760464
549928,036774258 -138113,946968016 515188,281932161
549928,036774258 -161810,021973661 515554,709563714
549928,036774258 -149696,684108808 515779,419660394
549928,036774258 -215531,528293931 516079,17004086
549928,036774258 -214403,65624337 516293,759162001
549928,036774258 -115417,999286586 516503,44108064
549928,036774258 -116031,634209406 516607,708388074
549928,036774258 -184719,060504113 516886,236546059
549928,036774258 -167603,038585716 516912,001051844
550785,626426687 -129408,234824607 517133,038232926
550785,626426687 -242288,330431388 517236,340667299
550820,606097403 -133771,562272693 517361,850599859
550820,606097403 -215533,591549374 517742,752577371
550820,606097403 -233666,307199644 517761,297009915
550820,606097403 -133058,48116463 518575,325944702
552413,950720726 -150234,385578238 518782,878389105
552413,950720726 -108461,799206724 518999,589784788
552413,950720726 -130674,873244629 519145,761177908
552413,950720726 -147478,165003297 519314,363239936
552413,950720726 -237364,35090324 519780,373925122
552413,950720726 -141117,106103419 519959,128953336
552413,950720726 -229782,003776029 520107,453224397
552413,950720726 -119502,884941726 520212,270725085
553149,91632278 -166497,568977886 520594,129286194
553215,496786302 -171916,299918565 520788,461247837
553670,479569271 -151792,915063139 520838,841313384
553736,060032794 -140981,440822775 520995,128201906
553736,060032794 -140993,654878451 521073,27736268
554037,023667757 -88008,5964941119 521202,883135828
554037,023667757 -181749,331146667 521427,318846188
554926,323452821 -183085,177825928 521516,248824695
557385,711383262 -136507,6101208 522241,048708589
557550,835442617 -198680,872030297 522269,533420372
562108,360166926 -142431,74609289 522823,466405571
562273,48422628 -126258,710881224 523231,0840974
563048,475432918 -118232,639936597 523483,746305259
565292,661467947 -192707,367553118 524114,055737759
565457,785527301 -126034,691984468 524207,128554708
566750,540787518 -95376,4960955535 524530,275580665
566915,664846873 -102348,575383844 524554,782137375
567675,336115869 -100637,820989308 525290,876118244
569133,424719608 -152663,466250755 525480,531201846
570016,825386106 -131172,309487768 525986,279580819
570016,825386106 -144223,021593471 526293,602152468
570953,942891098 -115478,647559312 526568,031308459
570953,942891098 -121499,354384786 526586,960836871
571639,123727328 -104081,454731173 527566,780791026
31793,4631058351
571639,123727328 527566,780791026 450692,701376547
