42075,1451280263 42075,1451280263 38551,2387763851 40608,148827427
43727,6712023579 43727,6712023579 37787,4152734603 42078,8752709378
45077,5536875712 45077,5536875712 38684,3970812602 43278,4456028931
46529,4605022323 46529,4605022323 37952,1016926199 44373,6931946365
47410,0450063609 47410,0450063609 40821,1213817095 45572,7135873262
48065,7820369526 48065,7820369526 41857,3324658829 46494,1915832843
48646,1544741433 48646,1544741433 42805,2004964431 47386,4655907529
49275,7980622845 49275,7980622845 44120,8773702778 48201,3246332177
50247,810331935 50247,810331935 43003,7274739679 48956,9949405251
51363,6296173698 51363,6296173698 45181,3264672396 49737,0861572827
51973,9739327385 51973,9739327385 44488,075737662 50566,1017306941
52724,3229316257 52724,3229316257 46839,3333388222 51437,0133129595
53349,3495802495 53349,3495802495 46895,0160302736 52115,3916879736
54125,2670718284 54125,2670718284 48219,377309521 52711,4271536717
55029,3174811566 55029,3174811566 49344,5560812405 53332,4738342031
55775,6470358372 55775,6470358372 50120,4628799373 53959,7821089268
55923,685124264 55923,685124264 49812,5620793519 54355,7379208607
56517,7133937917 56517,7133937917 50173,2773621739 54951,1741135645
56868,7272354495 56868,7272354495 50256,9755135781 55379,4015836263
57118,9696896898 57118,9696896898 51361,4729448774 55715,9582856412
57552,9757773078 57552,9757773078 50764,5365979724 56174,3527391043
57908,0728797188 57908,0728797188 52391,8019889639 56441,9699228745
58629,1554191509 58629,1554191509 53057,6318785964 56781,5946266327
58817,7781348354 58817,7781348354 52658,1023873694 57232,8774049729
59046,2302528093 59046,2302528093 53756,9235392473 57590,0139340974
59327,5984095988 59327,5984095988 53412,4445491623 57982,3212256614
59556,8749740764 59556,8749740764 54220,5548456385 58249,8035555425
59717,044354103 59717,044354103 53958,6254586942 58438,7785892713
59981,6433493306 59981,6433493306 54789,3439928876 58656,8620180693
60107,3603667696 60107,3603667696 53545,8313639748 58950,4778893687
60257,5579261985 60257,5579261985 54904,2772271315 59242,7691982856
60497,3270871028 60497,3270871028 54996,7429462453 59433,0575171545
60858,5952487607 60858,5952487607 56135,856709178 59710,8190114693
60993,5562520823 60993,5562520823 54684,3032782455 59854,9658552825
61262,3802789905 61262,3802789905 56236,1884760315 60086,5470687805
61411,1359688634 61411,1359688634 55202,6467188386 60247,4202014663
61489,4461313108 61489,4461313108 55777,6755601331 60476,0708157628
61539,1846976995 61539,1846976995 56480,9845723225 60678,8690128656
61797,714254869 61797,714254869 56035,6631776493 60818,6017907216
61797,714254869 61797,714254869 56977,4815299682 60940,0101082403
61847,8090517647 61847,8090517647 56120,2098428983 61083,2835380136
61949,3043446389 61949,3043446389 57816,6906105666 61168,8593972806
62027,8033271264 62027,8033271264 57396,0862432946 61285,1292337898
62320,6859667194 62320,6859667194 57587,0947716072 61412,9155205389
62320,6859667194 62277,2914267553 56725,2514880128 61499,4526979011
62388,9685542801 62388,9685542801 57339,462479023 61548,4903749026
62440,1796483195 62440,1796483195 58174,3588294038 61801,8867955287
62487,1211544478 62487,1211544478 57420,7522440597 61982,9761871946
62706,5342298174 62706,5342298174 58265,0187386859 62184,4006489246
62859,0864055242 62859,0864055242 58516,8846957651 62246,1270181524
62859,0864055242 62813,2198722235 57937,3523772697 62300,7932451577
62895,3956281205 62895,3956281205 58317,7147181306 62312,1418701959
62926,7456192769 62926,7456192769 58495,3352499293 62381,4043503372
63052,4151358833 63052,4151358833 58009,9302388955 62522,1463748374
63052,4151358833 63047,7340173186 58743,9630371198 62570,3507940506
63121,6112279162 63121,6112279162 57424,7787690617 62648,3143892954
63284,5651223174 63284,5651223174 58389,3221892429 62779,067211051
63284,5651223174 63223,3984521441 58412,2796292242 62762,8026614336
63284,5651223174 63282,4132101695 58355,9019940969 62782,5397426342
63338,0328485689 63338,0328485689 59060,8415007668 62791,3174551498
63338,0328485689 63316,313607787 59400,4125170417 62856,9170293301
63631,4728851171 63631,4728851171 59900,4592798631 62919,3282420535
63631,4728851171 63601,0036655037 59328,5539864778 63017,1569819224
63631,4728851171 63582,9154725514 58763,1256064385 63016,4310052187
63631,4728851171 63590,6347484752 59150,4630383563 63062,2448798548
63699,3892240353 63699,3892240353 58887,473089848 63122,0419846419
63988,6389502202 63988,6389502202 59092,0179412878 63145,8224413336
63988,6389502202 63960,2092824213 58308,1026505813 63146,1028024101
64036,7758549273 64036,7758549273 59177,9173930057 63200,6025898289
64182,4976853126 64182,4976853126 58526,6451045532 63254,5888392426
64182,4976853126 64132,2401582007 58554,9905917054 63288,6139009558
64182,4976853126 64007,1931219436 59674,2981866997 63296,7760183421
64182,4976853126 64078,6486971557 58694,1894522548 63346,7183608341
64182,4976853126 64068,9365289458 59320,5791951921 63406,1683994409
64182,4976853126 64132,4367829976 58869,1167182489 63475,0523905386
64182,4976853126 64170,2908823423 59161,978789782 63512,7499067801
64182,4976853126 64170,2908823423 59782,3172368444 63615,07332577
64259,167798172 64259,167798172 59794,7846679192 63658,7328168213
64264,3621868352 64264,3621868352 60093,897619325 63682,6704424386
64264,3621868352 64263,7129923469 58217,7527540467 63675,9153536919
64264,3621868352 64229,3319466923 59963,8240152527 63731,9524153664
64315,5784082339 64315,5784082339 59925,9191604667 63744,5258654261
64442,344643845 64442,344643845 58632,75725734 63770,4520631827
64442,344643845 64398,8099873192 58417,3625796465 63825,4113607974
64442,344643845 64333,5712640615 59644,9426510719 63834,2815329339
64442,344643845 64299,1294845966 60107,4185972246 63801,2744060952
64469,3726895537 64469,3726895537 60670,2029697675 63848,9029514522
64495,8990576346 64495,8990576346 60112,2079080231 63853,787291177
64495,8990576346 64475,9030701468 60456,5698098299 63875,1053025567
64553,2015420802 64553,2015420802 58903,98050285 63887,4305124797
64553,2015420802 64550,3622041664 60265,1219688505 63948,9904102549
64598,5893658556 64598,5893658556 58769,1922544626 63935,3598097341
64743,3554874104 64743,3554874104 60509,4810150979 63947,5770448059
64743,3554874104 64739,3564978702 58977,6702147251 63960,9848033493
64819,9067696722 64819,9067696722 59134,272183591 64021,417820145
64819,9067696722 64730,0907650325 59441,2981296216 64080,5629513905
64819,9067696722 64585,7798685932 59971,6171841719 64059,2497404415
64819,9067696722 64675,595873233 59752,4952826249 64090,3393288985
64819,9067696722 64648,7066420635 60581,167109279 64114,1495885385
64819,9067696722 64582,1354923511 60660,5190510757 64125,3667333484
64819,9067696722 64716,6860105049 60294,5080089209 64099,908093394
64819,9067696722 64793,0175385027 60348,933546283 64153,2931303464
64819,9067696722 64635,3634431761 59252,60072803 64130,3323623202
64819,9067696722 64648,7435217835 60772,3474416547 64142,8739187727
64819,9067696722 64648,7435217835 60587,9143388877 64115,0011146614
64819,9067696722 64726,281112253 60148,0371273515 64123,0492498415
64819,9067696722 64617,0946619881 60582,5886737777 64150,6764698746
64819,9067696722 64646,4622357195 60421,5558120146 64161,176374251
64819,9067696722 64664,222206905 60624,7468294678 64188,6122728523
64819,9067696722 64507,8182176615 60663,7750868135 64156,8929395213
64819,9067696722 64492,3037286646 60062,1799596612 64130,3633647098
64819,9067696722 64415,2643492522 60140,0903511535 64113,3561687665
64819,9067696722 64417,3459897955 60439,0768203655 64074,6776693662
64819,9067696722 64423,215279019 60494,509425082 64114,9687523457
64819,9067696722 64448,5904227467 60070,5947497359 64139,2229864903
64819,9067696722 64367,8236347324 60577,8960306709 64097,2231411163
64819,9067696722 64350,9412363881 60264,2466034237 64080,6467277755
64819,9067696722 64490,71448272 60499,8379198953 64128,7285388352
64819,9067696722 64553,5724090709 59437,4601552261 64175,3197726885
64819,9067696722 64608,7177107586 59456,6532218793 64195,2943232847
64819,9067696722 64563,6353330973 59408,7375379391 64227,8423414492
64819,9067696722 64573,8558024728 59580,0526143873 64195,3965478555
64819,9067696722 64493,509082796 60734,6241236837 64213,8371048718
64819,9067696722 64541,4345608993 60759,4989133286 64185,7550596906
64819,9067696722 64541,4345608993 60365,9649270349 64178,0294326884
64819,9067696722 64637,5503707466 61174,8576114909 64187,8844387942
64819,9067696722 64632,1520241258 60293,5566294343 64186,0196021939
64819,9067696722 64578,5763944367 59933,5606828949 64175,7786739705
64819,9067696722 64461,8385900222 60304,9985316153 64152,963334327
64819,9067696722 64547,3477543801 60028,2559105862 64177,0552935749
64819,9067696722 64589,7360302132 60700,4625407773 64180,8693730344
64819,9067696722 64600,9628303479 60766,3374436481 64181,0640268027
64819,9067696722 64645,6286617257 59604,624882193 64186,0489002275
64819,9067696722 64593,8739352701 59761,2880100485 64183,077396143
64819,9067696722 64593,1977554409 60430,6766643669 64208,1075291111
64819,9067696722 64599,2957698565 60123,8948828058 64218,3166116284
64819,9067696722 64593,1977554409 60263,9643628647 64184,9556996122
64819,9067696722 64573,7790605786 59610,2096546785 64207,7173344402
64819,9067696722 64552,0602524374 60808,1109092879 64242,979902721
64819,9067696722 64685,8284611834 60629,5469416674 64250,5969188933
64819,9067696722 64719,3651978208 60544,1156975002 64233,6551793476
64819,9067696722 64720,2763827093 60570,4152539882 64263,9205764113
64819,9067696722 64643,9272616455 59680,524811758 64288,8156166076
64819,9067696722 64655,4643263074 59653,8148706947 64315,6152703428
64819,9067696722 64526,9869273489 60871,2630089069 64301,7203776912
64819,9067696722 64524,776740588 59336,8526147655 64334,9832337941
64819,9067696722 64685,4696006223 60807,3579553431 64390,112530057
64819,9067696722 64614,8605368149 59696,1728151418 64388,0962861784
64819,9067696722 64602,5749242505 60839,8218485524 64362,9717365284
64819,9067696722 64653,2010244939 59633,0305685317 64383,1663196937
64819,9067696722 64608,5042086129 59597,1853644548 64369,001524176
64819,9067696722 64651,4243220545 59749,2650677431 64382,5486604822
64819,9067696722 64575,4299434458 60508,9039304284 64389,7447397804
64819,9067696722 64644,0680939259 59573,2915413207 64370,3484935315
64819,9067696722 64654,4921092005 59472,9454362259 64345,5199455383
64819,9067696722 64638,1753843583 60682,8408974765 64339,5628709445
64819,9067696722 64681,8683507627 59799,2170367392 64384,5481969086
64819,9067696722 64705,3119953231 60460,121178458 64404,1891143468
64819,9067696722 64707,6597820051 60773,2733167668 64419,9225220992
64819,9067696722 64705,4238151096 60054,1130307441 64384,0771248918
64819,9067696722 64672,353339315 60589,7334713711 64378,2210948885
64819,9067696722 64711,2359035366 61110,7324835937 64363,3218654771
64870,7237658518 64870,7237658518 60808,8206092598 64376,9083781931
64870,7237658518 64815,7180206502 59549,9283624898 64360,3346199696
64870,7237658518 64829,9647091384 60678,5294716676 64373,1967079447
64870,7237658518 64689,5677289018 60663,4534380698 64345,5308041707
64870,7237658518 64693,7353211997 59580,9495269045 64321,6203123962
64870,7237658518 64670,07116459 60567,0015059719 64338,2291136416
64870,7237658518 64697,6842864163 59572,8100231116 64367,7749158376
64870,7237658518 64752,6900316179 60552,6244811469 64324,3110136985
64870,7237658518 64757,6617553478 59527,4583121883 64318,3930817757
64870,7237658518 64723,5673032057 60750,9847909732 64269,5198989175
64870,7237658518 64664,0049250075 60026,9343047966 64270,823519968
64870,7237658518 64579,9230598833 60421,0443456564 64330,9552017602
64870,7237658518 64644,896857774 59946,572979279 64339,4983658402
64870,7237658518 64634,8995666056 61158,0451364577 64369,8305478128
64870,7237658518 64624,0156814819 61088,3571741231 64379,182166747
64870,7237658518 64691,8858283628 60874,3602725959 64369,4599901166
64870,7237658518 64691,8858283628 59509,1775109018 64369,5693324818
64870,7237658518 64719,5872379107 59727,3767162002 64370,8965451702
64870,7237658518 64712,4593451394 59887,5729271684 64353,2182810984
64870,7237658518 64690,00891763 60682,9176060273 64360,825000121
64870,7237658518 64690,00891763 60862,2178426226 64400,5747045772
64870,7237658518 64694,8365775689 59657,5735115416 64366,4220825461
64870,7237658518 64748,2556984426 59961,4129743045 64395,2830149482
64885,1271064682 64885,1271064682 60824,0408002703 64428,010342733
64885,1271064682 64777,8036823769 59357,9028361247 64425,7060087923
64885,1271064682 64791,6740372906 59615,7051247694 64427,2974076219
64885,1271064682 64792,9082938296 61024,0567817158 64423,8789576029
64885,1271064682 64666,0724932544 59926,647915958 64392,7084681306
64885,1271064682 64735,6892956104 59531,9894414054 64406,5144555452
64885,1271064682 64709,8617125585 61280,9921061991 64397,437497731
64885,1271064682 64753,1823145096 59617,9580087178 64381,3553941706
64885,1271064682 64878,5777782886 61079,6827787489 64403,2874348996
64901,6030640205 64901,6030640205 59351,177032367 64387,5591597525
65014,6513333788 65014,6513333788 59275,6167014089 64394,2868660284
65014,6513333788 64973,8101428176 59799,9467786223 64409,1909370381
65014,6513333788 64960,5305956562 60145,039940603 64405,0402968369
65014,6513333788 64882,9216146452 60008,3723546415 64390,2430684417
65014,6513333788 64820,7838055206 60648,7928490664 64401,50268839
65014,6513333788 64851,8436172445 60452,9888155616 64405,413723854
65014,6513333788 64826,7582631416 60387,1789412347 64404,4390862554
65014,6513333788 64912,6224292098 60680,4086667625 64364,6457729029
65014,6513333788 64748,4475532951 60136,0347955649 64338,6591106202
65014,6513333788 64758,9220325434 61033,0101904344 64354,7037214702
65014,6513333788 64779,6681812312 60515,37194585 64366,2190261161
65014,6513333788 64783,0263364742 60873,4883337785 64373,988756473
65014,6513333788 64871,5442972919 61091,505795463 64376,4421381239
65014,6513333788 64845,95208055 60369,0872147523 64389,0070732843
65014,6513333788 64759,8561972914 60143,922099218 64411,63975762
65014,6513333788 64763,7913635677 59603,8210079486 64389,1102745879
65014,6513333788 64847,5136911626 60166,3796747365 64418,2108933562
65014,6513333788 64941,0813056713 60745,584946832 64414,1133309705
65014,6513333788 64869,3944286323 60231,6569388967 64430,9812089055
65014,6513333788 64849,5335092199 59889,3381373989 64463,1348242188
65014,6513333788 64841,6407431571 60990,2773127164 64508,847925521
65014,6513333788 64917,2375834286 60035,4694248739 64501,3328246058
65014,6513333788 64779,8856817745 59818,9465422015 64486,140946167
65014,6513333788 64971,6107214617 60348,1468466273 64490,2452385771
65014,6513333788 64886,0373886306 59442,8581888958 64457,9863786683
65014,6513333788 64844,629249874 59959,9634285889 64484,0451761939
65014,6513333788 64930,2025827052 60308,7511815019 64465,6289078078
65014,6513333788 64783,3293042829 59180,4613943703 64466,0281758381
65014,6513333788 64828,766221438 60562,7540664102 64475,0953971134
65014,6513333788 64891,8089468959 61008,4193408916 64491,7894352067
65014,6513333788 64806,9685065698 60598,0648155883 64506,6965569519
65014,6513333788 64861,6447143864 60115,223132534 64501,7497234088
65014,6513333788 64893,4477131438 60442,3953320811 64492,281818032
65014,6513333788 64992,3176388039 60734,5085607027 64508,4825007355
65014,6513333788 64948,3192779534 60067,8442589662 64485,3824933712
65014,6513333788 64892,9951320073 60583,3744756484 64478,9497809374
65014,6513333788 64792,1335868466 60551,0589948066 64452,4543732043
65014,6513333788 64801,9153377125 60942,4494036015 64430,9615667275
65014,6513333788 64791,3996973539 59477,8266467551 64445,7980821652
65014,6513333788 64846,9294744271 59943,9112522947 64451,3663328058
65014,6513333788 64808,3345139334 60270,0758101494 64480,833123392
65014,6513333788 64985,8889199093 59703,1697097593 64496,2880212693
65104,3512103743 65104,3512103743 59700,2612235017 64509,217606702
65104,3512103743 65095,011151295 59854,3440282098 64461,6297897338
65104,3512103743 65095,011151295 60152,2854624711 64458,0365155064
65104,3512103743 64975,593123004 60792,1967067354 64427,8710795645
65104,3512103743 65034,9896216774 61040,2540435254 64439,9276789414
65104,3512103743 65022,4915108689 60768,1194046426 64465,6277036588
65104,3512103743 64938,5690728123 60948,7365703748 64463,5550150904
65104,3512103743 64811,1736791874 60467,1401201062 64483,4087567547
65104,3512103743 64713,1966072415 59448,934676131 64474,6614610359
65104,3512103743 64767,3769073719 61009,6274026045 64463,7416404777
65104,3512103743 64794,9605642217 59844,3443318733 64461,6970508882
65104,3512103743 64874,6940383971 60572,6150747028 64471,016754986
65104,3512103743 64848,9373226078 61138,3551307116 64439,8388550289
65104,3512103743 64900,6279425991 60644,890945715 64472,9757849777
65104,3512103743 64899,6803447199 59422,9765318851 64469,6235167578
65104,3512103743 64960,2845316415 60027,6647612389 64467,4456958454
65104,3512103743 64819,3807673691 59920,1507377983 64448,9902535873
65104,3512103743 64865,2572621601 60398,1623944655 64427,4984421082
65104,3512103743 64966,4066303236 60373,9440212045 64454,8970570551
65104,3512103743 64901,8397355082 60353,7568561098 64461,6325861499
65104,3512103743 65019,8744649565 59344,5186085535 64478,1724825894
65104,3512103743 65063,667168718 59984,507102699 64496,7401655254
65164,288565855 65164,288565855 60397,7549936113 64508,2412143883
65164,288565855 65099,1917978204 59998,7604744587 64489,3954820061
65164,288565855 65088,9937695633 61057,5184747923 64494,2885201677
65205,8800212121 65205,8800212121 60445,3759871427 64487,7902408086
65205,8800212121 65149,5423340317 60456,5220884285 64485,7419470931
65205,8800212121 65180,1538260214 60860,6144198476 64491,6667661839
65205,8800212121 65166,9947113053 60823,3327565217 64490,9966138085
65205,8800212121 65197,6087189064 60732,2500569779 64464,8887944852
65205,8800212121 65132,4781692525 60817,7082923107 64483,4813389501
65205,8800212121 65178,4056785814 60614,7501447396 64531,5614988037
65205,9890738822 65205,9890738822 59672,6646178087 64536,9130944932
65205,9890738822 65153,8937196803 60785,7578993893 64512,6679910385
65205,9890738822 65164,9307057278 60637,1667814748 64515,3829958962
65205,9890738822 65105,9397096636 60276,5257707409 64505,58266687
65205,9890738822 65021,2309524507 59540,6544572756 64479,5148885709
65205,9890738822 65010,6076024056 60660,1452529254 64453,0855262693
65205,9890738822 64955,7746117748 59846,6760620744 64507,1942884264
65205,9890738822 64939,1397653324 60332,9693379789 64516,7984298612
65205,9890738822 65022,094395111 59942,8916010658 64470,490680956
65205,9890738822 64988,3289134424 60944,7368136515 64482,8403058669
65205,9890738822 64958,3372740781 60781,0594305358 64494,4074167943
65205,9890738822 65009,8822473273 59736,045492499 64537,3010620256
65205,9890738822 65109,7330114688 61308,1540253757 64573,8314081784
65205,9890738822 65145,4763672296 60355,5460158961 64592,969429357
65205,9890738822 65114,1187615153 60307,2246304477 64603,4108056701
65205,9890738822 65174,5683032339 59911,966946252 64636,069700184
65205,9890738822 65160,7296396775 60554,2170970317 64625,8490362387
65243,5820777149 65243,5820777149 60271,437724972 64644,4200103948
65243,5820777149 65210,7785008091 60554,2230766428 64648,6285180997
65243,5820777149 65156,410934796 60660,6136904265 64663,0475057474
65243,5820777149 65242,0466935305 61029,7737505005 64685,38962855
65243,5820777149 65236,664025273 60752,3254774191 64703,7990701922
65261,0711274305 65261,0711274305 60623,9780737221 64685,5669355486
65261,0711274305 65140,4761441181 59636,1237348259 64679,4600031044
65261,0711274305 65134,8591700943 60398,7424516558 64671,0527551289
65261,0711274305 65085,5987864739 59802,916581399 64675,1313194794
65261,0711274305 64985,5334559307 60449,9218196553 64656,401674466
65261,0711274305 64904,5451925534 60896,1811719992 64636,3483192816
65261,0711274305 64935,7591807825 61162,1367714239 64626,2164207723
65261,0711274305 64935,7591807825 60700,0790821665 64598,5445613796
65261,0711274305 64827,7395412869 60578,3897983702 64557,6830953082
65261,0711274305 64815,6319161654 61201,591785265 64560,0379557256
65261,0711274305 64884,1237756445 60861,9885036929 64557,8785491313
65261,0711274305 64884,0991804109 60643,2276582946 64531,645519162
65261,0711274305 64763,9950320092 59798,1953097386 64538,3640039326
65261,0711274305 64690,5776631006 59721,0619786322 64523,0672340287
65261,0711274305 64749,8814642671 60313,4613785429 64552,7138443479
65261,0711274305 64839,0101825094 60834,6351525534 64565,7383285704
65261,0711274305 64899,7568656094 60816,7633835567 64566,7115786873
65261,0711274305 64883,9512292691 60252,1383757097 64561,7877368104
65261,0711274305 64884,4129802764 60896,6065055725 64519,8835852297
65261,0711274305 64884,4129802764 61167,8550546485 64548,0630476768
65261,0711274305 64785,228217327 60672,7845592804 64541,2086861115
65261,0711274305 64751,107806619 59554,0967358405 64544,4299982523
65261,0711274305 64752,0554044982 60595,4204038611 64513,603054188
65261,0711274305 64713,3476350467 59052,5057942321 64511,948885912
65261,0711274305 64739,5901154678 60641,8544003905 64496,1472747961
65261,0711274305 64695,0832014353 59880,5335809793 64477,200555507
65261,0711274305 64803,2414987247 60615,4844823734 64516,9597848488
65261,0711274305 64780,7585961096 60186,0975436013 64503,1678334577
65261,0711274305 64779,7283825834 60602,8387628383 64474,3916775157
65261,0711274305 64715,7990438638 59695,8139292351 64461,8612114767
65261,0711274305 64750,9839310011 60020,7662950922 64459,0962267679
65261,0711274305 64820,4934988072 59700,9883999345 64472,6247636369
65261,0711274305 64885,3993405004 60938,7803729273 64497,0135007537
65261,0711274305 64965,8435486198 60076,8275582461 64534,0224097645
65261,0711274305 64995,3980311159 60687,2773287163 64551,3021468337
65261,0711274305 65092,0639830178 61318,9002874869 64599,2661156463
65261,0711274305 64977,9837977905 60166,0328468589 64569,8192237136
65261,0711274305 64829,3635232751 60708,281520414 64544,2306734589
65261,0711274305 64887,7312351143 60634,0556766289 64523,3048045407
65261,0711274305 64872,012050892 60260,6436071957 64498,5936643025
65261,0711274305 64847,9519046019 59725,7740381013 64485,0440844937
65261,0711274305 64849,9379222209 60189,9966172381 64483,4462700797
65261,0711274305 64746,1817129083 60606,9669411888 64518,3264577974
65261,0711274305 64735,7781871978 59920,4417768024 64510,3661367902
65261,0711274305 64844,1155363504 59839,368161966 64541,1700715222
65261,0711274305 64858,3993734128 60755,488932135 64575,1399723654
65261,0711274305 64847,1883336948 60901,7686961894 64581,8797807586
65261,0711274305 64870,1432881551 61003,7680157019 64614,8614926273
65261,0711274305 64835,9086881899 61083,7173123283 64593,2657860814
65261,0711274305 64823,8542834002 60489,420120984 64584,7093272351
65261,0711274305 64916,0331479157 60183,6880096377 64615,5092623517
65261,0711274305 64921,2327805962 60455,6832761512 64592,6621048117
65261,0711274305 64904,7614430733 61028,7144429266 64585,3127378891
65261,0711274305 64836,2901880405 59632,3393426602 64574,6004229424
65261,0711274305 64855,6905468011 61211,1973933275 64595,0411527154
65261,0711274305 64902,4439445818 60453,0962579847 64602,5144793319
65261,0711274305 64931,9191453504 60956,1701657174 64586,941099005
65261,0711274305 64909,0199464542 60253,3716919387 64582,8089287516
65261,0711274305 64835,0128486672 61030,3460217159 64565,3147967697
65261,0711274305 64864,5821799874 60419,2852390309 64555,959630889
65261,0711274305 64865,1324766372 59699,0810153961 64513,4723204953
65261,0711274305 64870,9844903594 60120,6610208685 64540,708457685
65261,0711274305 64931,4129355087 60604,5041224101 64574,6034501483
65261,0711274305 64918,8191204333 60935,5808995249 64576,8980115554
65261,0711274305 64893,258411447 60000,0918164789 64581,9170725116
65261,0711274305 64835,3768130895 60258,6904497824 64585,0102897395
65261,0711274305 64823,8982611263 60787,9725461385 64577,4536336695
65261,0711274305 64862,003160159 60930,0930781391 64609,6592136657
65261,0711274305 64839,0141957371 60832,3421404573 64611,2697285874
65261,0711274305 64897,9272455057 60190,5755197658 64613,398356956
65261,0711274305 64865,0665495728 61019,6376245209 64617,2260263687
65261,0711274305 64878,4999402177 60300,1765441634 64590,2719533744
65261,0711274305 64967,6076948026 60452,2543931982 64617,2092446297
65261,0711274305 64996,1716595744 59690,3654206158 64627,9334370245
65261,0711274305 64932,2423208548 60298,0304046486 64596,9067708437
65261,0711274305 64929,58790163 60186,1832342781 64612,1181262911
65261,0711274305 64951,4460369075 59716,5196734585 64616,0853026789
65261,0711274305 64995,024341871 60858,0865769038 64578,5085158051
65261,0711274305 64987,6945963334 60262,4544171643 64621,7283968934
65261,0711274305 64914,2457151183 60022,004999503 64571,7811252343
65261,0711274305 65014,335368417 60690,3853527785 64596,6411078224
65261,0711274305 65000,7767161732 61297,0994165811 64604,1875061381
65261,0711274305 64982,0995752031 60891,2824545177 64605,3401560782
65261,0711274305 64994,1478156522 61024,9835481169 64589,3442104166
65261,0711274305 64917,8527964821 61134,7628337746 64574,3241683591
65261,0711274305 64810,5649854761 61161,1756120211 64571,1665306541
65261,0711274305 64844,5304181541 59831,1767604645 64576,5442876686
65261,0711274305 64846,8464250573 60811,5319023519 64555,2582307922
65261,0711274305 64828,2117361495 61017,7291496231 64552,9599110139
65261,0711274305 65040,4532137189 61173,6479519056 64584,0965005415
65261,0711274305 65116,1664131025 60882,6269284936 64557,3430083668
65261,0711274305 65100,9582111635 59997,222638927 64586,4006770879
65261,0711274305 65188,2373652086 59998,9447952611 64564,0897706098
65261,0711274305 65198,1858792747 61007,4308582295 64580,9241609971
65261,0711274305 65102,6405211563 60733,8717143932 64575,2512917705
65261,0711274305 65154,2211364141 60129,6848663815 64586,3898605439
65261,0711274305 65207,2019492905 60875,8126073159 64602,1932175089
65261,0711274305 65126,6639875247 60043,2971701495 64626,2618458386
65261,0711274305 65146,450136202 60291,1052000552 64599,7444184813
65261,0711274305 65062,7290225801 60078,1455467357 64562,0860523511
65261,0711274305 65044,2083135391 60925,0731000145 64578,0386577455
65261,0711274305 65113,9799398654 60991,1608669989 64587,1625815479
65261,0711274305 65150,0826513484 60864,8495492049 64568,6442429717
65261,0711274305 65165,6627258822 60747,8384046703 64553,3007877413
65261,0711274305 65098,630157713 60940,7743884059 64532,9289319369
65261,0711274305 65181,6798731039 59792,7719903092 64552,2962828219
65261,0711274305 65204,1635102548 61381,6895193116 64550,056395573
65261,0711274305 65173,8566906637 59674,8595435317 64538,0156127315
65261,0711274305 65058,4955748739 59678,4419065683 64528,8924318147
65261,0711274305 64991,1595699263 60900,4695676246 64513,1134046003
65261,0711274305 64990,2119720471 60744,5772230374 64523,4553522347
65261,0711274305 65090,2648393944 60745,7888077174 64554,8717902043
65261,0711274305 65084,0585002017 60539,8567275511 64555,9749507616
65261,0711274305 65017,7542361576 60861,5367149066 64546,9173820333
65261,0711274305 64865,6348051575 60336,1370751689 64525,608705474
65261,0711274305 64849,9756043047 60700,8307887897 64512,1408526737
65261,0711274305 64863,8071091227 60816,826813766 64506,7895036052
65261,0711274305 64762,0822794086 59715,2334129912 64507,1729398592
65261,0711274305 64826,2077029274 59805,6985145964 64524,6208773262
65261,0711274305 64756,5788480426 60150,3639115213 64544,8668317608
65261,0711274305 64769,4782076765 61306,8216559471 64579,1684917777
65261,0711274305 64786,1038325069 60315,7669115561 64621,9489520149
65261,0711274305 64878,9399378938 59874,912951953 64613,9478691037
65261,0711274305 65011,2707399518 60283,4860641638 64617,215288923
65261,0711274305 64886,4941065739 60106,528767586 64583,6369726126
65261,0711274305 64861,1220006397 59741,6707873025 64556,0174571777
65261,0711274305 64899,8833708872 60976,9740243378 64567,8859474016
65261,0711274305 64887,0431873348 60480,5938928804 64577,7689742659
65261,0711274305 64783,733601046 61144,7239738396 64570,2830465462
65261,0711274305 64793,8759345973 60731,7877737464 64526,3917548381
65261,0711274305 64846,9177056043 60359,4437308441 64532,0339568179
65261,0711274305 64869,3679055828 61089,0148634713 64509,7905077509
65261,0711274305 64757,1758435991 60389,3080273019 64473,2500155222
65261,0711274305 64731,8323539246 59556,917585683 64469,1229726228
65261,0711274305 64685,5209587948 61705,1001879356 64461,5682264475
65261,0711274305 64794,4621224302 60369,0929971116 64479,1938560757
65261,0711274305 64812,940629158 60718,8774932207 64489,3119958494
65261,0711274305 64814,8359042612 60736,506917702 64505,1845486001
65261,0711274305 64860,7028632596 60988,5961580869 64491,5279175901
65261,0711274305 64797,6923868515 61320,3954144535 64507,9566367632
65261,0711274305 64891,127982033 60486,0330186354 64528,1703409865
65261,0711274305 64947,3268480504 60696,4979120351 64563,4334219403
65261,0711274305 64930,9466854906 60567,45409473 64584,5473026249
65261,0711274305 64943,2989513652 60374,4680421479 64597,1427360015
65261,0711274305 64944,450981919 59251,1842773951 64605,1059932739
65261,0711274305 65036,4615406969 60527,5927504157 64619,5584667739
65261,0711274305 65055,9684928454 60384,3593608545 64680,7731415716
65261,0711274305 65107,191674833 59946,8747589635 64681,481246493
65261,0711274305 65063,7421473854 60643,803901164 64641,0663461941
65261,0711274305 65109,6920588014 60640,7266606199 64638,8011180952
65261,0711274305 65110,1181304714 60936,6997009162 64648,8890627131
65261,0711274305 64987,595813347 60810,4946513799 64622,5058368833
65261,0711274305 65031,0453407945 60844,5819436427 64596,8559336547
65261,0711274305 65004,3405784551 60222,7413860481 64570,7220190417
65261,0711274305 64971,0126135368 60688,3695653031 64619,4366815822
65261,0711274305 64982,0647642354 60203,0372256761 64638,3238738205
65261,0711274305 64994,1427624613 61101,233139563 64634,178957423
65261,0711274305 65075,0577336226 59948,857158857 64637,5619653745
65261,0711274305 65005,3010629524 60440,5908962023 64634,4591334585
65261,0711274305 64970,6022070557 60869,0992386593 64620,3183658919
65261,0711274305 64980,9521928661 61395,7538027116 64627,7896579264
65261,0711274305 64901,6680911958 61135,2749038833 64600,6486904494
65261,0711274305 64900,2732313683 60930,144477356 64635,7312453227
65261,0711274305 64905,5483717555 59469,4106633225 64611,9877950575
65261,0711274305 64905,8449127454 59433,9479142113 64625,1163086797
65261,0711274305 64944,0597855854 61188,4926890156 64625,0173003241
65261,0711274305 64949,1133361016 60752,0922112402 64623,2357305443
65261,0711274305 64914,8895421366 59397,3108717781 64592,9995547223
65261,0711274305 64902,7914346828 61074,9064339865 64555,1359987986
65261,0711274305 64883,0457615206 60977,1250928085 64551,1863503891
65261,0711274305 64808,0318328489 59312,776582195 64534,189563976
65261,0711274305 64909,351471725 58963,4510255171 64536,4375231478
65261,0711274305 64951,0793522357 60915,1527162079 64553,5432459841
65261,0711274305 65043,1633562064 60888,7750206277 64566,6754862137
65261,0711274305 64902,3832854202 59417,9280207676 64557,388608783
65261,0711274305 64894,8305049421 60908,6155988839 64550,2231332426
65261,0711274305 64913,9216919137 61105,150593901 64552,9823345102
65261,0711274305 64901,6674469111 60333,1916664855 64516,041529747
65261,0711274305 64927,8357901166 60626,3440332844 64499,862850596
65261,0711274305 64846,1878881023 60149,4696174005 64453,6509359018
65261,0711274305 64829,3761283183 60588,7631709264 64452,7823120782
65261,0711274305 64830,4912282996 60629,9246730223 64475,9853359954
65261,0711274305 64814,9516946915 59025,6870815988 64490,8621804594
65261,0711274305 64772,9740456905 60911,7284047697 64496,6728747197
65261,0711274305 64789,2207523661 60354,2127605291 64497,7963876605
65261,0711274305 64786,0327586887 59937,4047263783 64490,1536807947
65261,0711274305 64806,7993269506 60758,9801092076 64480,8372799183
65261,0711274305 64941,6908518758 59370,8364838347 64492,88685325
65261,0711274305 64929,5767004671 60471,5889357764 64515,2262929157
65261,0711274305 64964,5480964546 61050,1337551736 64523,8892741382
65261,0711274305 65121,0404500809 60844,8242219672 64567,0699938853
65261,0711274305 65119,9479309048 60723,6595647401 64539,2538851217
65261,0711274305 65111,2424790437 59914,9890119355 64505,1519742562
65261,0711274305 65045,2678916625 59724,2428080903 64526,2210052728
65261,0711274305 65084,4021745869 60587,4100077393 64563,4848749704
65261,0711274305 65093,5235498895 60650,3474002999 64572,4917394655
65261,0711274305 65145,755472215 61330,0217961795 64595,7751301356
65261,0711274305 65046,902961059 59668,8052454711 64603,1944992944
65261,0711274305 65081,8900977505 59564,3132365865 64604,9159035419
65261,0711274305 65016,0040568584 59994,9434243959 64577,291685002
65261,0711274305 65033,9002319941 60821,8522902229 64581,3979718779
65261,0711274305 65082,6838538779 59325,6518803909 64601,1246601696
65261,0711274305 65069,7093664566 60452,3797324921 64595,4058015417
65261,0711274305 65064,1955291574 60790,2365310927 64591,1635651087
65261,0711274305 65020,4215440478 60979,1574014868 64614,4091250358
65261,0711274305 64979,7314771829 60701,2911264981 64605,0211148282
65261,0711274305 64990,0331920878 60880,3580159051 64595,3228842559
65261,0711274305 64975,5276052334 60867,9849397365 64609,6600290825
65261,0711274305 64970,686868907 59334,3681696213 64611,0704170981
65261,0711274305 64956,0804620017 60889,1926977994 64581,9997944164
65261,0711274305 65078,6027791262 60892,3927803257 64585,5197192054
65261,0711274305 64987,0776436813 60009,0439667129 64552,2491988744
65261,0711274305 65027,6366717234 60839,1196403417 64560,4339738865
65261,0711274305 64999,0905684226 60768,4561231913 64568,5432538192
65261,0711274305 64978,0139663432 60229,7885761834 64558,0828882518
65261,0711274305 65013,7673046762 60916,7762778317 64520,6605498249
65261,0711274305 65014,8196684367 60696,685135426 64545,6738979767
65261,0711274305 64900,5059276769 60515,4436067738 64552,842914371
65261,0711274305 64945,4305109049 60996,2462756408 64549,2288803949
65261,0711274305 64924,5552460399 60653,3762344847 64549,1401873356
65261,0711274305 64819,9074933868 60788,2732640002 64545,2019613493
65261,0711274305 64919,97282393 59938,0723917904 64560,9224940091
65261,0711274305 64977,1253211949 60766,9185797794 64586,0843076296
65261,0711274305 65052,8189512687 60279,7621278681 64596,7017070651
65261,0711274305 64953,4160715072 60993,0802279844 64590,783263162
65261,0711274305 64977,2280218326 61050,6735691668 64604,5624288666
65261,0711274305 64975,7870248302 61199,1278053305 64584,2572015184
65261,0711274305 64942,3204492237 60690,2598611457 64577,5686180565
65261,0711274305 64905,8088598436 60737,0578024181 64578,5174389846
65261,0711274305 64933,0312013409 61435,7138646407 64593,3892093657
65261,0711274305 65049,4507186218 60134,6805931956 64629,0702074062
65261,0711274305 64971,3741095748 59830,4573119139 64652,9113363486
65261,0711274305 65102,3677300833 60816,7535271578 64665,7460451617
65261,0711274305 65142,5105502054 60004,9598174917 64665,4071720497
65261,0711274305 65115,2511084499 60905,0033434705 64650,3513246945
65261,0711274305 65089,2856869715 60133,9578955998 64637,5024169626
65261,0711274305 65009,3924398867 60147,8648577966 64624,4045130507
65261,0711274305 65040,5717457287 59964,4016915726 64658,4565142459
65261,0711274305 65042,0579169441 61156,853877299 64658,1734546837
65261,0711274305 65000,6177770709 60101,1464324988 64658,8687047497
65261,0711274305 65026,5831985492 60651,0335487842 64672,1966234815
65261,0711274305 64926,638546234 60882,1205283307 64627,6982308522
65261,0711274305 65073,4377197448 60771,6940525079 64643,6489804558
65261,0711274305 65032,0443893071 61398,6400031095 64643,5934957133
65261,0711274305 65066,8314528319 60826,7395649936 64647,0429209901
65261,0711274305 65003,7950314748 60018,3568982787 64654,8772346382
65261,0711274305 64992,9439570144 60819,8798696515 64658,8010374169
65261,0711274305 65019,8981836877 60273,0005765957 64657,4349654057
65261,0711274305 65118,5558921165 59960,2620021788 64681,9412524118
65261,0711274305 65147,819003178 60810,6934395446 64668,6746287612
65261,0711274305 65140,6265234464 61094,4530185289 64660,3887609447
65261,0711274305 65182,8367697098 60325,4943549914 64666,2454285816
65261,0711274305 65164,5035807187 60772,3110895694 64649,6486560127
65261,0711274305 65159,824882757 60243,9644564063 64657,8003782311
65261,0711274305 65163,8495517573 61639,8578449596 64677,1848086683
65261,0711274305 65157,6679677376 60908,5263431386 64647,9254742839
65261,0711274305 65172,2626316174 60519,4682297541 64674,8813742597
65261,0711274305 65245,5784838656 61035,5782373479 64659,1576693222
65261,0711274305 65192,9415710893 60558,4937429808 64640,7303721924
65261,0711274305 65202,39577361 60907,8533038825 64648,6184213066
65261,0711274305 65225,1984745379 60886,3508986393 64649,2945063535
65261,0711274305 65208,4738348674 59684,5902431301 64669,6884828171
65261,0711274305 65208,4738348674 59775,0802421904 64675,5535003362
65261,0711274305 65243,14938501 60733,167692661 64707,9463364583
65261,0711274305 65190,1545809295 60330,9348656369 64696,1434237576
65261,0711274305 65080,1352564211 60924,4319592985 64665,6204533256
65261,0711274305 65056,8930926201 60964,7163295356 64655,1544506553
65261,0711274305 65185,2158662079 60230,9693615173 64663,4278026732
65261,0711274305 65164,8935186875 59771,5881489925 64675,0765268502
65261,0711274305 65179,7166938586 60514,7418233802 64714,8506434907
65261,0711274305 65163,6868903651 60566,5896142872 64679,622300248
65261,0711274305 65162,7392924859 61401,9327547848 64681,919823998
65261,0711274305 65151,7508253133 60926,3977069377 64661,4557184457
65261,0711274305 65017,6629339092 60979,5474108914 64659,3507910792
65261,0711274305 64947,8196545166 60169,2265222502 64681,0707601514
65261,0711274305 65025,5585492784 61292,167863488 64721,8017390431
65261,0711274305 65034,7424069628 60963,4619927732 64709,8838617958
65261,0711274305 64991,6474251924 60497,9224049867 64703,7417331208
65261,0711274305 65054,9957163911 61236,9814114676 64678,8166559726
65261,0711274305 65113,8693608654 60830,9841541492 64709,2502637779
65261,0711274305 65092,5992016935 60461,6021500525 64682,4031027652
65261,0711274305 65098,6320623679 60777,7149262491 64674,695703675
65261,0711274305 65030,4283387345 59856,1571109015 64631,8417846412
65261,0711274305 65029,4807408553 60970,768738566 64657,6191782141
65261,0711274305 65063,7887680677 59491,5695609128 64667,3887103706
65261,0711274305 65023,0928138641 59909,789289673 64672,6570181669
65261,0711274305 65037,7472365683 60499,6765375525 64690,6821568571
65261,0711274305 64994,600251821 61283,6659006321 64687,414187437
65261,0711274305 64911,1799573755 60489,5113419653 64653,953167674
65261,0711274305 64878,6739414724 61339,8024776386 64650,8909285558
65261,0711274305 64921,356888304 61329,1042023091 64646,7460231221
65261,0711274305 64859,7967111822 60135,1746722184 64610,0045176806
65261,0711274305 64892,8686236869 60603,6926962099 64634,215397249
65261,0711274305 64915,3000511905 60602,0536163849 64622,4979482981
65261,0711274305 64886,8910251043 60106,4636938167 64589,4578366316
65261,0711274305 64911,5797987168 60390,0893338912 64582,0338557822
65261,0711274305 64915,5126105077 59716,517529323 64582,0834395055
65261,0711274305 65020,0903572372 60555,2611248007 64640,4821925207
65261,0711274305 65130,4509775327 60162,2861595421 64679,1405907121
65261,0711274305 65047,4050795673 61145,9325968414 64678,4092538448
65261,0711274305 65187,0302723802 60879,3053161871 64695,8294977594
65261,0711274305 65139,8338283496 60237,4854063171 64690,8953742782
65261,0711274305 65163,0882618931 59590,9266229702 64688,4337116737
65261,0711274305 65091,757684416 60211,2121058708 64709,4933389233
65261,0711274305 65089,4381988381 60807,3685607985 64702,8216530726
65261,0711274305 65066,0268729398 60096,9870323257 64717,953255563
65261,0711274305 65082,5917169881 60035,98696682 64711,3090915472
65261,0711274305 65070,6657408355 61114,7348410934 64707,631748988
65261,0711274305 65102,2734055153 61431,5797096945 64679,8293503058
65261,0711274305 64959,9437581789 59691,5677792045 64679,5461738364
65261,0711274305 65047,3120851665 60245,0448432357 64749,8753785804
65261,0711274305 65043,2274076335 60790,2455254361 64745,7430792453
65261,0711274305 64992,1252234281 60752,9871567301 64740,7146091073
65261,0711274305 65071,4262388104 60327,7357085158 64734,4622927127
65261,0711274305 65177,8137718537 60305,7217975379 64705,6688730716
65261,0711274305 65209,6947649071 60740,9804494145 64730,4470764951
65261,0711274305 65167,222688208 60387,8498458997 64747,5123166707
65261,0711274305 65158,5763259162 61292,0571584818 64717,6549133309
65261,0711274305 65163,6974538602 60226,5553038239 64720,8497065527
65261,0711274305 65252,3031418318 60195,9872258479 64721,1010446578
65261,0711274305 65105,1941965542 61723,954098742 64670,733701303
65261,0711274305 65004,0828257491 60467,1344264884 64627,4095888732
65261,0711274305 65023,9677572467 60606,315873633 64604,3577559064
65261,0711274305 65053,5192806848 60066,6021984387 64570,3879242779
65261,0711274305 65075,8870427069 60149,1988975787 64566,3350029177
65261,0711274305 65069,6944755792 59875,6784010786 64611,1231460981
65261,0711274305 65192,9654747966 60536,7967358439 64633,8595849469
65273,2789026815 65273,2789026815 60031,9178725346 64661,6073885548
65273,2789026815 65258,1657258379 59926,2840259684 64678,8431367187
65362,2102695579 65362,2102695579 60871,5176762647 64645,1299809369
65362,2102695579 65306,0548551128 60866,8888999981 64653,4449674939
65362,2102695579 65312,0371844961 59745,1112232129 64658,5282984727
65362,2102695579 65261,4091845033 60351,0238204614 64655,0021901331
65362,2102695579 65330,1584621952 60417,8847310486 64694,1471652877
65362,2102695579 65330,1584621952 59938,255488292 64687,8735852771
65362,2102695579 65248,3435245771 60779,143547957 64679,3590240374
65362,2102695579 65273,6219462345 60508,061628282 64689,8515095165
65362,2102695579 65286,2842283039 60119,6871068846 64705,5405590231
65362,2102695579 65181,0057884512 61181,6691966068 64644,8968221958
65365,1765233911 65365,1765233911 60571,8507727597 64683,2865378424
65365,1765233911 65351,6318964115 61007,5331506634 64667,202405567
65365,1765233911 65319,2447549944 60664,6339985096 64656,0368963561
65365,1765233911 65313,1194987073 60812,9927059818 64686,7151177691
65365,1765233911 65233,8296364401 60924,5501622938 64695,4269748206
65365,1765233911 65254,5164474909 61174,2644144957 64674,5368056465
65365,1765233911 65231,8007675714 60550,6312510477 64669,9175931156
65365,1765233911 65170,6628342883 60704,6261087699 64695,7829068776
65365,1765233911 65169,7152364091 60381,683244595 64690,3501372753
65365,1765233911 65184,3216918663 60883,1567405106 64664,6044642303
65365,1765233911 65216,5960789949 60637,1812317053 64632,8377769742
65365,1765233911 65137,3031513338 60275,6771852015 64592,1959034771
65365,1765233911 65121,5549052498 59831,3449535105 64578,9406216038
65365,1765233911 65245,9045806649 59176,6756541304 64586,7857975973
65365,1765233911 65344,3376855842 60729,9332976267 64596,0344003457
65365,1765233911 65296,9752668697 60240,3714327498 64578,5835545014
65365,1765233911 65324,8859720368 60607,5750354308 64556,3465416441
65365,1765233911 65318,3381399276 60401,3046079512 64593,9709064606
65365,1765233911 65243,1474431732 60783,7285657094 64626,0414228365
65365,1765233911 65143,3190156911 60425,0410054143 64606,1831472837
65365,1765233911 65147,156160675 61043,6396385206 64615,1019925627
65365,1765233911 65152,2374892777 60340,9012521353 64612,770742777
65365,1765233911 65140,334370457 60347,7045884093 64609,5233659779
65365,1765233911 65269,5606616879 60527,8387299806 64626,7180985546
65365,1765233911 65219,5403927128 60881,0493225067 64626,3668705762
65365,1765233911 65221,6996033539 60187,6942912351 64638,5236335259
65365,1765233911 65298,193117888 60028,2577800093 64630,510369025
65375,7886121021 65375,7886121021 61264,3745035445 64669,9509815398
65393,5127840093 65393,5127840093 60392,7171882381 64683,9687313909
65393,5127840093 65195,9809798763 60394,709549205 64652,1033326331
65393,5127840093 65131,8868800239 60512,361317239 64634,4653191017
65393,5127840093 65071,5807213621 59720,1212288529 64621,9760320219
65393,5127840093 65121,8611015924 60348,512099672 64604,2146266553
65393,5127840093 65255,0199709773 60106,0729198209 64682,6871197575
65393,5127840093 65255,0199709773 60879,8793624346 64633,1573887496
65393,5127840093 65179,36637296 60461,3348015543 64633,6343297306
65393,5127840093 65091,5555236205 60834,0081669567 64585,0966765597
65393,5127840093 65097,1439222033 60139,9745723214 64593,0523010647
65393,5127840093 64878,1824797138 59876,1672101765 64592,0311577328
65393,5127840093 64936,5586101155 59865,5680220732 64595,9443181733
65393,5127840093 64968,2153761609 59907,3900906399 64583,0622785411
65393,5127840093 64910,1255099182 60827,9429341735 64561,4650697503
65393,5127840093 65007,3297770456 60535,0061753553 64557,0838280313
65393,5127840093 64894,7638508454 60868,4632682395 64544,5378328588
65393,5127840093 64928,9208129801 60559,7464285224 64551,2067864665
65393,5127840093 64817,6550055592 60937,4532971639 64550,3317462468
65393,5127840093 64889,5943752188 60346,7472316945 64586,0283357826
65393,5127840093 64887,4515221514 59970,090822115 64606,9526704931
65393,5127840093 64834,8994373082 61086,719853791 64581,7548378558
65393,5127840093 64836,132261338 60678,7378674713 64564,7978078528
65393,5127840093 64958,4960461972 60655,6680461119 64569,31771887
65393,5127840093 64981,7082451864 61183,6292786948 64535,6367029773
65393,5127840093 64887,7563124806 60585,4467714972 64525,8922031175
65393,5127840093 64843,1535724723 61410,80669946 64505,7706265281
65393,5127840093 64937,1055051781 60906,7844717898 64522,9846107049
65393,5127840093 64914,0920892763 59918,8749960702 64529,5653417252
65393,5127840093 65046,3060087496 59669,3375953 64548,8373522518
65393,5127840093 65129,351906715 60778,5783210671 64558,8496647024
65393,5127840093 65051,6272916537 60629,4453891931 64560,0366651246
65393,5127840093 65138,648259883 60507,0386874279 64589,2069384105
65393,5127840093 65184,7772875796 59845,6166999248 64600,195238408
65393,5127840093 65263,4239933433 60143,9442005019 64609,8317503237
65393,5127840093 65243,2656725354 60499,7621680043 64572,2633113197
65393,5127840093 65243,2656725354 61296,6687581758 64577,1199114353
65393,5127840093 65234,9794043416 60565,5426380119 64585,604357298
65393,5127840093 65215,2387932137 60330,2354789817 64570,6716887652
65393,5127840093 65224,6780212518 60711,4457822614 64569,953482095
65393,5127840093 65122,3993833219 61168,0132079013 64555,5458473746
65393,5127840093 65144,2245075396 60829,8522378076 64539,3102942278
65393,5127840093 65144,2245075396 60110,344578299 64545,1720361923
65393,5127840093 65120,7539519239 60077,3588000191 64495,4438873205
65393,5127840093 65120,7539519239 60183,4975085051 64508,27598216
65393,5127840093 65227,5725366662 60736,6770403678 64534,488006806
65393,5127840093 65089,4185460001 59829,5942118335 64528,4724257031
65393,5127840093 65079,7548079772 61137,305376682 64538,5570391082
65393,5127840093 65161,8478923909 60760,1374850823 64543,8680345263
65393,5127840093 65124,1354001689 60306,4167513775 64505,9222683682
65393,5127840093 65139,1581838083 61441,3923097172 64491,113749246
65393,5127840093 65190,7197583778 60102,0986521215 64454,3680336732
65393,5127840093 65221,0122047242 60226,7317995842 64469,7113164987
65393,5127840093 65239,3180600265 60855,2633086719 64470,401009743
65393,5127840093 65233,3230069173 60051,4992176057 64494,830297
65393,5127840093 65231,3787186543 60183,3766169735 64481,6932977576
65393,5127840093 65214,0864203459 60682,8848343393 64473,5427609867
65393,5127840093 65290,4184977973 60516,107540502 64489,3842345835
65393,5127840093 65272,3798438881 59592,3312755063 64491,5694185095
65393,5127840093 65209,9461950592 61011,5143008926 64497,7682694828
65393,5127840093 65210,8937929384 60520,9998435865 64470,1159077422
65393,5127840093 65194,0656441467 60561,638061654 64454,2468616031
65393,5127840093 65170,7200373822 60510,0416863454 64475,9130094749
65393,5127840093 65233,1536862111 59994,8515536903 64455,3032276159
65393,5127840093 65272,8032224166 60029,6231410897 64478,1056971054
65393,5127840093 65240,6745713758 59722,0779364751 64503,0430507834
65393,5127840093 65258,713225285 60750,9202581902 64514,8726033179
65393,5127840093 65194,9603755151 60516,8821626486 64537,9677377459
65393,5127840093 65099,9831674072 60717,685814346 64548,5077185102
65393,5127840093 65167,0588249839 60528,7690537038 64619,8247905694
65393,5127840093 65254,9361642783 59920,8652792906 64666,7351633041
65393,5127840093 65210,3382401278 60874,4571443412 64658,2038009736
65393,5127840093 65249,8863542369 60796,2100406555 64664,9646241066
65393,5127840093 65242,3086463145 60744,9284939259 64686,6017047769
65393,5127840093 65345,0653807667 61450,1603568928 64662,9834724631
65393,5127840093 65313,73721336 60691,1045501359 64617,6937278624
65393,5127840093 65315,8072052334 60900,3791939245 64619,85089124
65393,5127840093 65381,4653699666 60624,4488157779 64651,8537020751
65393,5127840093 65314,143776759 60884,7219532369 64643,4189730908
65393,5127840093 65293,2750549927 59834,1092710138 64622,5711729158
65393,5127840093 65283,2179692646 60957,0914072959 64604,7972530267
65393,5127840093 65288,8681791284 60609,4796227076 64576,996984494
65393,5127840093 65246,3844997662 59380,0459887973 64538,1794279132
65393,5127840093 65261,2163628412 61464,4078973353 64502,4304122046
65393,5127840093 65198,7827140122 60352,6594976191 64501,3807367107
65393,5127840093 65243,8210633738 60047,4541471068 64510,1209501796
65393,5127840093 65286,5423788687 60736,1064442472 64497,0112221585
65393,5127840093 65286,5423788687 59331,3614249448 64513,8727679535
65393,5127840093 65266,1297668791 60944,8633143941 64544,4705578732
65393,5127840093 65245,7581833921 60346,4694219055 64581,2624449336
65393,5127840093 65248,4642217713 60225,8825660576 64597,1696768528
65393,5127840093 65104,169722966 61005,0691302603 64573,103643555
65393,5127840093 65166,603371795 60526,1570467071 64569,5958311882
65393,5127840093 65165,6557739158 60979,9031256753 64593,372538875
65393,5127840093 65177,2637241164 61054,1279662523 64591,1961533661
65393,5127840093 65221,8585370219 60889,9279819544 64577,4960627061
65393,5127840093 65347,8938371888 60863,3225615273 64559,9623653546
65393,5127840093 65388,3810580093 60951,2524649753 64554,3195220356
65411,8013421124 65411,8013421124 60047,8685579756 64574,4303711161
65411,8013421124 65368,8829005882 59626,0538795327 64590,9490433299
65411,8013421124 65214,5228831283 59917,0778954801 64576,4307677691
65411,8013421124 65115,8240287813 60575,2293460643 64559,2696184531
65411,8013421124 65144,9822494153 61084,3471396887 64576,0334671934
65411,8013421124 65187,3501839092 59803,7004426738 64601,2523164821
65411,8013421124 65206,7039004291 60363,6643103575 64652,0814174094
65411,8013421124 65252,1014151739 60754,2624048409 64628,9063463734
65411,8013421124 65129,2075250851 61192,0200242581 64643,7523303144
65411,8013421124 65028,2939046051 61069,4553044793 64669,7603724221
65411,8013421124 64949,0959614351 61219,5953164647 64645,5229346185
65411,8013421124 64964,5967446327 61708,8974443383 64674,4292918918
65411,8013421124 64980,6844363974 60986,9847177707 64720,6892300515
65411,8013421124 64931,815213928 60681,1386732689 64687,5880735741
65411,8013421124 64921,6819418269 59876,6713369382 64676,625134264
65411,8013421124 64991,9854528311 60258,7124982284 64660,5066914941
65411,8013421124 65022,6866724269 60734,4471131904 64637,4703375603
65411,8013421124 64945,3482284932 60276,3022465687 64614,0832529402
65411,8013421124 64867,1091351824 60843,994710954 64589,0935919935
65411,8013421124 64932,5090789165 60048,4082570293 64599,0977463867
65411,8013421124 64975,6948331156 59942,0835606299 64614,9842978639
65411,8013421124 64917,7642939758 60662,7222840068 64568,6974415155
65411,8013421124 64978,6192326905 60773,1286390276 64561,6996010749
65411,8013421124 65002,1054347177 61395,8618317744 64549,951603434
65411,8013421124 64994,3333861539 61197,9239896233 64531,1917158685
65411,8013421124 64994,9008037223 60174,401584474 64530,575970016
65411,8013421124 64870,0530226004 59218,3316277451 64527,8611491605
65411,8013421124 64963,8945185218 60720,916356217 64522,2752443168
65411,8013421124 64936,66212652 60440,293404237 64550,5330104865
65411,8013421124 64961,4779066315 60678,8875535997 64597,3823422491
65411,8013421124 64890,7272537484 60926,7692394267 64587,472731031
65411,8013421124 65024,6670992745 60585,5734622814 64612,6463636577
65411,8013421124 64964,1476302172 60500,953532685 64582,55655175
65411,8013421124 64998,4248339839 61059,925411111 64580,7538012402
65411,8013421124 65015,007769128 60110,1321417532 64595,5881920652
65411,8013421124 64988,9996780598 60606,0416013451 64617,7186974219
65411,8013421124 64974,8722284229 60518,7883365743 64628,6057912565
65411,8013421124 65025,6675260302 61031,2034550095 64662,9482559436
65411,8013421124 65040,2068687227 60704,1447674693 64669,8906129001
65411,8013421124 65017,2739843368 59921,9636012828 64665,4276428822
65411,8013421124 64971,8959090363 60877,0891111487 64610,9440904691
65411,8013421124 64824,7869637588 61003,4920512962 64595,7884324273
65411,8013421124 64845,165280392 60737,1938667763 64625,1475160749
65411,8013421124 64905,6098586568 61086,358715238 64648,3999987419
65411,8013421124 64893,8866875329 59938,8832560578 64669,3346019214
65411,8013421124 64913,8163095076 61040,4415387274 64641,4307911078
65411,8013421124 64865,5555275537 59869,3920972199 64622,2220556376
65411,8013421124 64823,8491473393 60033,8106922017 64603,5280841959
65411,8013421124 64925,9830727459 60922,8573657424 64625,7459812071
65411,8013421124 65010,6225759094 60907,8971380636 64622,1200107713
65411,8013421124 64998,0228482836 61300,7752356604 64620,0050741321
65411,8013421124 65059,4362942883 60656,0685708631 64577,2662605899
65411,8013421124 65012,0218745158 59902,9300760498 64553,8078477248
65411,8013421124 65035,7033635127 60919,9422258234 64587,9785940179
65411,8013421124 64937,353332964 60285,340420655 64602,9800042969
65411,8013421124 64973,4663208769 59862,3962688483 64613,2296773103
65411,8013421124 65032,6360907834 60301,7253496341 64631,2771083303
65411,8013421124 64934,734532324 61011,9574454884 64595,3448586146
65411,8013421124 64956,3900979176 59787,4980651995 64627,2738155585
65411,8013421124 64942,3446669888 60729,2228307214 64623,918294254
65411,8013421124 64964,7905118437 60475,7579580065 64641,6770917238
65411,8013421124 64990,4247466362 60731,7816995093 64675,7960077381
65411,8013421124 65003,9450729421 61024,6971387143 64691,2649795253
65411,8013421124 65074,8612865805 59780,3581187494 64687,0950104596
65411,8013421124 65108,6271308358 60985,3594504187 64699,2289121548
65411,8013421124 65142,9627816287 60924,7437418447 64696,9994525007
65411,8013421124 65295,422529474 60865,2349821422 64711,803810924
65411,8013421124 65276,1115936206 61039,8607612686 64707,4968288349
65411,8013421124 65305,401959692 61013,2363156284 64710,500209835
65411,8013421124 65236,0211124378 59760,1977845594 64734,636980722
65411,8013421124 65181,3030263712 60597,89629293 64695,7488675816
65411,8013421124 65175,2397467567 60577,9154747338 64701,2630864535
65411,8013421124 65047,5441358537 60871,1192503844 64665,7618228904
65411,8013421124 64989,0733244326 60317,9031769987 64664,4148082494
65411,8013421124 64992,8977197467 60625,5537090762 64689,2252125786
65411,8013421124 65065,2847558406 59800,4227453877 64716,7401703994
65411,8013421124 64986,573527 61032,689580529 64701,0392872715
65411,8013421124 65075,6791411884 61739,2942151848 64700,0744406469
65411,8013421124 65352,6131507386 59769,946719218 64759,0869290987
65411,8013421124 65324,3608118805 60541,6406775622 64740,1024154571
65411,8013421124 65402,6681682964 59581,4900442294 64763,4894419573
65423,1488342076 65423,1488342076 60812,1177826995 64787,917065374
65423,1488342076 65404,8506766859 60393,461943997 64797,9018575453
65423,1488342076 65296,4211103654 60375,8870617988 64772,8301424753
65423,1488342076 65247,4263052312 60325,0370966886 64765,9550782472
65423,1488342076 65163,1897702752 61023,8901708214 64739,6067307363
65423,1488342076 65133,6840149592 61578,3552082638 64722,6006089776
65423,1488342076 65064,0675026847 60743,6823029519 64678,1977302423
65423,1488342076 65054,5547670399 61268,9914756731 64707,166170037
65423,1488342076 65137,9352765647 59748,5460204702 64714,7907333583
65423,1488342076 65132,4397612076 61109,8476168638 64742,5685073997
65423,1488342076 65182,1899512055 60998,3499072137 64713,6729230345
65423,1488342076 65072,8734311131 60650,0602933587 64691,3898076549
65423,1488342076 65073,9702951094 60311,0885711366 64657,0906417915
65423,1488342076 64943,6824356202 60742,0938331134 64636,60113995
65423,1488342076 64945,2078120711 61068,4030932248 64605,4288741284
65423,1488342076 64966,4619919334 61226,1397222669 64607,4791655378
65423,1488342076 64866,5693805106 61053,1195936089 64580,491647303
65423,1488342076 64869,1025584668 60647,8660359191 64563,8474463734
65423,1488342076 64853,5500241009 60501,0510378475 64586,098459098
65423,1488342076 64858,4594788092 59719,8964612963 64576,0114541392
65423,1488342076 64970,8551218136 60644,0485819365 64602,1723505847
65423,1488342076 64971,4361800561 60822,0985351182 64554,7507912466
65423,1488342076 64947,854768828 60958,6954631279 64560,2085329571
65423,1488342076 65053,7953840443 60580,3503909682 64563,2674262546
65423,1488342076 64976,4454798105 60688,2688642364 64572,3927239804
65423,1488342076 64935,1406083373 61217,3303048135 64593,5286294308
65423,1488342076 64794,1986733591 60969,5435693542 64577,1383200156
65423,1488342076 64878,3860243179 59713,7762172289 64583,3007579185
65423,1488342076 64822,4998641284 60168,5059207742 64579,7353582661
65423,1488342076 64822,9148484665 61071,0439476704 64563,7582730444
65423,1488342076 64930,5122064989 59871,9223853679 64589,0347192261
65423,1488342076 64833,7192158547 61188,6572791529 64585,8977708051
65423,1488342076 64868,1344687436 61347,2851278723 64580,5567579597
65423,1488342076 64943,415669526 60897,4840713136 64562,2112982952
65423,1488342076 64890,1015281656 60478,4493244313 64553,3012669515
65423,1488342076 64836,9146702185 59873,3810252166 64540,939877288
65423,1488342076 64888,3820931865 60075,2879230821 64578,3430158141
65423,1488342076 64910,8821309679 60066,3608303831 64574,0978219731
65423,1488342076 64909,8519174416 60731,9971324592 64561,9087004455
65423,1488342076 64919,1079639305 59824,0746034426 64558,5852591742
65423,1488342076 64809,4051576456 60004,0752108689 64507,2270535971
65423,1488342076 64950,347937175 60804,8496809713 64507,4343823839
65423,1488342076 65079,2503314226 61127,7189054113 64551,3261961362
65423,1488342076 64954,504919267 61130,3855491363 64506,6667793285
65423,1488342076 64877,141758316 60167,3213538107 64539,8267173383
65423,1488342076 64874,9563808285 60563,9054299413 64529,3093321509
65423,1488342076 64822,5333245204 60011,3166347879 64488,5253008131
65423,1488342076 64837,9719652558 60960,3339212779 64492,7479196404
65423,1488342076 64834,2827398391 61263,5749323057 64523,357152437
65423,1488342076 64867,0879352145 60111,1678886223 64525,0903166961
65423,1488342076 64836,9283664584 60164,6819249157 64512,7086323622
65423,1488342076 64845,0671450919 59830,0349818007 64527,2865694259
65423,1488342076 64846,0147429711 60884,9422753102 64532,4605205447
65423,1488342076 64997,6994431018 59508,658637237 64535,5292827366
65423,1488342076 65034,6912248894 61137,5964580274 64518,8572511042
65423,1488342076 65071,6486099241 61275,4143623055 64516,8733421184
65423,1488342076 65086,9508600375 60142,1659663825 64526,9928642956
65423,1488342076 65090,3318566583 60889,9497360399 64562,831557339
65423,1488342076 65152,7655054873 59659,8207781048 64614,9434963291
65423,1488342076 64996,3595803243 61039,9470059518 64620,1452824924
65423,1488342076 64995,4119824451 60019,3375216024 64624,6074529361
65423,1488342076 64940,1933655073 60223,5621797453 64647,6457385767
65423,1488342076 64949,6810601947 59773,8276724246 64634,4961261981
65423,1488342076 64938,1446335485 60696,823312059 64653,3454774305
65423,1488342076 64938,1446335485 61378,8792782426 64658,3538475967
65423,1488342076 64944,633400403 59753,2079830432 64631,9952191839
65423,1488342076 64948,4558150177 59746,2046991237 64633,13317552
65423,1488342076 64881,9246694664 61213,5259793753 64596,0501108634
65423,1488342076 64829,9159597713 61136,6779965404 64575,7673394702
65423,1488342076 64819,5267267144 59528,4828233491 64598,4988645105
65423,1488342076 64930,8065000664 60846,8194840522 64620,8474690854
65423,1488342076 64900,6866746296 60884,2058742305 64608,8668524963
65423,1488342076 64917,6080387285 60915,7243613761 64605,3982604443
65423,1488342076 64934,7807436552 60915,6718646125 64574,8969867255
65423,1488342076 64872,3470948262 60925,5880531903 64636,5529237507
65423,1488342076 64872,180893704 60883,946190683 64600,6944269696
65423,1488342076 64789,024105589 61114,3073635996 64572,9687041054
65423,1488342076 64800,2861310844 60804,0034027126 64560,2793263926
65423,1488342076 64782,5840955202 60974,4274159883 64606,6449897998
65423,1488342076 64828,7930398191 60879,3268145128 64648,6426629956
65423,1488342076 65051,8004694985 59668,3500424747 64683,3576986018
65423,1488342076 64889,8212299734 60029,6314118247 64685,7980449613
65423,1488342076 64952,4074072421 60830,3074011932 64673,200415085
65423,1488342076 64921,0880519068 60596,3611693535 64648,9577239974
65423,1488342076 64924,4159182983 61206,7848438476 64633,1067873758
65423,1488342076 64976,5623164451 60802,2699643131 64633,4040403263
65423,1488342076 64953,3141160925 60587,005429249 64632,9714608171
65423,1488342076 64974,83792985 59585,6003518706 64635,7320282974
65423,1488342076 64883,6199446518 61155,7196530559 64638,3855035422
65423,1488342076 64878,1634147045 60067,1259494843 64594,7883652664
65423,1488342076 64845,6121658086 60575,3129417617 64623,5718248221
65423,1488342076 64922,216100806 59889,2782671305 64639,9647757403
65423,1488342076 64989,2368547453 60796,7352505202 64616,6016135514
65423,1488342076 64848,4287394058 59885,9326574375 64627,8843173634
65423,1488342076 64934,4473028742 60236,5236827933 64625,166489953
65423,1488342076 65024,0581167588 60658,526552866 64628,6912045479
65423,1488342076 65102,5347806901 61136,625075517 64604,0557117388
65423,1488342076 64943,9703230059 61114,9058075212 64577,5620387597
65423,1488342076 65036,4285253148 61200,1686732907 64591,7032810683
65423,1488342076 65015,6009218822 60971,971624024 64625,1671352091
65423,1488342076 65033,6610094989 60020,3728799439 64587,7281064792
65423,1488342076 65171,815000165 60764,7192988818 64627,901949949
65423,1488342076 65104,5779887669 59709,7098490393 64634,9361510512
65423,1488342076 64918,3256826307 60327,5087489614 64641,087937229
65423,1488342076 65068,4657961261 60105,0588936917 64646,8977838442
65423,1488342076 65130,8994449551 60250,8354422978 64637,8047032612
65423,1488342076 65179,9738722517 61184,147343505 64637,798918034
65423,1488342076 65106,7798362174 60942,984607914 64638,3709918963
65423,1488342076 65046,4522328985 60876,1644016147 64632,1759190311
65423,1488342076 65040,2397343882 60650,4631113676 64640,6148746296
65423,1488342076 65192,2512283209 61349,9167540666 64648,9312186898
65423,1488342076 65221,7907930322 60787,9640329663 64678,2192203536
65423,1488342076 65365,1080817576 59774,4897767276 64683,8295558288
65423,1488342076 65280,9204533255 60467,2353489651 64663,8334195795
65423,1488342076 65270,0641689666 60813,6919052184 64685,4526084653
65423,1488342076 65122,196895303 61504,6976644694 64669,0094411995
65423,1488342076 65121,9460535128 59971,4012414444 64662,6099621543
65423,1488342076 65119,9750407207 61389,3710230936 64632,780458404
65423,1488342076 65256,2808074935 61146,2473838239 64616,0286890926
65423,1488342076 65264,0411619588 59647,1291678615 64624,6226279809
65423,1488342076 65402,2455753048 60657,300015329 64667,9781748261
65507,8449227174 65507,8449227174 61473,7127565081 64665,9413408869
65507,8449227174 65337,626874562 59713,7538636127 64678,0655265841
65507,8449227174 65364,0317906538 59741,6345063869 64671,0204739599
65507,8449227174 65311,3787298599 60016,7660400314 64676,7047489528
65507,8449227174 65279,7900990191 60707,509212886 64661,5211939234
65507,8449227174 65266,5994907786 60252,372251836 64638,1295801162
65507,8449227174 65271,5637141058 60250,3766135207 64624,4956543215
65507,8449227174 65223,3029321519 59752,3042975822 64620,1460854827
65507,8449227174 65134,3503285654 59492,2137302667 64628,7473238554
65507,8449227174 65192,5500392241 60621,2639639592 64600,7388363526
65507,8449227174 65213,4101114631 59862,6260544224 64622,5474624392
65507,8449227174 65172,4433747942 59327,6792358111 64634,3800150841
65507,8449227174 64958,7640366851 60764,4385012963 64594,0604749175
65507,8449227174 64930,126946259 60526,3176257524 64554,3258737009
65507,8449227174 64915,3240596362 60769,0311604806 64594,1876449723
65507,8449227174 64915,3240596362 61105,8858962865 64592,713774776
65507,8449227174 64924,6494448351 60937,7717879416 64605,6867585045
65507,8449227174 65012,6150692702 60569,0866793959 64620,1968622909
65507,8449227174 65023,1024072765 60844,1623590081 64594,2597640078
65507,8449227174 65095,6319354998 61569,9850014816 64637,3995097635
65507,8449227174 65114,8137661321 60853,9055196906 64641,624957246
65507,8449227174 65025,2539029712 60965,3257128979 64664,7303960732
65507,8449227174 65015,5688193591 61101,2203750714 64645,380909204
65507,8449227174 65027,5996407919 60948,5707882813 64648,0762648974
65507,8449227174 65026,1440975364 59639,8436280578 64694,9780780142
65507,8449227174 64945,8839452211 59997,7100544439 64667,7136843661
65507,8449227174 64843,3906064542 61083,5740623289 64632,8525892896
65507,8449227174 64869,5808466172 61115,282720612 64644,1201269329
65507,8449227174 64866,2649426325 60971,1403328804 64634,8998671162
65507,8449227174 64869,9895224751 60429,7429628515 64618,9300900174
65507,8449227174 64923,641333637 60939,7578330943 64619,4833204404
65507,8449227174 64847,2987299983 59610,8310450397 64577,8558912602
65507,8449227174 64857,7485034423 60302,3404299585 64578,437791222
65507,8449227174 64747,2286505295 60487,2747854223 64559,0770079589
65507,8449227174 64822,9494844856 60574,0151756546 64572,2592485195
65507,8449227174 64812,254447486 61031,3400792737 64603,8969369446
65507,8449227174 65035,3488709194 60660,9226059545 64618,2659734635
65507,8449227174 64961,2969508246 60812,6815237645 64606,4580259004
65507,8449227174 64918,5532363217 60436,1394544881 64565,9087526471
65507,8449227174 65082,1654780708 60523,6098679783 64622,6635626638
65507,8449227174 64944,8892728095 60598,4228139251 64593,8736190637
65507,8449227174 64951,9170681546 60751,603010737 64597,8473730397
65507,8449227174 64940,5868015743 60758,7890159529 64611,7931898964
251,743768412398
64940,5868015743 64611,7931898964 64128,4377183139
