14626,7513857497 14626,7513857497 -7613,30729228022 5121,1424951948
19687,7244622902 19687,7244622902 -10941,2794085817 12999,6705064
21619,7042614003 21619,7042614003 -6605,91907168343 16116,7802757192
23941,8152022417 23941,8152022417 -9002,32076221454 18968,3009632076
25787,2880162542 25787,2880162542 -7651,28169104269 21099,785350563
28336,7617175406 28336,7617175406 -5806,82071002989 23333,9541358769
30485,2731568635 30485,2731568635 -1450,17622471185 24962,0002091909
31539,2839336222 31539,2839336222 -200,833842415203 26557,1262930637
32944,2323107671 32944,2323107671 -2399,0627506201 27853,3275967439
34094,6664757636 34094,6664757636 -569,56573168961 29281,5785152969
35005,3259101616 35005,3259101616 2414,30944222747 30539,7155402671
36099,6744208114 36099,6744208114 6698,82738255257 31841,2940795052
37078,0134865493 37078,0134865493 58,3824673355994 33118,5832965707
38134,3047657912 38134,3047657912 8047,01115628873 34186,192786566
39161,5098517017 39161,5098517017 2946,20901481828 35150,2195198011
40339,142298917 40339,142298917 9575,78342206542 36108,5286725682
41697,8765225121 41697,8765225121 13401,8057459241 37061,0306025506
42234,734113957 42234,734113957 6783,87026974862 37726,1477204885
42953,216009621 42953,216009621 14981,880168564 38610,2686539871
43429,5783917176 43429,5783917176 12396,6291872416 39343,6212332103
43990,4320579996 43990,4320579996 19814,8920131837 39849,7881733268
44306,706241022 44306,706241022 10644,5629533709 40470,3549498725
45324,8474690536 45324,8474690536 7731,39268540718 41269,497266704
45385,5823615739 45385,5823615739 6467,51079791301 41749,2997333815
45992,930767915 45992,930767915 20535,1305507713 42294,5084625766
46264,8545613276 46264,8545613276 22684,6225954559 42909,7163498229
46528,0917717135 46528,0917717135 17018,8292054008 43431,4054644763
46687,0057206563 46687,0057206563 13548,6305861102 44026,1725414123
47210,703243281 47210,703243281 20903,069685998 44510,2772921418
48525,2444784243 48525,2444784243 25644,5148111116 45155,9435816458
48676,3054088416 48676,3054088416 27128,8108078324 45613,4788539162
48944,1680821848 48944,1680821848 21257,2170047444 45978,8455061574
49261,4696626457 49261,4696626457 17032,3303985574 46429,0283641074
49407,2710717239 49407,2710717239 17106,6454927206 46774,731992366
49443,2866132438 49443,2866132438 28535,1439628649 47145,6134455876
50066,0549873022 50066,0549873022 26787,4253905851 47408,1447271297
50875,4224000323 50875,4224000323 15599,5037494229 47854,9746255653
51223,5520716704 51223,5520716704 24509,1173885066 48394,8313513472
51566,0706005012 51566,0706005012 18764,5329540183 48718,8513960781
51774,6363212806 51774,6363212806 31734,9605018171 48924,921118454
53416,853407844 53416,853407844 32793,6983898571 49471,8257211918
53551,0394516549 53551,0394516549 24102,3214543903 49607,2939561652
53843,8377114621 53843,8377114621 30407,5009603222 50010,2457975591
54281,7252093757 54281,7252093757 30069,9928284948 50238,8884495058
54326,3655975409 54326,3655975409 27478,8057696014 50364,1441180345
54380,5851281769 54380,5851281769 27586,3066835493 50597,7710085176
54586,7224248348 54586,7224248348 28649,3325257101 50801,101383125
54596,1177126881 54596,1177126881 26133,9145941423 50852,1302428412
54641,8362710601 54641,8362710601 27194,3798583566 51004,4423966495
54650,2175399025 54650,2175399025 36571,4989596864 51123,4901345515
54806,920564649 54806,920564649 33864,4590077321 51323,9731857439
54892,1985141827 54892,1985141827 32560,8329258548 51566,0804859111
55381,2914223783 55381,2914223783 37461,2347201065 51694,3433639226
55540,1683767603 55540,1683767603 30768,0571371606 51828,0071547786
55658,7604845363 55658,7604845363 34859,9002723378 51985,6360137381
55664,441678476 55664,441678476 33099,8228399161 52142,4572253237
55664,441678476 55635,8044615666 35230,3795415693 52338,6868047523
55721,913526175 55721,913526175 33250,4680473982 52412,0651815318
55721,913526175 55544,6078423615 34640,7184911332 52513,2446194866
55721,913526175 55559,5175157409 36298,7315119349 52587,1397234149
55721,913526175 55580,7103283052 32394,0263395853 52789,1310767219
55721,913526175 55613,9431070592 34608,8602006211 52999,7213366577
55721,913526175 55719,302110863 39187,752417425 53065,5854121596
55835,513411994 55835,513411994 33304,6266781074 53265,9690451236
55920,6795825668 55920,6795825668 37091,9207466324 53457,6600067267
55937,1365408453 55937,1365408453 35300,7502980373 53679,7941307648
56131,9990675979 56131,9990675979 37855,5221629271 53677,2272580736
56556,9410085038 56556,9410085038 34245,2797227132 53751,0353884052
56671,0421759269 56671,0421759269 35689,5118870754 53720,8989460332
56671,0421759269 56588,6915642083 35938,0605591351 53742,3064344744
56671,0421759269 56561,1069837176 37579,5284188762 53785,6798942546
56671,0421759269 56602,7247337513 36827,0483014661 53947,3154667281
56766,5932505811 56766,5932505811 34167,8752227294 54011,104530527
56766,5932505811 56699,8704721968 36451,0777254927 54116,1901489649
56766,5932505811 56625,472843884 34396,6719330116 54220,5468112089
56766,5932505811 56449,0545095912 38061,9024002817 54274,0228593592
56766,5932505811 56626,3601934046 36674,4609124215 54351,3547159247
56826,254029666 56826,254029666 32302,2864543436 54385,5188773615
56826,254029666 56722,0297178622 36194,8505705956 54396,7771388189
56917,8311586148 56917,8311586148 35518,8709100942 54450,3329786342
57080,5464373519 57080,5464373519 37343,9240706278 54579,4400599448
57080,5464373519 57036,4073261147 35648,9234447981 54602,146923285
57229,4672772064 57229,4672772064 36837,0885104222 54725,294321688
57324,2791845678 57324,2791845678 34655,4002269459 54756,7995238448
57332,0583791658 57332,0583791658 39223,0365182714 54803,5740882197
57444,3073929979 57444,3073929979 37301,7082244555 54821,2551717084
57444,3073929979 57376,6675344285 31891,5295468448 54817,644203172
57444,3073929979 57169,8027737608 31891,5295468448 54882,8519159674
57444,3073929979 57121,413085049 37283,7516570522 54901,6818310159
57444,3073929979 57030,9573427241 39368,8482773316 54955,6652400825
57444,3073929979 57129,3340086787 39103,1286053383 55076,6283142999
57444,3073929979 57077,9479524523 36912,4621583916 55099,8668149744
57444,3073929979 57241,0345278517 35924,2746437533 55210,1411769584
57444,3073929979 57301,113497077 33366,6711572956 55316,0886143399
57444,3073929979 57301,113497077 39146,5124596078 55339,6332133802
57444,3073929979 56993,993037282 35640,8869918747 55171,3254197133
57444,3073929979 57149,3065579271 35631,3641703265 55181,8680572336
57444,3073929979 57310,5095331984 41822,8228627987 55240,420245653
57444,3073929979 57043,4233115328 38108,3508528819 55261,9066224298
57444,3073929979 57105,8682269353 37226,6606496669 55275,3900237869
57444,3073929979 57201,7134221053 39553,2049327507 55280,2569534612
57444,3073929979 57195,9415876254 39283,5493350744 55284,4134038143
57444,3073929979 57351,9559909612 38428,575022151 55312,6322686864
57530,0265929421 57530,0265929421 36685,7182155735 55306,0464662216
57530,0265929421 57387,3846858848 39088,9900773948 55369,2090078925
57530,0265929421 57259,9124032215 37982,3159950435 55399,6275813786
57530,0265929421 57343,8459919501 39768,5704315824 55439,6735239759
57530,0265929421 57137,1260344788 36406,3332321879 55384,0188958564
57530,0265929421 57115,8629126326 40443,8134752793 55401,2192738089
57530,0265929421 57110,7111199693 37810,4536130919 55507,8565997743
57530,0265929421 57127,5154354502 38699,0663338972 55473,2796308539
57530,0265929421 57441,5078400623 42066,4769949496 55551,9304858162
57530,0265929421 57515,9939721354 41535,9698418528 55657,195050396
57556,8138679295 57556,8138679295 40741,2115589248 55665,2268239668
57556,8138679295 57547,0356907515 39495,474763784 55742,1135499179
57620,7137228761 57620,7137228761 41790,8840956182 55818,0248358189
57728,9040065013 57728,9040065013 38213,5716627719 55861,8960431068
57728,9040065013 57602,466988549 38654,437271188 55846,6433616124
57882,9414940283 57882,9414940283 37493,5161149863 55966,5850804126
58193,8237998969 58193,8237998969 39324,9595789548 55997,7637830772
58322,0120283797 58322,0120283797 41103,2170371582 56085,0545981797
58322,0120283797 58254,778851426 41877,6099219582 56130,5090404633
58322,0120283797 58272,5307720803 40216,8242412436 56075,5832278012
58322,0120283797 58126,4485904384 38274,1490973708 56024,4830362558
58322,0120283797 58126,4485904384 39410,2330665421 56087,0933168612
58322,0120283797 58084,8516288609 39641,0173581353 56137,5439470506
58322,0120283797 58020,4252959415 40955,0327125611 56112,6010992139
58322,0120283797 57798,2961503857 38260,6008900777 56045,6220823827
58322,0120283797 58110,9488093552 36311,6734122715 56031,5386584292
58322,0120283797 58268,7801941682 35841,1010852108 55941,5651301462
58322,0120283797 58268,7801941682 36419,081058783 55900,611819084
58322,0120283797 58266,7958003351 40217,7305410578 55933,5552487902
58322,0120283797 58267,7537131781 38710,7779674421 55933,8313215802
58622,8585779376 58622,8585779376 39737,9871394486 55903,5028626916
58622,8585779376 58611,3579460692 37821,0981973395 55901,1200617491
58622,8585779376 58593,3648190131 37246,0827397051 55932,5293867755
58622,8585779376 58387,4162622112 39836,5211697037 55905,0838707044
58622,8585779376 58387,4162622112 35021,5451666237 55929,567608599
58622,8585779376 58398,9168940797 38036,8626491068 55900,0792347154
58622,8585779376 58416,9100211357 40814,0591892057 55907,0794134019
58622,8585779376 58288,0325939682 35822,5005169572 55851,5925061319
58622,8585779376 58392,7682667203 39674,8581914972 55859,7400533726
58622,8585779376 58517,6207480444 39031,5975497179 55939,3897091876
58654,9234193291 58654,9234193291 41636,4029185426 56037,8637137659
58962,3971740512 58962,3971740512 41595,3119907375 56161,3610687731
58962,3971740512 58893,3195303612 41911,197215324 56076,2313110619
58962,3971740512 58821,0830732683 40218,2727668198 56045,948973103
58962,3971740512 58820,1251604253 38531,6694918275 56066,1371534295
58962,3971740512 58910,7239636988 36736,6031475352 56111,2216361519
58962,3971740512 58581,9291933163 41566,6727558297 56132,4390198171
58962,3971740512 58584,7991800788 38393,7516642047 56140,3749909719
58962,3971740512 58913,5939504613 42891,7768626512 56180,9860908189
58998,448701299 58998,448701299 38455,2347626753 56302,5586883884
58998,448701299 58998,448701299 42521,4446515944 56390,7784514928
58998,448701299 58976,3951545321 39146,5454914985 56284,5739910692
58998,448701299 58976,3951545321 38857,0631877118 56304,18774364
58998,448701299 58972,4157382208 39577,4669876574 56315,9522211869
58998,448701299 58581,1655893606 35453,4505594499 56311,8174794537
58998,448701299 58581,1655893606 40397,4628786637 56331,5180108197
58998,448701299 58288,7002525251 41137,1450172464 56320,0987125986
58998,448701299 58359,1349487185 40171,4136223202 56363,4791827219
58998,448701299 58397,7331683997 40052,0109778147 56373,4325483729
58998,448701299 58241,876529559 38660,8836962092 56292,9841114738
58998,448701299 58372,946561145 40305,4033342629 56260,8911552923
58998,448701299 58585,6880664099 41523,1137762922 56287,0587543635
58998,448701299 58687,047557825 42612,881874118 56289,0376164108
58998,448701299 58496,5168273383 40426,6451833027 56391,5348287018
58998,448701299 58423,4949337332 41707,3036013805 56404,6910280731
58998,448701299 58327,3638953872 41692,3352850908 56361,1392016217
58998,448701299 58352,2924310283 41011,813359669 56397,3621028535
58998,448701299 58230,8493405835 40060,8682175985 56453,7653663921
58998,448701299 58362,5376269032 36428,504664802 56515,6513983434
58998,448701299 58163,8403144219 39868,6735516018 56497,8878080205
58998,448701299 58107,1108146264 42399,6002909395 56509,1243755917
58998,448701299 58153,9148545916 39726,2312695179 56472,4565371482
58998,448701299 58153,9148545916 39421,9855861305 56540,8902162852
58998,448701299 58153,9148545916 37646,5761552184 56498,0488557982
58998,448701299 58414,8875631234 37349,7338056902 56492,8004789849
58998,448701299 58461,3759059138 37052,9261899857 56499,0134701005
58998,448701299 58396,3169598207 38143,9326141932 56451,6296860381
58998,448701299 58869,2889293977 40607,3437763287 56468,0747455991
58998,448701299 58871,4250485544 40306,4303298435 56643,37351266
58998,448701299 58760,0096963069 41466,2852176775 56540,6950113524
58998,448701299 58682,7991045809 41803,7008721791 56560,9833566089
58998,448701299 58678,6957511072 41617,1309029431 56536,0366935172
58998,448701299 58466,543032259 42192,057715403 56544,5797243151
58998,448701299 58574,9717901428 41799,0890984826 56539,0989565834
58998,448701299 58405,5017968684 38908,5113542668 56539,0236688069
58998,448701299 58842,2260127559 41476,5994711287 56619,7430048861
58998,448701299 58741,9773206709 39441,2792131204 56606,8324194373
58998,448701299 58479,0266660468 41738,2835514518 56581,9911985463
58998,448701299 58384,1195976955 41502,70319539 56543,4723532853
58998,448701299 58348,9041322746 40472,9050802629 56504,8733794106
58998,448701299 58245,8606969165 41180,6864858274 56495,1800158936
58998,448701299 58299,4224339697 41232,0595608672 56541,2213981943
58998,448701299 58308,6080396388 42069,0109333277 56565,3876440841
58998,448701299 58480,6081214075 40007,0047984417 56632,16257925
58998,448701299 58262,4757476685 39104,2998737072 56597,2437934697
58998,448701299 58211,1365759889 43253,6819733819 56628,8043730368
58998,448701299 58240,6845599231 37875,4617427102 56741,5194163986
58998,448701299 58231,498954254 39245,7856994373 56646,618049827
58998,448701299 58224,2980128542 41439,2068794499 56582,8850416904
58998,448701299 58040,3932405251 39511,6281958441 56545,9683282236
58998,448701299 58152,6908046943 41768,3621371784 56570,4038488545
58998,448701299 58118,3146822986 41821,8232607231 56590,0972532609
58998,448701299 58159,6520340814 40191,47979826 56554,2901969388
58998,448701299 58085,127693145 40328,9423541136 56542,7685229687
58998,448701299 58115,7957465481 42480,2700121809 56555,8548064627
58998,448701299 58099,2373392168 40413,1893799688 56529,7423089871
58998,448701299 58111,7577072995 37680,3087215861 56529,5941864923
58998,448701299 58235,5007032441 39298,5788554431 56587,4546745253
58998,448701299 58231,0873776634 41538,7057817503 56540,6103497456
58998,448701299 58258,1994598975 36383,6203412605 56480,6463877493
58998,448701299 58220,862976114 37768,7378858565 56413,4420104619
58998,448701299 58225,2763016948 35194,2265801278 56343,4221486712
58998,448701299 58346,7908122504 40492,9221802302 56386,7403570019
58998,448701299 58425,3807487983 41320,3376623797 56302,1186525141
58998,448701299 58489,5437861928 37854,1732406889 56300,4280150455
58998,448701299 58477,5069460737 41380,0296197614 56360,7649432684
58998,448701299 58413,0233501634 35782,7205703991 56394,9113975048
58998,448701299 58146,1012213472 40372,8923751909 56330,750625227
58998,448701299 58207,6819803054 40304,1470985995 56324,3226520379
58998,448701299 58293,1851001532 34133,8483997379 56392,16980841
58998,448701299 58233,2578581695 34252,7315781369 56412,4103145227
58998,448701299 58221,0497125372 38551,8188499323 56447,5994423819
58998,448701299 58033,4512891034 38208,7037791718 56375,342872827
58998,448701299 58298,9286453266 41861,4247997095 56374,2108876064
58998,448701299 58241,0159410476 41333,7059771874 56430,4388184802
58998,448701299 58073,9457704227 37585,0567247738 56426,4854175581
58998,448701299 58098,0531904041 37304,7036358596 56426,740307496
58998,448701299 58058,3798789319 42858,196519268 56314,9440547751
58998,448701299 57979,8972026227 42835,3805312666 56346,1742604005
58998,448701299 58010,7852109475 38234,5795155485 56285,6774302898
58998,448701299 57973,4072284186 39385,1692894278 56318,0699153289
58998,448701299 58378,8991746619 38543,1261455885 56357,2967339752
58998,448701299 58673,1885853938 37822,4017596575 56389,1493335946
58998,448701299 58971,9669143457 35753,1863559965 56467,996504707
59084,3868106174 59084,3868106174 38062,0769757326 56449,4212028295
59084,3868106174 59013,4429610083 40540,6187592705 56428,3496878851
59084,3868106174 59008,3230118927 34804,2946733407 56397,1792251764
59296,4760852613 59296,4760852613 35055,0484226658 56338,5102756388
59314,9840276748 59314,9840276748 35390,59099386 56360,8732408092
59314,9840276748 59131,7065065932 36380,2802356901 56332,9855298713
59314,9840276748 58887,5626866269 37493,1293008845 56351,5130315138
59314,9840276748 58811,2769228938 38000,20072951 56315,5071306502
59314,9840276748 58811,2769228938 38232,4726584707 56303,9221079212
59314,9840276748 58829,9872170756 37374,3360037794 56337,4748850569
59314,9840276748 58731,197723402 42890,685605433 56377,9599282449
59314,9840276748 58765,5958518289 39545,7257086537 56346,5547421846
59314,9840276748 58884,5601419286 39561,764905505 56323,3261864151
59314,9840276748 58897,5342436133 40648,4706768179 56309,2645571285
59314,9840276748 58996,3237372869 40685,7859329521 56332,5127832749
59314,9840276748 59009,6661184782 39925,5056283279 56350,4926228178
59314,9840276748 59081,7022137322 40963,3747509878 56434,3812173882
59314,9840276748 59077,2092283022 40021,9865206661 56444,1872315716
59314,9840276748 58933,52595989 39000,6599463221 56467,8477403153
59314,9840276748 58780,6619336964 37534,9328094757 56475,0300937547
59314,9840276748 58928,7342497801 38869,5152367991 56505,7800117597
59314,9840276748 58949,8281612449 41272,181775802 56465,917563933
59314,9840276748 58938,4081967748 38486,1963758257 56478,4905786055
59314,9840276748 58942,9011822049 40920,6011998025 56488,2706144943
59314,9840276748 58925,0803646664 39073,4736241942 56482,6596954527
59314,9840276748 58840,2133206665 40453,5963517635 56557,7189208628
59314,9840276748 59023,4908417482 41523,3868132452 56498,3997396181
59314,9840276748 59023,4908417482 39284,6165200549 56502,1181728855
59314,9840276748 58862,741057539 40365,4692977694 56496,7786598231
59314,9840276748 58702,5301160244 40805,8311555962 56466,1323143931
59314,9840276748 58565,7274922303 39089,7555811143 56422,7145131839
59314,9840276748 58594,5569345298 41102,0932947438 56422,9713212555
59314,9840276748 58308,7805583983 35945,2361585671 56462,4075972157
59314,9840276748 58350,2160993389 40857,7364728583 56462,2526908486
59314,9840276748 58335,6884881213 35992,9724683566 56441,9549871419
59314,9840276748 58493,9742727719 40068,0021393425 56440,1888281068
59314,9840276748 58514,2717413268 37047,5815210236 56508,7909162362
59314,9840276748 58528,7993525444 40658,4517425047 56470,7683900324
59314,9840276748 57921,121639241 38332,3147137992 56456,4776382781
59314,9840276748 58095,4895676004 39864,6960699695 56525,885101424
59314,9840276748 58306,7515928893 40094,5716632718 56530,5053474277
59314,9840276748 58281,1728428941 36647,6616461602 56616,7998250666
59314,9840276748 58308,3241387099 41718,2861605781 56572,7179304665
59314,9840276748 58118,8894134812 39263,56968481 56478,6287564919
59314,9840276748 58032,1764263265 35237,2531742957 56493,4019008678
59314,9840276748 57934,4747691914 40846,6859828399 56456,0909087965
59314,9840276748 58143,6684618264 35656,2057447598 56519,0315147875
59314,9840276748 58187,6721564539 36395,1576965199 56450,653300373
59314,9840276748 58192,7921055695 35968,3363363651 56392,8762546958
59314,9840276748 58323,1167429685 40576,4251362644 56412,5027756833
59314,9840276748 58355,2711030185 38225,2426454022 56499,6259241328
59314,9840276748 58355,2711030185 41717,7625895353 56433,2206046055
59314,9840276748 58350,1511539028 38531,4607514102 56569,137384142
59314,9840276748 58605,6948569135 38290,2256650682 56755,5086038145
59314,9840276748 58576,1468729793 37415,7384638892 56713,0052058598
59314,9840276748 58630,8617035543 43685,1270094381 56613,2848314721
59314,9840276748 58775,8988180952 38381,2155046541 56622,5277249678
59314,9840276748 58579,2323247397 34929,390339869 56688,392785135
59314,9840276748 58591,3724083365 37599,2377274026 56619,6940989848
59314,9840276748 58821,4534421911 38815,3618584358 56587,8011506039
59314,9840276748 58598,2724238834 41183,238376845 56484,605870904
59314,9840276748 58579,3009309138 38796,7334338061 56411,3187577304
59314,9840276748 58439,6031602786 32001,3459586398 56393,5342756538
59314,9840276748 58600,3529444877 35111,5005021987 56345,7987703911
59314,9840276748 58594,6115046618 34670,8791064512 56471,2260597211
59314,9840276748 58595,2296527013 35906,485254707 56498,1390283049
59314,9840276748 58515,0353585301 32768,6434993435 56564,2590064401
59314,9840276748 58304,5945169843 36278,6758692303 56451,9425787295
59314,9840276748 58271,395255003 41758,4434675346 56452,7916214656
59314,9840276748 58309,4816357469 39624,3096053444 56401,0184365717
59314,9840276748 58208,5209888824 31659,4836586496 56316,859231424
59314,9840276748 58359,0325019732 34171,5131003509 56318,8090655093
59314,9840276748 58304,5965686381 36882,6277956183 56336,3535625411
59314,9840276748 58245,7412986488 38906,5914000518 56330,2675133755
59314,9840276748 58131,6578939022 37239,8693420942 56392,4362148325
59314,9840276748 58198,7395138798 34934,4379847228 56455,1218443172
59314,9840276748 58137,2567045916 37030,9567088838 56358,4248054946
59314,9840276748 57851,0472937635 40026,9792858279 56243,3717049956
59314,9840276748 57683,8275924054 35928,093266388 56244,9798009948
59314,9840276748 57905,2323105518 38367,7814708606 56318,8551342052
59314,9840276748 58102,8118658965 40781,2369366476 56388,1780046518
59314,9840276748 58373,3896803816 37267,1890440809 56418,7849902736
59314,9840276748 58281,5472902829 34448,9593225957 56356,2035209927
59314,9840276748 58343,0300995711 40170,6904506418 56413,8032539375
59314,9840276748 58248,8481566467 40306,1539343259 56411,412515909
59314,9840276748 58090,2703476727 34965,4981299842 56312,1241596439
59314,9840276748 58171,5054439587 39013,8029764931 56310,9023045905
59314,9840276748 58289,5327020033 40308,2067370698 56215,425394629
59314,9840276748 58570,9292954962 38642,0231147652 56200,8951982376
59314,9840276748 58634,018619404 39438,0154525485 56220,6492734734
59314,9840276748 58758,6309396752 40089,2757973994 56165,9596443283
59314,9840276748 58683,6300224456 35927,1410233713 56212,9314925034
59314,9840276748 58783,9974188763 31039,6168856511 56256,0724898746
59314,9840276748 58827,4914373199 41537,0328164786 56225,0939888135
59314,9840276748 58808,4321762741 31104,6843330508 56253,0392681501
59314,9840276748 58808,4321762741 32137,2053251474 56337,1163273875
59314,9840276748 58649,944437829 37199,891071047 56252,5426421124
59314,9840276748 58653,5099298525 38553,0081723084 56305,2886491978
59314,9840276748 58847,54391161 32841,0157099864 56256,8554453328
59314,9840276748 58842,4116673819 32978,7096478839 56302,8036065225
59314,9840276748 58741,4510205174 41578,4317876785 56218,8661909731
59314,9840276748 58496,2293596826 30062,1260276644 56238,119614646
59314,9840276748 58454,6026148742 35605,086319527 56357,0689177933
59314,9840276748 58463,9651848027 41660,296431001 56447,8953603295
59314,9840276748 58609,091294476 37471,7758312238 56367,2765064451
59314,9840276748 58473,1980460571 35403,7020410844 56400,9585491686
59314,9840276748 58831,5759972009 40055,8471792584 56519,1415939308
59314,9840276748 58652,6379302368 28682,9281852834 56543,7706760314
59314,9840276748 58652,6379302368 43860,1751029623 56533,7746054942
59314,9840276748 58467,2414272851 40903,2489834505 56500,6779345171
59314,9840276748 58434,5393066032 36086,1521543213 56493,8657400941
59314,9840276748 58368,2292704378 37442,1762518007 56452,5871594821
59314,9840276748 58414,9599473973 41106,4910106703 56494,3858798793
59314,9840276748 58258,9288278437 40992,0088118738 56480,5069898554
59314,9840276748 58339,0375952891 40930,3955054095 56541,7552273224
59314,9840276748 58291,0362539592 42170,9983533514 56606,234681179
59314,9840276748 58298,4276050577 40157,4666867127 56621,5099430458
59314,9840276748 58773,6130918134 40089,952755205 56577,6415224173
59314,9840276748 58777,5463262559 42957,1936451214 56561,2715017368
59314,9840276748 58790,9198982809 40953,3216163599 56506,3013777677
59314,9840276748 58769,7401343767 36679,4370234423 56493,962356014
59314,9840276748 58847,3592721128 41918,6675179476 56612,4283732832
59314,9840276748 58986,0205331958 40116,036664981 56498,6172219071
59314,9840276748 58864,5817059425 34438,0021452364 56524,2720216488
59314,9840276748 58863,5821428784 34522,8724098537 56520,5525335769
59314,9840276748 58611,3290441211 38635,8255301188 56506,6541908894
59314,9840276748 58611,3290441211 44160,6500471342 56560,0768353043
59314,9840276748 58233,0333117219 37074,2245246157 56572,2790349856
59314,9840276748 58304,786587009 41263,1865196981 56567,1346439616
59314,9840276748 58334,8664925937 41890,1894028264 56562,5572759851
59314,9840276748 58442,9883467754 37728,5853428583 56605,769756925
59314,9840276748 58097,0954783233 42104,7165868424 56530,9299573652
59314,9840276748 58293,3075591256 36076,1826948627 56573,9502502603
59314,9840276748 58508,8702561026 38114,5911211508 56589,8709770271
59314,9840276748 58283,6494474106 37829,8335585099 56548,8890703573
59314,9840276748 58441,6453994497 40075,2510577715 56597,9763188902
59314,9840276748 58465,7910525975 33067,1121293271 56627,2973785927
59314,9840276748 58440,4796996613 33866,1673401993 56653,0470876174
59314,9840276748 58529,5631474112 36274,0581053402 56616,8118873025
59314,9840276748 58721,9456371723 36149,7108087668 56642,4180853971
59314,9840276748 58703,4762121174 40813,9264634902 56745,5936617039
59314,9840276748 58607,8809342014 36650,8965156178 56726,9836532214
59314,9840276748 58430,6477384034 39506,2004671486 56786,8347531971
59314,9840276748 58692,6766288402 39409,9485199684 56739,1170782714
59314,9840276748 58600,3088284023 40298,642624962 56682,5669206991
59314,9840276748 58603,1083564433 37021,5843000293 56716,8778738423
59314,9840276748 58611,1607920215 36641,3915618258 56703,3118819183
59314,9840276748 58594,7097528849 41749,9754678802 56703,3530858884
59314,9840276748 58742,7876827628 36036,5352965391 56731,2252867093
59314,9840276748 58507,305653518 36122,5288615608 56670,2742988884
59314,9840276748 58431,7190840582 37762,1676605426 56643,1612059651
59314,9840276748 59002,3266155085 37620,9977474554 56738,5471468316
59314,9840276748 59171,0149329692 39865,0871591402 56836,8098222851
59314,9840276748 58987,7374118876 38532,3123168534 56851,4103831522
59314,9840276748 58767,7376350066 40706,3282740011 56829,2476945588
59314,9840276748 58776,5698568021 36722,1829791243 56888,9562602923
59314,9840276748 58736,7271457996 42514,2561099684 56894,3768451841
59314,9840276748 58707,1791618654 34742,3624566652 56837,623329794
59314,9840276748 58647,9953324347 35953,2468966983 56800,838184657
59314,9840276748 58700,4144112341 42174,6197244256 56758,3271513305
59314,9840276748 58617,7837882833 35201,4803843695 56735,1865386331
59314,9840276748 58477,6849780532 34229,3747178642 56759,4074278557
59314,9840276748 58330,5411797055 37195,278175486 56747,211466724
59314,9840276748 58333,0810576415 35794,0113202345 56648,0943516529
59314,9840276748 58373,3806031733 34294,7692461821 56684,851210886
59314,9840276748 58380,9778225044 41937,832335743 56642,3823107907
59314,9840276748 58573,5777709297 41721,1169604171 56726,8505860593
59314,9840276748 58471,8907348388 41507,5231015544 56667,3451387178
59314,9840276748 58748,1873817305 33585,0587345913 56702,0063738013
59314,9840276748 58645,2882645463 38135,8544560636 56637,1399544426
59314,9840276748 58615,6938541767 31785,825363266 56595,0206378039
59314,9840276748 58802,1578922061 35079,2640256418 56656,4245699288
59314,9840276748 58476,4803513843 38917,1388313988 56601,1933496473
59314,9840276748 58476,4803513843 41485,7419230701 56590,0426345024
59314,9840276748 58357,9030339063 38058,2709183295 56566,9158745319
59314,9840276748 58402,6694331507 39290,6395865135 56599,3137392469
59314,9840276748 58302,7358685664 40811,2455983756 56638,0874901164
59314,9840276748 58240,0858746423 42263,683573928 56599,6867913543
59314,9840276748 58565,7634154642 37488,2092224431 56672,3554821425
59314,9840276748 58603,8535563057 41653,6536870137 56765,4388752486
59314,9840276748 58638,3527266208 41202,7167279767 56834,072528562
59314,9840276748 58760,0162826608 41719,0052076304 56875,6509893374
59314,9840276748 58563,1506087327 36367,0799161367 56823,3057187271
59314,9840276748 58672,6638483016 40500,2260272846 56818,2130044464
59314,9840276748 58738,0670621511 35175,0753542819 56781,5612834517
59314,9840276748 58738,0670621511 40645,3186761095 56768,7757479044
59314,9840276748 58551,3328907885 36179,6192188785 56680,5159280726
59314,9840276748 58499,4329108293 40802,2659456125 56751,117446634
59314,9840276748 58434,0296969797 34008,4848129154 56754,4383749568
59314,9840276748 58431,8344754181 42826,4987813855 56776,8767135115
59314,9840276748 58222,0603575914 38101,5784935544 56645,5389537815
59314,9840276748 58333,3581676044 39963,7365265614 56627,9915368592
59314,9840276748 58342,0920827082 37766,9084625561 56620,8974546251
59314,9840276748 58228,4836389732 40222,3474885319 56572,6626694431
59314,9840276748 58332,0072317947 34359,6336890852 56672,8108243757
59314,9840276748 58174,553814918 33831,1508389821 56678,2155619951
59314,9840276748 58421,3601689836 41356,5749944 56728,359964803
59314,9840276748 58315,6790291621 41366,8228210625 56633,7903001488
59314,9840276748 58467,0159146098 40911,4922855362 56653,5524104324
59314,9840276748 58406,143190656 40632,0167156686 56571,9770746108
59314,9840276748 58406,143190656 41421,8088560802 56625,5912908794
59314,9840276748 58189,4227580277 39403,3034859021 56651,4127385612
59314,9840276748 58111,1321304494 42064,3260236085 56650,9234160027
59314,9840276748 58229,1344523158 39358,8142323153 56739,6520785407
59314,9840276748 58307,951182608 39184,7662713251 56755,0790595455
59314,9840276748 58223,1649604099 39917,2364991043 56834,2525447361
59314,9840276748 58219,0713438651 39201,1097510714 56778,1745227426
59314,9840276748 58232,8442148642 42921,9519808265 56824,8355325749
59314,9840276748 58404,504055767 38771,4984784886 56844,7086812517
59314,9840276748 58469,7706810997 36675,8892391156 56888,8329024702
59314,9840276748 58319,6988016217 38159,7649407915 56789,2316426717
59314,9840276748 58553,01496725 39219,7247262184 56879,9182176615
59314,9840276748 58417,5079932324 41949,6517125634 56847,7527353924
59314,9840276748 58448,4178687824 40529,2721835076 56952,0517618816
59314,9840276748 58697,1611441148 42034,4499105655 56947,3712967258
59314,9840276748 58593,6375512934 41575,2829448672 56974,677479898
59314,9840276748 58547,6633596618 41615,7247327767 56927,9014613902
59314,9840276748 58625,5521298677 41186,5163351929 56933,4709144157
59314,9840276748 58333,1319819548 39618,8681108406 56893,5585294897
59314,9840276748 58352,9211586005 36886,1624775932 56860,3025290627
59314,9840276748 58339,4045519374 36920,6440747653 56857,3642313888
59314,9840276748 58512,8078750042 39413,2330093286 56877,4870499688
59314,9840276748 58400,3595747372 36355,0432987277 56847,1840930805
59314,9840276748 58438,4723021903 41194,7627747722 56888,4308700563
59314,9840276748 58363,749062338 36722,3152001636 56883,4631861684
59314,9840276748 58584,1892654368 37634,6899681093 56834,6678298157
59314,9840276748 58484,9311325374 37245,9037578916 56872,1401101949
59314,9840276748 58440,4426930289 37849,6422224479 56817,4207472515
59314,9840276748 58439,2636202016 36383,0706734537 56785,6149599924
59314,9840276748 57959,7438687402 34800,2326594348 56692,4539555915
59314,9840276748 58056,4211359963 36371,8324512852 56734,7999727268
59314,9840276748 58091,7145297182 38660,4701040062 56678,4966138174
59314,9840276748 58675,2250209966 35118,1225796814 56727,2394404648
59314,9840276748 58534,3652220912 36972,3196540988 56697,8934379836
59314,9840276748 58547,7643563529 37830,8436100141 56769,0014553622
59314,9840276748 58498,6226393262 40214,3668274886 56754,7163411036
59314,9840276748 58492,3739832474 38982,6404789602 56814,9990353424
59314,9840276748 58633,2337821527 39006,6560855357 56844,9759094203
59314,9840276748 58479,657424134 36245,9608272935 56784,056946687
59314,9840276748 58479,5640480589 39258,4309236159 56839,1497308079
59314,9840276748 58540,7119086225 40313,6598403365 56856,6471590038
59314,9840276748 58597,4209050394 37760,5529452974 56829,8295786478
59314,9840276748 58700,8334319863 38026,8263257455 56867,8173348094
59314,9840276748 58867,2989967663 39781,2050452936 56902,367383332
59314,9840276748 58807,2737917994 38004,0036571123 56882,2672962881
59314,9840276748 58703,8612648525 43399,8803576582 56938,6489587785
59314,9840276748 58844,2319688877 38667,4828371503 56963,6548302872
59314,9840276748 58748,2083616756 38411,6539781425 56995,4074553663
59314,9840276748 58840,7738412609 40591,7490472038 57013,0690029313
59314,9840276748 58855,0652334082 41627,5292251434 57040,1374915939
59314,9840276748 58642,2805563094 34106,9479775389 56977,6404394956
59314,9840276748 58905,4959401677 42170,2870592993 57010,7336240905
59314,9840276748 58814,1685948862 39514,4816430556 56956,777613244
59314,9840276748 58696,6062072022 40262,8570112457 56864,2674259322
59314,9840276748 58606,6315909909 38962,7336125036 56842,3992434156
59314,9840276748 58614,1473841347 40849,935478461 56852,1107208895
59314,9840276748 58371,8826835785 38330,7426278537 56827,2994945742
59314,9840276748 58367,4821226748 42778,6960561999 56860,1176269639
59314,9840276748 58443,8129928425 38363,2794734922 56836,7365543591
59314,9840276748 58553,4368992337 43080,0498495343 56832,4138045081
59314,9840276748 58513,2496010182 36652,299715951 56885,1135315015
59314,9840276748 58523,3369269376 40603,3021287954 56858,5660121639
59314,9840276748 58482,2167388948 39610,7492374261 56845,4471217408
59314,9840276748 58522,4040371103 35964,7536988722 56848,2089839864
59314,9840276748 58399,6706926671 40008,344038159 56843,2718636972
59314,9840276748 58436,3820803268 42521,9948722455 56769,6210576805
59314,9840276748 58354,0244194122 35281,197098801 56737,4256273688
59314,9840276748 58552,4115457514 36835,9316116554 56729,606350622
59314,9840276748 58630,0972363272 35372,3979732458 56779,8271419129
59314,9840276748 58634,7322396998 40981,4701175741 56754,9789151193
59314,9840276748 58782,2778887857 41744,3991519402 56739,9795439411
59314,9840276748 58786,0168642041 38499,7524330113 56609,810839431
59314,9840276748 58650,2732700317 38311,4909863986 56583,4776069078
59314,9840276748 58568,4069541937 37307,6358178987 56560,2019447878
59314,9840276748 58576,8773313221 43447,8947607801 56518,9412644325
59314,9840276748 58491,0071127131 38170,6197223166 56480,1432094299
59314,9840276748 58629,2683317215 39880,936141823 56530,7514569063
59314,9840276748 58688,919709077 38592,3461991392 56543,2132322207
59314,9840276748 58483,2608670676 39951,2513857585 56600,1023301215
59314,9840276748 58617,9748300708 40147,7847039581 56753,2330616726
59314,9840276748 58776,1814736484 42681,5732689989 56784,991078674
59314,9840276748 58684,7371285485 36626,9828514629 56726,2008760008
59314,9840276748 58654,2293638712 41550,8552380407 56702,7651846349
59314,9840276748 58580,9552354086 42462,8311613522 56688,5192226571
59314,9840276748 58442,6940164003 41414,8231232217 56681,3262517121
59314,9840276748 58554,2605771618 37351,1824491631 56695,7233653639
59314,9840276748 58584,7683418391 43108,8586587722 56746,9039623532
59314,9840276748 58449,6035787949 36838,2830275115 56692,6041602524
59314,9840276748 58239,8118401003 38604,1674172987 56741,613263277
59314,9840276748 58026,0248208744 36807,8694161662 56719,9962072199
59314,9840276748 57993,5880548682 41045,2779037284 56614,1046300777
59314,9840276748 57920,7500865732 40486,0941667267 56607,062314774
59314,9840276748 57929,8810022567 40819,2760877159 56622,9153964294
59314,9840276748 58027,2064310293 41372,9567362041 56746,4785151253
59314,9840276748 58049,4604604535 40500,0236810718 56779,6336488394
59314,9840276748 58119,8951566469 34976,1603901444 56716,5393383828
59314,9840276748 58347,8943179031 39328,0061422076 56831,3331273056
59314,9840276748 58231,2232114498 35795,981099055 56818,2081984582
59314,9840276748 58433,9943285904 38721,9229966481 56857,3851249477
59314,9840276748 58433,9943285904 39068,5460677745 56762,2057600597
59314,9840276748 58257,8830297152 43994,8158869657 56736,6468257736
59314,9840276748 58175,7399833036 39527,3063466641 56707,4215937194
59314,9840276748 58201,4504652411 37853,1260379274 56695,9694976719
59314,9840276748 58241,8796000887 40447,0223027633 56697,5995049576
59314,9840276748 58171,4449038953 41497,9776412186 56596,2295806963
59314,9840276748 58253,5879503068 41923,72065202 56652,4310886875
59314,9840276748 57953,40764276 36469,7370579299 56655,1046689354
59314,9840276748 58045,6481533861 38493,4148929404 56607,0407873573
59314,9840276748 58343,5392409682 42829,1554951574 56662,5799038671
59314,9840276748 58282,3294572946 39162,3043897392 56671,1964066024
59314,9840276748 58586,9653138975 35095,1531667899 56608,3908913714
59314,9840276748 58770,4145963569 41878,87621685 56606,8296769837
59314,9840276748 58784,8152607772 38574,1099561764 56620,9498752267
59314,9840276748 58836,8338935069 38808,9172732502 56650,8718207517
59314,9840276748 58822,4332290867 40795,814856081 56639,0908332156
59314,9840276748 58889,9275882092 37779,3480128812 56637,5543813455
59314,9840276748 58672,3336763948 35392,0875779465 56649,712001285
59314,9840276748 58583,3541827989 38909,5627794484 56657,2983866001
59314,9840276748 58749,7505303036 35048,2130546864 56755,5137789482
59314,9840276748 59011,7398707686 38036,860257637 56776,618590362
59314,9840276748 58962,2561349329 40487,7394912542 56768,5074734434
59314,9840276748 59033,3817120311 35124,2349216318 56756,7068751134
59314,9840276748 58935,6220763302 37124,6432570467 56745,8280334014
59314,9840276748 58821,2572075876 37295,8045922403 56723,4349058331
59314,9840276748 58739,7196819178 42454,5149999175 56703,9726898231
59314,9840276748 58531,4589853063 40389,8558596894 56675,4190932668
59314,9840276748 58458,5634667909 41550,606029071 56726,1586640947
59314,9840276748 58396,8891360249 40528,1885309616 56701,5453470203
59314,9840276748 58392,4077528111 40364,5082034495 56730,5286664586
59314,9840276748 58686,6621337411 41417,3274346923 56856,1271788854
59314,9840276748 58340,4123919687 41431,2256108823 56783,8406158842
59314,9840276748 58255,1382843197 37077,032764292 56689,9470578925
59314,9840276748 58257,0501337591 41365,1259098238 56754,0133820931
59314,9840276748 58464,4412899984 37045,9673417737 56791,1589625349
59314,9840276748 58536,6381482812 40558,6096000765 56791,2612314835
59314,9840276748 58682,7507598277 36140,0690691168 56803,983810522
59314,9840276748 58617,2535651285 39601,5933850732 56854,6995206756
59314,9840276748 58446,4987278518 43679,3142472919 56830,7603376182
59314,9840276748 58688,2645900753 43158,7647067525 56778,6043539263
59314,9840276748 58575,1033245926 42917,9022019356 56768,5118519856
59314,9840276748 58595,2542387689 40979,6790051095 56817,6807199849
59314,9840276748 58513,2628597379 41965,7773133383 56822,3267861011
59314,9840276748 58598,3361260584 39332,3974478867 56788,1861438767
59314,9840276748 58714,17551206 43491,4876285466 56815,5823215273
59314,9840276748 58783,9597527212 41530,023432944 56817,9193616349
59314,9840276748 58665,03847943 42184,5545999335 56793,7137820678
59314,9840276748 58710,6198763902 42009,0725598321 56799,0625335039
59314,9840276748 58517,8647221421 38703,7198335611 56772,2369860893
59314,9840276748 58597,520266534 39698,3267554879 56726,4714462474
59314,9840276748 58434,5533891102 39513,1585324964 56729,8940358565
59314,9840276748 58309,8604911418 43067,2861486418 56735,3752909016
59314,9840276748 58336,4127790718 36800,9043472791 56742,9385333264
59314,9840276748 58385,5449574006 41240,9641798369 56811,5547468628
59314,9840276748 58261,5332075128 43988,8947468311 56776,1089483406
59314,9840276748 58364,2937059426 41053,480306527 56806,0118780051
59314,9840276748 58393,0004395763 42312,1349231169 56782,5214112704
59314,9840276748 58578,5703047243 38963,722902134 56812,2365949544
59314,9840276748 58561,294158528 43591,8095068864 56814,5443288046
59314,9840276748 58717,6706309042 41039,9895861087 56849,8019264866
59314,9840276748 58721,4470618016 40856,3014594837 56919,0639108697
59314,9840276748 58893,0197592158 42646,0856097726 57005,8217524552
59314,9840276748 58931,1099000573 43394,3120005078 57010,394767674
59314,9840276748 58883,0459584977 39922,4149135104 57045,5471805872
59314,9840276748 58936,786412842 39230,1573027015 57106,7999491886
59314,9840276748 59027,9438705653 42801,8530324197 57157,0323380777
59314,9840276748 58850,6460399578 40178,9691846636 57059,751217574
59314,9840276748 59016,5443400348 41649,349082504 57109,5766936098
59314,9840276748 59012,062956821 41807,8270717103 57125,2865159663
59314,9840276748 58935,5195878861 38545,9766274603 57047,2752292424
59314,9840276748 58881,6050439676 41777,1845738369 56982,49266439
59314,9840276748 59022,7390536819 41359,4107821691 57077,1176968965
59314,9840276748 58897,0200175385 39483,2804606351 57106,2078912214
59314,9840276748 58828,5473352703 39494,6442569682 57094,9641427205
59314,9840276748 59019,4771957898 41661,3032397969 57116,065535604
59314,9840276748 59073,3917397084 42287,8812867219 57154,3640602249
59314,9840276748 58894,5039455262 43324,6393363444 57137,8439070675
59314,9840276748 58962,9766277944 36369,5409759084 57190,4223880699
59314,9840276748 58884,1583414803 40663,9868542782 57146,980790684
59314,9840276748 58862,0898261038 41686,7054149759 57137,0886781421
59314,9840276748 58762,0615482734 41496,2871882078 57137,7533579893
59314,9840276748 58762,0615482734 42265,7901693249 57056,8599919427
59314,9840276748 58798,4253837724 39261,1997945146 57118,5906887677
59314,9840276748 58838,9872860434 39549,077481083 57119,7508168434
59314,9840276748 58911,5610926105 43782,293800569 57080,3061395704
59314,9840276748 58888,138923522 37485,8462426149 57037,9534551988
59314,9840276748 58862,9307081029 41356,8993452718 57042,0165981981
59314,9840276748 58781,8814405625 36576,6315323673 57074,2560080667
59314,9840276748 58641,9929341001 39427,5752115619 57078,166448161
59314,9840276748 58485,340215487 33793,4704035038 57064,2928699236
59314,9840276748 58662,1451752125 38108,348056221 57102,6989030756
59314,9840276748 58657,0252260968 39058,9760073437 57086,2684154084
59314,9840276748 59013,6127644876 38618,7896468844 57111,0756954118
59314,9840276748 58998,3677389236 38634,8267218172 57120,6389417798
59314,9840276748 59049,5286449077 40291,7469432992 57065,734487238
59314,9840276748 58815,5320085121 39516,2161407016 57070,9053696334
59314,9840276748 58617,7453881303 36874,7867651525 57013,4134731916
59314,9840276748 58778,2072727256 41804,8287807895 57043,9315659753
59314,9840276748 58809,9452620921 41500,4440662331 56989,6146630873
59314,9840276748 58694,3244714544 41653,357312952 56962,5272889236
59314,9840276748 58520,7765516462 38799,3212675789 56986,9498398686
59314,9840276748 58393,055401048 40177,8029074838 56969,2270975701
59314,9840276748 58377,1420700718 41113,3438353832 56924,0591413423
59314,9840276748 58541,6545269648 38563,1826833621 56902,1053035677
59314,9840276748 58705,8042363963 44290,0130465834 56895,9388329947
59314,9840276748 58588,1546013144 39798,7077081973 56805,828831486
59314,9840276748 58445,1192978085 40354,5011098155 56789,2781493147
59314,9840276748 58352,7261622644 40415,5514357262 56741,7815156312
59314,9840276748 58376,9694689596 40169,0238377988 56737,7508632387
59314,9840276748 58348,1400266601 38760,6616920979 56817,8377454917
59314,9840276748 58341,7455496081 35643,4489715242 56821,7349032491
59314,9840276748 58452,7098983288 32462,9511076248 56884,785356259
59314,9840276748 58329,3373597239 36256,6745761207 56863,3600264467
59314,9840276748 58450,8364264935 40569,5489584992 56835,460772827
59314,9840276748 58621,6638099864 37494,7801159531 56867,244855791
59314,9840276748 58480,7012760827 35391,1127778157 56926,2922617204
59314,9840276748 58651,9696513008 38900,7939180185 56962,6630625802
59314,9840276748 58696,4814334029 41674,4320768835 56938,7543789571
59314,9840276748 58480,3997520813 42191,1181433201 56893,6986445703
59314,9840276748 58458,2284315633 44113,6592410414 56828,1556680505
59314,9840276748 58364,3589690475 39516,1361101281 56809,6494869288
59314,9840276748 58103,6252169323 39470,2169085546 56803,2451370316
59314,9840276748 58005,3138346077 39734,7629939512 56747,1703291693
59314,9840276748 58032,305385949 39394,3209434922 56729,9749253487
59314,9840276748 58164,0725059866 33965,6571191638 56690,8237371593
59314,9840276748 58047,6448855575 40588,2587554505 56614,8331067276
59314,9840276748 58052,1262687713 38299,5815311241 56636,3900411919
59314,9840276748 58054,5339169079 39143,2515099385 56695,899534519
59314,9840276748 58191,178346271 39561,9642712113 56693,4739006139
59314,9840276748 57976,1727836979 39193,2216433118 56680,4567909527
59314,9840276748 58167,9621602335 35111,9591273991 56618,0046093801
59314,9840276748 58382,9677228067 37661,6224851998 56700,1086082568
59314,9840276748 58313,679926329 39675,6789041898 56755,3733407536
59314,9840276748 58117,2728559755 40679,2321480077 56759,3693682906
59314,9840276748 58025,7840684281 43269,8988024765 56545,7195083292
59314,9840276748 57937,7445917392 39282,4779836475 56520,1050534453
59314,9840276748 57843,5012698938 38651,7646670376 56517,9591924957
59314,9840276748 57911,5136115264 34695,861063463 56481,5420401054
59314,9840276748 57850,2501868241 37997,0383908598 56491,8269451952
59314,9840276748 57864,2631767606 42198,8675273384 56438,8488844919
59314,9840276748 57829,3313719967 40642,8449414121 56414,1144367598
59314,9840276748 57958,6640926828 38849,2313535802 56391,9558216404
59314,9840276748 58066,6164652588 40872,2375934329 56398,8959812785
59314,9840276748 57748,2628020228 38416,7876443499 56384,7318231163
59314,9840276748 57914,3000736822 38682,2494443947 56507,7059752519
59314,9840276748 58101,4458802051 35491,7581103712 56556,4209655371
59314,9840276748 57933,862294973 40768,9177716657 56493,1403011991
59314,9840276748 57965,472286746 42110,8460031106 56510,1385660872
59314,9840276748 57909,6023611533 38545,5330067614 56544,869807854
59314,9840276748 57965,472286746 38734,2841032871 56485,0098817246
59314,9840276748 57966,7918990639 38153,5053339046 56556,0692367878
59314,9840276748 58041,4748399883 37757,8777692998 56612,8780259182
59314,9840276748 58088,9519303229 36864,4939682988 56640,1947172718
59314,9840276748 58114,8894522861 37577,5315876221 56561,7260388924
59314,9840276748 57768,5310273583 34602,7723058178 56540,1533598739
59314,9840276748 57887,4642567864 34102,1481972849 56514,2181848447
59314,9840276748 57757,1982188001 40956,6154282288 56514,5479970838
59314,9840276748 57939,6432054267 35041,7040693679 56581,0512943438
59314,9840276748 57661,4025231272 34558,1653015448 56553,0843864903
59314,9840276748 57667,5708897133 39077,2927075624 56439,711246658
59314,9840276748 57860,1313961993 39268,3211215897 56473,993655914
59314,9840276748 57512,3338082294 40742,951092401 56404,4796045048
59314,9840276748 57595,8859243778 37164,3265741863 56423,9554347864
59314,9840276748 57794,3279362558 42142,5371158039 56402,6622036339
59314,9840276748 57676,6640116091 40609,2482266245 56512,4140401952
59314,9840276748 57819,3384477655 31294,0331399136 56512,8275672769
59314,9840276748 57757,3310119668 41722,7547612288 56504,6745481913
59314,9840276748 57620,2529322286 35075,2908558919 56490,016128168
59314,9840276748 57644,0349122635 42721,5265997269 56509,6418659842
59314,9840276748 57853,6600532342 39449,4744675403 56558,9364001985
59314,9840276748 57897,7391267086 30561,0352729487 56542,6650256638
59314,9840276748 57846,5076279148 41141,4364383481 56583,9435100227
59314,9840276748 58136,5636026167 38796,7281559792 56562,3627496336
59314,9840276748 58186,9250570941 38264,872077587 56606,5810225978
59314,9840276748 58278,1571701847 41158,8828843471 56625,7764585633
59314,9840276748 57967,6703493409 38602,6923579291 56489,2827135882
59314,9840276748 57943,2230385907 31810,256604144 56530,2002232446
59314,9840276748 57895,1264956016 37865,0655181361 56574,2647439524
59314,9840276748 57965,5618967528 38227,245439329 56579,8436224583
59314,9840276748 58205,8208087064 41795,860501654 56612,2106359405
59314,9840276748 58356,4814302727 40018,4263317822 56663,814903338
59314,9840276748 58391,5927153907 40263,3687718902 56718,4191420343
59314,9840276748 58576,4077821593 42860,4401660755 56731,6978805832
59314,9840276748 58636,7716550795 41152,118887881 56739,2842167583
59314,9840276748 58490,4594628744 39954,2355089024 56695,9963016326
59314,9840276748 58494,7445112962 37014,3211628769 56701,776433704
59314,9840276748 58536,3214449166 37374,1443939198 56728,8040030982
59314,9840276748 58142,3162087233 36761,9411710134 56721,071850012
59314,9840276748 58351,6714728164 41115,2385161165 56757,5618603599
59314,9840276748 58201,6093159365 38567,9952654392 56780,1360896424
59314,9840276748 58160,0323823162 41370,2730757764 56736,2740809601
59314,9840276748 58173,1689705384 42436,5714576711 56755,4462558877
59314,9840276748 58286,1994485503 37427,4707970267 56806,2375352651
59314,9840276748 58149,6513391596 42193,8064629304 56724,7412246574
59314,9840276748 58249,5133390684 37203,4787501654 56652,3285693317
59314,9840276748 57833,5452657027 36366,723048872 56526,0943099258
59314,9840276748 57955,582283014 35841,9838878338 56609,2394368662
59314,9840276748 57754,0430805097 41682,7330848543 56467,3079479356
59314,9840276748 57806,6405075427 41426,3077970655 56537,3902879762
59314,9840276748 57979,8019247206 41525,9715881123 56625,6785495416
59314,9840276748 57895,5233529512 41612,1303546468 56592,2350988158
59314,9840276748 57925,2416446564 38959,3945782034 56587,2975146919
59314,9840276748 58080,782977271 36969,0059505476 56628,7243460673
59314,9840276748 58194,8852497918 41277,7058657682 56735,527369558
59314,9840276748 58318,3517928176 41794,2496039645 56806,9781137663
59314,9840276748 58063,6640212059 36703,7788283627 56777,6120390623
59314,9840276748 58093,5655284794 37102,2969825341 56830,2669418815
59314,9840276748 58097,0015471344 39026,2743482384 56806,8991787126
59314,9840276748 57983,8980773372 37836,0889724711 56761,1046086216
59314,9840276748 57995,1324021625 37578,9946728947 56732,8746077363
59314,9840276748 58129,5695619837 37126,3898541223 56699,1113246388
59314,9840276748 58035,5079223064 37140,3821480478 56721,4751978081
59314,9840276748 57900,0126514157 41852,3378928108 56668,7294920993
59314,9840276748 58148,2644356322 42132,6133991013 56730,3027571349
59314,9840276748 58013,4813003868 41249,7093014553 56690,9749520426
59314,9840276748 58010,0137399917 38733,2938817453 56699,3178135565
59314,9840276748 58012,4027226581 40643,088447768 56697,4143677285
59314,9840276748 58305,5701222084 40666,4738012904 56679,7801956563
59314,9840276748 58111,0577254383 38331,1535791628 56674,8448427872
59314,9840276748 58267,0393966517 40169,3506718266 56827,9186945409
59314,9840276748 58461,5517934219 44436,1700175634 56838,9878867212
59314,9840276748 58220,7018338115 40473,7559964544 56698,4796038373
59314,9840276748 57996,9556324801 40894,4533823286 56665,9832127583
59314,9840276748 57848,7503554481 40283,8448669505 56667,3120641595
59314,9840276748 57977,7353149025 37149,0546076277 56655,3708723949
59314,9840276748 57846,517837673 41500,0920696041 56676,9985867731
59314,9840276748 57969,7100380224 43357,6191076761 56682,0416963277
59314,9840276748 57826,9053003095 41310,4732032443 56595,5051178727
59314,9840276748 57919,2984358536 39729,694629934 56611,5697590148
59314,9840276748 58069,9376554936 39976,9073062338 56714,1760102105
59314,9840276748 58227,7277486586 43581,5036746182 56840,5333662643
59314,9840276748 58260,6409892709 39781,4182560677 56894,5173925634
59314,9840276748 58702,052468579 42344,8387617528 56919,0631282284
59314,9840276748 58667,2467678367 41278,2984418841 56896,1314192657
59314,9840276748 58455,9841574165 40308,2301902734 56883,8554989838
59314,9840276748 58665,4359243944 39709,7560768577 56828,9728867779
59314,9840276748 58709,8147650723 36398,5574306967 56815,396809152
59314,9840276748 58569,9991575108 41686,4478036966 56806,3312568513
59314,9840276748 58518,9470658338 40501,015140104 56830,9580454342
59314,9840276748 58465,9556802953 38837,2221502837 56767,3635524862
59314,9840276748 58627,5036342335 37254,8632938038 56816,0943578393
59314,9840276748 58650,1975690073 41332,4839619074 56771,8613656939
59314,9840276748 58639,3415690466 41810,196618858 56681,4543835709
59314,9840276748 58634,3414846127 39853,5702680717 56780,015460009
59314,9840276748 58415,3752398005 39803,7731187754 56776,8609752368
59314,9840276748 58692,8180010418 40434,3337305431 56777,3538824946
59314,9840276748 58688,0051154508 38593,1565971165 56757,1203224937
59314,9840276748 58708,2146100885 40196,777002205 56804,7928249149
59314,9840276748 58707,1099267215 38600,2855610362 56763,6716502353
59314,9840276748 58504,845975141 41721,5316070076 56786,0373791496
59314,9840276748 58369,5061516774 43948,4948075143 56804,1791270413
59314,9840276748 58230,3772702966 42358,0829292558 56758,3408275199
59314,9840276748 58098,2489715453 41951,1126308992 56761,1124093605
59314,9840276748 58078,6104495619 39560,7568804676 56626,7381170979
59314,9840276748 57922,6287783484 37562,9488531184 56563,7485474842
59314,9840276748 57918,3833219116 37400,8326525279 56735,4392323917
59314,9840276748 57920,5351571552 39859,5131384196 56721,7828878472
59314,9840276748 57901,4453054854 40713,722002367 56658,1442964949
59314,9840276748 57899,2934702419 40117,3821906651 56717,8752815534
59314,9840276748 57972,0337783776 36688,037012022 56729,1420335061
59314,9840276748 58160,603821659 39138,5630954228 56706,9951998925
59314,9840276748 58174,443520049 40573,2200279752 56760,7839739224
59314,9840276748 58329,1201532554 38724,1860988252 56760,9472094762
59314,9840276748 58136,0356593592 41893,0866804504 56768,4298805792
59314,9840276748 58214,299071096 40363,6425216617 56727,2395185145
59314,9840276748 58141,4230299738 39423,7750046574 56720,3380089199
59314,9840276748 58600,0971982425 40625,7410409068 56705,7968081593
59314,9840276748 58515,0932669569 39195,4883711427 56625,4621656653
59314,9840276748 58488,6730055681 40177,0108750848 56497,2002421998
59314,9840276748 58308,3565028292 37990,9533270544 56582,966227399
59314,9840276748 58229,5737960726 35825,4683948856 56612,2256274943
59314,9840276748 58318,9708221201 38369,50105401 56662,7342711963
59314,9840276748 58229,1538647062 42089,7411184662 56633,7219598626
59314,9840276748 58229,1538647062 40063,4468172266 56689,4085953935
59314,9840276748 58228,0131266453 39473,5713179778 56573,1320648595
59314,9840276748 58113,9673087113 41021,0555090979 56516,2513760806
59314,9840276748 58271,1908687232 40133,6265735334 56580,6989761697
59314,9840276748 58274,592862074 43144,4314226722 56713,244304835
59314,9840276748 58072,3787848674 38955,1975993228 56693,428291886
59314,9840276748 58350,7726612413 41308,567090706 56761,3505060663
59314,9840276748 58220,068931008 38999,3464898591 56793,3358513539
59314,9840276748 58210,2446028766 37908,8220103724 56811,8562939537
59314,9840276748 58137,504294741 41599,6322754533 56716,0692666063
59314,9840276748 57903,6782590668 40769,2591039402 56706,7996907327
59314,9840276748 57976,9622771011 39117,9218303725 56745,9813448051
59314,9840276748 58002,4970279733 41166,4690373932 56747,3409446475
59314,9840276748 57738,1760748191 43313,6034776875 56732,389140155
59314,9840276748 57925,9381653349 42186,1261455402 56767,748422725
59314,9840276748 58148,8619956714 41735,9662942295 56770,9183006008
59314,9840276748 58188,5421519662 40988,913819566 56794,283251131
59314,9840276748 58174,4918940017 40763,0697616174 56757,9744696429
59314,9840276748 58093,4617195417 40235,3535648065 56738,3140428377
59314,9840276748 58350,1434810703 38269,784227702 56754,2343449519
59314,9840276748 58427,4001185363 43018,486754842 56766,3546372554
59314,9840276748 58577,3363297729 39263,4383714604 56808,6124886588
59314,9840276748 58614,0780868121 42866,6532276893 56852,298015931
59314,9840276748 58698,2180886804 37282,4354543746 56884,6957718545
59314,9840276748 58665,2766102781 43184,6717770441 56762,9354805768
59314,9840276748 58691,696871667 37146,2345610519 56740,0091967772
59314,9840276748 58724,6383500693 41051,7468879857 56814,4978207952
59314,9840276748 58444,2113618635 40610,7065798937 56745,5251652115
59314,9840276748 58271,2478656033 44057,4830597669 56710,034910246
59314,9840276748 58280,7315768281 40158,1687377564 56719,672243236
59314,9840276748 58334,6461207466 40958,0848776904 56691,1710040099
59314,9840276748 58313,8058251406 41572,6257181105 56685,959820477
59314,9840276748 58317,9790384327 38764,6859594684 56647,5798703704
59314,9840276748 58068,7029059108 42784,865555974 56581,7027514886
59314,9840276748 58177,5454027842 41812,8122271761 56572,3248755505
59314,9840276748 58075,5039977009 40420,8356372483 56633,0045253816
59314,9840276748 58106,2639541399 37484,6301145448 56674,1186528886
59314,9840276748 58022,1239522715 39701,3505468092 56731,1572137866
59314,9840276748 58115,6759840579 39701,3505468092 56764,6633024555
59314,9840276748 58000,3123899745 38763,0173219246 56784,7806730378
59314,9840276748 58549,4641867908 44466,0037564217 56880,0242206724
59314,9840276748 58361,622160361 42508,5139373315 56886,0525727379
59314,9840276748 58415,48200504 41384,4907081798 56907,5964259579
59314,9840276748 58422,2175058068 42760,6836520741 56891,1215899187
59314,9840276748 58411,7356718603 42452,3439952221 56818,1191211012
59314,9840276748 58270,4862484818 38974,1709078649 56793,2986244804
59314,9840276748 58206,3799136369 42143,1190747051 56762,4399371819
59314,9840276748 58059,9281416905 38774,6576619345 56771,4987778085
59314,9840276748 57988,544534943 41678,4657623298 56741,7121431366
59314,9840276748 58262,0445978461 42913,7502515838 56787,5129038189
59314,9840276748 58268,6505878383 37585,3400064748 56762,2671729549
59314,9840276748 58169,1630756224 39991,1929871558 56769,3338849475
59314,9840276748 58265,5759476906 44077,0360970176 56820,7415364844
59314,9840276748 58265,5759476906 44503,8900609532 56812,4859289309
59314,9840276748 58235,1687336093 34196,3698560621 56820,5676450408
59314,9840276748 57916,8179770422 41122,3668327163 56781,09675778
59314,9840276748 58048,3183808737 38947,1477397121 56791,8589350114
59314,9840276748 58366,6691374408 37206,235094103 56814,1178765915
59314,9840276748 57996,6522278484 45339,246292037 56758,2373868662
59314,9840276748 58042,6952032752 43766,8647050503 56741,6861447276
59314,9840276748 58100,1358742657 32310,8568335326 56747,0708876662
59314,9840276748 58470,152783858 42388,4969896472 56816,0226829886
59314,9840276748 58565,0545344374 39387,8016681096 56836,6074821544
59314,9840276748 58488,8870074684 40144,9762428586 56826,5120833448
59314,9840276748 58507,1173117329 42008,5031033514 56825,1125070304
59314,9840276748 58375,1208848897 41032,424174217 56840,9387507252
59314,9840276748 58094,1251222936 38828,6981405549 56824,9788309677
59314,9840276748 58329,1857743069 43683,7488653679 56826,4781133992
59314,9840276748 58117,5632620821 38683,194522532 56836,9273723175
59314,9840276748 58205,9724662132 38301,1317463857 56850,085321145
59314,9840276748 58140,9451960572 40858,2430060457 56802,0483429548
59314,9840276748 58140,9451960572 39451,7727235979 56734,4219722711
59314,9840276748 57877,0779735275 40595,5132975852 56750,053640787
59314,9840276748 58219,627396338 37005,6912788779 56851,6306708666
59314,9840276748 58219,627396338 37397,087278811 56749,4168600588
59314,9840276748 58240,2571757826 36967,1636855791 56784,424499903
59314,9840276748 58240,2571757826 43165,635553663 56778,4826353663
59314,9840276748 58520,9359471534 42375,7620409628 56739,0523839387
59314,9840276748 58621,1821842616 39689,4876311549 56706,6101802282
59314,9840276748 58610,1776780296 42122,5010435367 56731,0273945919
59314,9840276748 58288,9116311357 43468,0142298065 56776,2803220634
59314,9840276748 58402,8227950452 37632,7100170435 56757,9001942516
59314,9840276748 58427,7073107597 39165,6540695457 56739,5753439796
59314,9840276748 58466,7412403538 37397,8407648264 56759,996948221
59314,9840276748 58597,3149534101 43234,1796180347 56741,8139520257
59314,9840276748 58608,319459642 40942,3801475633 56757,5808831303
59314,9840276748 58434,9296003252 41948,9150933634 56720,9178436647
59314,9840276748 58240,8347785899 40723,9207611079 56786,0743629065
59314,9840276748 58319,0801515386 39890,0462972947 56799,9326539087
59314,9840276748 58325,2789331581 39585,3920253569 56884,8694128225
59314,9840276748 58331,7834225774 42868,3902980795 56932,4563468075
59314,9840276748 58404,1683628925 36914,111771168 56981,6207349474
59314,9840276748 58415,4436809915 40815,6282199818 56947,9556616327
59314,9840276748 58415,4436809915 41500,6505296724 56854,0148057454
59314,9840276748 58382,8788365268 42840,4897127379 56835,8269940384
59314,9840276748 58463,918592259 39537,3888859774 56902,5552687561
59314,9840276748 58436,649312731 39697,5814060841 56934,9367414449
59314,9840276748 58538,9834575677 40359,7196194742 56922,1107847913
59314,9840276748 58444,3065147167 40204,8307463136 57025,2951060492
59314,9840276748 58477,9069732704 38395,3145007373 57036,0596700743
59314,9840276748 58474,7307978375 41590,7641185152 57037,3311918412
59314,9840276748 58564,5533795775 42511,0700731063 57001,6649691975
59314,9840276748 58630,699036192 40209,5761758971 56933,7415934345
59314,9840276748 58893,6122326866 39178,2870101436 56939,4304083085
59314,9840276748 59116,9339176387 41270,4376143408 56979,8089006901
59314,9840276748 59017,4412725993 39222,2546370413 57028,511029435
59314,9840276748 58866,746069141 44082,2203298884 57065,0041925666
59314,9840276748 59000,2309280057 37997,1481758167 57048,65419776
59314,9840276748 58860,5169288848 43482,4360310489 57008,1454050586
59314,9840276748 58949,037617671 37461,0373826739 57004,4126294251
59314,9840276748 59033,3023155339 42158,723794676 57014,6514418901
59314,9840276748 58954,3295638519 38172,6879483162 57046,4672778899
59314,9840276748 58972,5598681164 39647,6905724882 56989,2142851427
59314,9840276748 58413,3024575612 44522,2889165649 56919,5511706553
59314,9840276748 58492,2752092432 40448,9664486205 56927,2565800342
59314,9840276748 58576,900241597 42155,6500981262 56943,0545806143
59314,9840276748 58403,9882631399 40325,0311435976 56903,9161870271
59314,9840276748 58435,6672597433 43022,0926621902 56846,1272200284
59314,9840276748 58483,2946887787 40192,797315897 56813,8083681558
59314,9840276748 58554,8123952931 38069,8623272347 56891,5837304771
59314,9840276748 58662,1793833563 41203,6999786979 56854,9062051402
59314,9840276748 58447,4508570108 41234,3442770516 56878,8504604881
59314,9840276748 58483,1889159297 40576,3888765461 56881,7038447493
59314,9840276748 58464,6098965401 42015,5093725018 56868,4195735456
59314,9840276748 58339,1150636604 37999,3630363753 56875,4823612884
59314,9840276748 58327,7185972171 36495,7193789964 56890,7543497001
59314,9840276748 58225,0269012334 39505,9598524539 56807,8812404074
59314,9840276748 58315,1972980918 41245,4258726141 56863,4622074409
59314,9840276748 58340,6299120076 41171,2858657948 56858,0356247508
59314,9840276748 58428,953551388 38674,7036774291 56835,990679346
59314,9840276748 58587,4292950205 40206,7793404838 56761,2041840528
59314,9840276748 58543,3109363283 39845,8534612333 56814,5510155382
59314,9840276748 58450,6626809982 39791,3756213575 56789,7059914252
59314,9840276748 58519,3806952553 42038,6557600895 56743,928392519
59314,9840276748 58332,9166572259 38802,1426572627 56745,3475004902
59314,9840276748 58262,9422764591 38585,5932395615 56749,0568370851
59314,9840276748 58312,9754744233 41878,2659848542 56783,0198315515
59314,9840276748 58144,2542276037 40860,2752220124 56804,8691793701
59314,9840276748 58184,900266387 40713,054749497 56765,5367896311
59314,9840276748 58219,1888205967 42339,5383776044 56762,1312449345
59314,9840276748 58312,4929328266 37473,3404275131 56801,0959711341
59314,9840276748 58324,1905038603 41255,6201020147 56824,0447536386
59314,9840276748 58374,904567985 41648,1194065879 56882,811324103
59314,9840276748 58333,4777671443 42829,5821414277 56916,5511942966
59314,9840276748 58332,3511297872 44278,9292494514 56926,3702916345
59314,9840276748 58427,027182004 40349,5477905027 56901,2422074904
59314,9840276748 58508,9851457988 40749,6094055747 56823,152354654
59314,9840276748 58350,1354848248 40545,4901300067 56841,6375399954
59314,9840276748 58417,438324556 44543,5171457903 56861,7000222058
59314,9840276748 58566,8503793123 41389,1327746058 56935,4826563289
59314,9840276748 58534,5514895198 41284,8803980561 56892,4959182467
59314,9840276748 58460,2328079753 40052,227628243 56929,4418483273
59314,9840276748 58451,1822050077 40938,1542172898 56950,5932105861
59314,9840276748 58510,5737672775 39250,352840745 56947,1436321642
59314,9840276748 58345,6627306664 39118,024820879 56835,8226843524
59314,9840276748 58339,2210794178 43900,3706969015 56862,0465562332
59314,9840276748 58484,33095997 44087,7876705305 56885,6217806281
59314,9840276748 58484,33095997 40815,7361599114 56828,172777556
59314,9840276748 58583,1596778878 39003,4962822015 56908,4845421086
59314,9840276748 58549,5921388909 42468,9347389459 56894,9387272192
59314,9840276748 58429,8832104222 43708,0886427371 56827,6697445534
59314,9840276748 58662,7188086773 43897,4583348919 56880,4247995094
59314,9840276748 58665,2339633 37878,5903125988 56781,6094124282
59314,9840276748 58514,1793728322 37863,0920925527 56787,5718923543
59314,9840276748 58565,5078200461 41671,5862185835 56883,159956057
59314,9840276748 58652,7413855718 41411,5620440104 56931,8803571245
59314,9840276748 58660,8884331677 40097,50742578 56941,0683365411
59314,9840276748 58775,7500531518 41277,0428854806 57025,3190793364
59314,9840276748 58846,1473955385 40391,6069300207 57039,3405446346
59314,9840276748 58732,9750292657 40094,6862582626 57001,1065721711
59314,9840276748 58951,8571322028 43138,8007612839 57002,0089206452
59314,9840276748 58978,4356947566 41774,6600731462 57021,8099593247
59314,9840276748 59013,6313379126 41533,2533220609 56954,8561181786
59314,9840276748 59008,0141433957 43514,6038963483 56955,5808196185
59314,9840276748 59033,8329226708 41020,8433351342 56985,0170778834
59314,9840276748 59051,9073347656 39494,1962846898 56944,9057133617
59314,9840276748 58853,5513415504 42178,7111491435 56865,0551273962
59314,9840276748 58700,063621022 38091,2547669321 56885,5828248056
59314,9840276748 58551,0714393375 40428,6331424033 56799,3856749748
59314,9840276748 58593,7366427827 40932,2993532733 56808,4443557053
59314,9840276748 58439,6917901325 36160,4676598941 56770,0036223407
59314,9840276748 58432,3696918957 41223,8911348655 56733,3679028777
59314,9840276748 58643,6649778647 37375,4566177852 56802,1080634991
59314,9840276748 58267,844258161 37214,7793632057 56746,3923835771
59314,9840276748 58158,2872403537 35674,6414298088 56707,1312400228
59314,9840276748 58318,6345463523 40797,4301421573 56719,557503849
59314,9840276748 58261,4342364562 37423,5026668298 56706,941870956
59314,9840276748 58353,4651573256 34206,9797709356 56691,4971896043
59314,9840276748 58326,45692754 35601,063257974 56741,3132663781
59314,9840276748 58247,3005344755 41159,5679933161 56673,6932802986
59314,9840276748 58388,9330846392 41583,5922878135 56677,7829830174
1074,84453023732
58388,9330846392 56677,7829830174 54710,3040991867
