39819,2580604875 39819,2580604875 35688,1841500702 37585,811173347
41450,2058005491 41450,2058005491 34612,2020103482 39173,4360310001
43743,9721932738 43743,9721932738 35278,1895265964 40649,1077896955
45130,7623184559 45130,7623184559 36911,8774263744 42140,8149693883
46064,4103862975 46064,4103862975 38987,9638729749 43354,4538811533
46690,8391629636 46690,8391629636 39487,1529383569 44257,9744641856
47494,8472963969 47494,8472963969 40426,9865118783 45335,2541331637
47728,9140692338 47728,9140692338 40390,1872295173 46088,1246451132
48946,2721084451 48946,2721084451 41878,503982817 47007,4154183561
49272,6575278273 49272,6575278273 43020,7687382347 47783,6674844363
49860,9918916191 49860,9918916191 42957,1877157922 48550,4945912299
50814,6779612471 50814,6779612471 43660,6801661541 49364,4430496632
51385,2847889389 51385,2847889389 45350,486549158 50017,3734750068
51885,1916524412 51885,1916524412 46528,176094521 50537,3577708362
52773,4196913245 52773,4196913245 46410,6809538503 51218,9250209243
53051,7053828329 53051,7053828329 44680,5282562784 51888,6843142648
53718,2784326006 53718,2784326006 47919,2684780945 52550,9635305897
54254,654168904 54254,654168904 49105,6991227868 53061,5244011555
55119,1056064742 55119,1056064742 48292,5666213573 53734,7469152853
55405,86771021 55405,86771021 48524,920500166 54077,9705879875
55890,598056549 55890,598056549 49058,1810938858 54628,136718488
56013,9303005022 56013,9303005022 49503,8457097319 55085,1323323184
56328,7626872891 56328,7626872891 51320,1969020258 55615,319484878
56997,7220443788 56997,7220443788 50602,0953871839 56037,8217861895
57319,0061884421 57319,0061884421 51919,0482119387 56388,5978656656
57721,8618526711 57721,8618526711 52024,9447656277 56619,8954646127
58103,7655768347 58103,7655768347 51589,4205782242 56926,2281061097
58246,9250991621 58246,9250991621 52499,715076218 57243,185842089
58422,6094428457 58422,6094428457 53487,7387674051 57585,1207802095
58503,5073274785 58503,5073274785 53519,2532346117 57777,9106892978
59141,5139650134 59141,5139650134 53770,5837129261 58075,7245281838
59427,3480179482 59427,3480179482 54115,061504194 58332,3545065225
59643,4268773364 59643,4268773364 54747,8119784293 58621,7393505316
59718,3712823032 59718,3712823032 55074,0651447956 58801,5325504806
60421,4486564998 60421,4486564998 54305,1849726329 58980,8276795251
60612,4626922304 60612,4626922304 54014,4408759273 59200,2703491879
60751,8908475736 60751,8908475736 55135,4392035785 59325,0992128555
60751,8908475736 60670,4766328286 55437,2666309737 59517,9615102712
60751,8908475736 60721,5939775499 55838,4660786589 59680,9952268187
60935,2890489181 60935,2890489181 55633,0862523548 59825,2432198542
60935,2890489181 60901,9672992142 55496,6246284019 59955,1970255229
60972,6928743169 60972,6928743169 55368,8430597712 60106,4612418067
60972,6928743169 60957,4056694852 56042,1716787565 60244,1430317034
61042,7414187362 61042,7414187362 56007,0524380025 60363,6479203228
61641,2032104644 61641,2032104644 56250,7191451534 60444,3919505714
61705,5184995522 61705,5184995522 56061,340131024 60634,5764199608
61718,090227418 61718,090227418 56940,9903248657 60709,8753276063
61841,2088381256 61841,2088381256 55820,9772462578 60831,5422289718
61841,2088381256 61814,5961313098 56580,3240364543 60854,2352892441
61841,2088381256 61741,6994762261 57164,1702071269 60875,4027309099
61841,2088381256 61746,4001047848 56393,762260953 60964,3887674694
61841,2088381256 61825,1217882464 56258,1450897373 61146,8114079702
61868,191965814 61868,191965814 56900,6589599009 61218,7319110769
62076,3013187448 62076,3013187448 57278,6696098394 61325,8635618385
62101,7674658727 62101,7674658727 56551,9077983081 61392,3141981638
62252,8924363665 62252,8924363665 57455,6070223706 61446,0743945068
62299,5749710975 62299,5749710975 57098,0042110237 61570,8448277254
62337,5146082834 62337,5146082834 57815,7827390144 61736,4966478313
62337,5146082834 62298,3313551082 58352,7599577511 61843,2052259019
62399,1994664051 62399,1994664051 58526,5040616858 61984,334037407
62477,524061861 62477,524061861 58116,5930206084 62077,1289646435
62477,524061861 62467,2752613484 57908,2709794492 62124,2641543606
62608,4299068011 62608,4299068011 58269,1402516819 62194,6938366622
62638,9750865345 62638,9750865345 57257,0703539228 62201,9193365842
62855,8015495374 62855,8015495374 57416,8544253088 62289,6960198219
62860,7076117925 62860,7076117925 57286,0062670605 62352,185140247
62960,2555806134 62960,2555806134 58305,233285473 62398,2378478242
63113,0005890639 63113,0005890639 58917,8509709055 62484,679241173
63353,1886206434 63353,1886206434 59317,1223391183 62540,2203144919
63353,1886206434 63294,9965601399 58775,650379103 62577,2208080248
63353,1886206434 63326,7198767614 57947,5247160245 62603,3351325336
63353,1886206434 63314,3673083279 58554,0755771811 62621,3698007301
63353,1886206434 63337,7945586688 58562,7063114895 62663,4996648059
63369,0337536408 63369,0337536408 57997,2954803596 62729,0490326462
63484,8277726391 63484,8277726391 58714,7090911719 62758,7266685358
63520,9910811478 63520,9910811478 58796,5808981056 62797,6940605094
63520,9910811478 63490,1204052773 58853,6254906384 62793,2980386421
63569,7640540955 63569,7640540955 57628,3110725766 62872,579008362
63660,985426517 63660,985426517 59026,6718570545 62911,4938803518
63660,985426517 63567,3512890012 59227,3617353854 62871,1741322251
63660,985426517 63588,9422162838 58631,9395420344 62889,9704371539
63660,985426517 63425,5087463609 58328,9605456222 62889,6187045177
63671,185019693 63671,185019693 58845,7195487681 62936,7132919866
63745,7501314928 63745,7501314928 58861,1203584693 62939,8891805237
63867,1904324069 63867,1904324069 58873,05088154 62966,3961357998
63894,1796330926 63894,1796330926 58457,8272620252 63003,3486865506
63894,1796330926 63850,8236114443 57666,7293506381 63043,0040160467
63894,1796330926 63824,8014971074 58512,6178801135 63046,5025985515
63894,1796330926 63706,5291263056 58954,988424994 63092,0174856223
63894,1796330926 63683,2314364003 59117,221304326 63160,2431746199
63894,1796330926 63636,3178020562 59197,2233638945 63177,6995376396
63894,1796330926 63671,88107979 58960,0625039881 63207,2774607398
63894,1796330926 63657,288783965 58679,3215673021 63228,1603970364
63894,1796330926 63689,7857557653 58370,695593107 63229,9996002962
63894,1796330926 63719,9939345708 59516,15245441 63235,0084884539
63894,1796330926 63622,2663148688 59128,0838017783 63230,4538100279
63894,1796330926 63719,0542107348 59370,7022159384 63238,3739208138
63894,1796330926 63731,3539820601 59192,0418595488 63297,2786871413
63894,1796330926 63725,8427037798 59747,159616128 63301,5711646084
63894,1796330926 63848,37461555 59592,7337309732 63342,1609935733
63894,1796330926 63861,478907643 59369,5133463737 63331,3906778095
63904,3602506903 63904,3602506903 59654,8373054298 63326,7286010557
64020,2685366801 64020,2685366801 59308,6816517896 63359,0490968691
64034,6412471356 64034,6412471356 59179,5330909522 63350,1844123302
64034,6412471356 64001,1248184141 59795,8128993752 63344,3007370068
64034,6412471356 64032,1003865452 59379,6423222198 63330,3566386298
64034,6412471356 63976,7529858652 59431,403865477 63309,9100865716
64034,6412471356 63976,7529858652 59448,6755824214 63299,7856676832
64034,6412471356 63747,9855266225 58564,233377834 63297,9022357235
64034,6412471356 63744,3418529271 59380,6518950411 63294,3701263529
64034,6412471356 63825,6613040002 59019,8927185038 63288,81797221
64034,6412471356 63696,887288023 58874,4228417186 63274,3916151854
64034,6412471356 63762,408166574 59437,7887215717 63268,6685963467
64034,6412471356 63727,8362341411 59377,9572102015 63237,9837236649
64034,6412471356 63684,9548910938 58990,7981745249 63240,0890849507
64034,6412471356 63736,3329853219 59661,4050238765 63269,5650971554
64034,6412471356 63916,4057900685 58856,6924189956 63287,923653571
64034,6412471356 63862,4171784189 58737,2062303192 63306,0372832784
64034,6412471356 63840,7380989119 59130,9208412277 63281,3710637984
64034,6412471356 63745,6370401771 59432,7958383137 63302,8410597369
64034,6412471356 63733,1336546283 58656,3011931463 63317,8849302143
64034,6412471356 63791,7467408808 58872,8557558816 63324,6036994363
64034,6412471356 63777,3332168865 58811,5449751161 63329,2112456736
64034,6412471356 63850,716330906 59923,7222281566 63335,0357790417
64034,6412471356 63865,1298549003 58578,6165661571 63345,4999036246
64034,6412471356 63970,486094017 59206,2250810696 63375,9993685079
64092,176617458 64092,176617458 58877,7083781304 63391,1008640912
64092,176617458 64064,3914942847 60217,0856074476 63382,0382778354
64164,7344267789 64164,7344267789 58892,7975287723 63403,522528242
64205,279641502 64205,279641502 59639,2012812729 63428,3207281817
64205,279641502 64147,3973366531 59244,8205357364 63424,7026763748
64360,3690712628 64360,3690712628 58904,672595292 63465,8076734421
64360,3690712628 64254,221802655 59576,5163949768 63481,5907565766
64360,3690712628 64178,7521693293 58790,8937734859 63427,0725539007
64360,3690712628 64211,3995801873 59408,0208772432 63439,7068262401
64360,3690712628 64165,9478205057 59881,8656943511 63444,7550686344
64360,3690712628 64106,3910567815 58644,4783490265 63431,9037317149
64360,3690712628 64105,9813518528 59015,6850121718 63434,0919222213
64360,3690712628 64024,3126226335 58585,0903767911 63418,3561354301
64360,3690712628 64038,1220729683 58898,5713995171 63411,8656614058
64360,3690712628 63887,8795957545 59679,1144973584 63421,2287530371
64360,3690712628 63887,3851212649 59382,5376427235 63418,2222652594
64360,3690712628 63970,5688814474 59376,7418258207 63385,0351270357
64360,3690712628 64302,5396801043 59455,9410511798 63434,9338520037
64360,3690712628 64155,0374974758 59344,081403596 63405,6868597582
64360,3690712628 63985,9716942443 59502,8529264509 63407,338033831
64360,3690712628 64089,8962281162 59362,4287496039 63441,2689467603
64360,3690712628 64004,5365982241 58817,9532265687 63501,080154731
64360,3690712628 64021,9034485326 58568,7124154325 63522,8427690281
64360,3690712628 64056,0999823699 59839,7194310688 63546,1162278427
64360,3690712628 63928,4689098507 59574,7276349337 63527,9340094776
64360,3690712628 63917,8893815791 59558,699517496 63508,9507113122
64360,3690712628 63953,0711044963 59367,856374567 63583,4817144652
64360,3690712628 64045,9050768629 60405,3760596947 63602,5116639223
64360,3690712628 64076,157205791 58876,5656611604 63597,6088404824
64360,3690712628 64076,157205791 59907,8907322035 63580,4793382354
64360,3690712628 64124,0442489624 59897,7286563672 63596,0028509206
64360,3690712628 63982,4317931014 59194,3623014282 63553,9743903083
64360,3690712628 63955,3280399745 59652,4292082982 63541,9055859916
64360,3690712628 64020,5370627719 59724,4146580465 63539,188354888
64360,3690712628 64105,896692664 59386,3069422178 63541,1875533726
64360,3690712628 64106,8373330712 60155,271001615 63543,2934870754
64360,3690712628 64083,5694341233 59559,1008154062 63572,7309940772
64360,3690712628 64053,8807816919 58770,7093709051 63648,5067010904
64360,3690712628 64032,2108420676 59466,7397769107 63634,5567726068
64360,3690712628 64024,9623042949 59387,4061732661 63657,9778489624
64360,3690712628 64069,1002992102 59077,6234736436 63646,942219741
64360,3690712628 64046,1553898473 59789,5032243171 63643,7854061827
64360,3690712628 64048,362150734 59550,9135855772 63640,5536261656
64360,3690712628 64101,3974668862 59849,4984128897 63650,9745376977
64360,3690712628 64079,876513107 59357,8371303723 63648,3863301578
64360,3690712628 64079,876513107 59411,1987525286 63650,4859714259
64360,3690712628 64087,7282508341 59576,4958526384 63625,9944740918
64360,3690712628 64138,3455957114 60006,6717452845 63640,0925974959
64360,3690712628 64208,0366217061 59907,9113463605 63614,9931356265
64360,3690712628 64208,0366217061 59942,3742196284 63632,7870516583
64360,3690712628 64218,0539589827 59265,8020162714 63615,2858323864
64360,3690712628 64196,8720130033 59436,6052971529 63577,0271777773
64360,3690712628 64104,3343859304 59236,0604329774 63558,4360639044
64360,3690712628 64072,8744979783 59693,0364908506 63579,0809311856
64360,3690712628 64161,4354013136 59676,5710351855 63619,544897974
64360,3690712628 64111,9928766399 58948,4550449146 63628,4676885711
64360,3690712628 64111,9928766399 59025,9230824496 63624,7550871793
64360,3690712628 64053,4861248773 60170,1325126791 63643,8996169817
64360,3690712628 64049,5975760054 58699,9024807417 63694,2741704348
64360,3690712628 64064,2859773418 59766,2108594686 63721,4431015948
64360,3690712628 64076,5843831272 59078,5727541787 63705,8186447547
64360,3690712628 64102,0465575908 58679,383961772 63699,5904497787
64360,3690712628 64186,3098528613 58978,2406823138 63689,8264107191
64360,3690712628 64265,8655934334 59580,4004893961 63669,1420430275
64360,3690712628 64272,5134512709 59654,3358358376 63682,1602283443
64360,3690712628 64271,1781803821 59325,5960246899 63674,8217925744
64360,3690712628 64216,8617798725 59621,8521453943 63657,5091493116
64360,3690712628 64216,8617798725 59934,5243479569 63645,8838461135
64360,3690712628 64217,3500024194 59581,8374172649 63655,2308749492
64360,3690712628 64156,8693984529 60019,6978659221 63645,1559384575
64360,3690712628 64071,8713009156 59195,4147829424 63652,7259692524
64360,3690712628 64115,4680232435 60161,4437069606 63694,1435189788
64360,3690712628 64107,2900336473 59299,3707929913 63710,7798625813
64360,3690712628 64161,1849691479 59403,9164024311 63679,8641870556
64360,3690712628 64251,9479737465 59409,9622785486 63696,7855662673
64360,3690712628 64181,4419998419 59984,5555857059 63691,471721243
64360,3690712628 64155,5262592475 58805,1846786276 63667,2033246138
64360,3690712628 64172,7686538863 59265,9881118056 63635,8651817819
64360,3690712628 64098,1164831937 60209,1924985433 63649,9085364603
64360,3690712628 64171,3685925543 60014,9552602228 63651,0063316431
64360,3690712628 64213,5892036865 59769,2853380212 63652,0542217736
64360,3690712628 64249,9927369343 59576,2583919521 63637,280160747
64360,3690712628 64285,0316384439 59266,205502912 63647,3998830417
64360,3690712628 64257,3442208417 59512,7023851281 63608,0369454499
64360,3690712628 64295,609375607 59851,0237454698 63609,6387664772
64360,3690712628 64310,5352300737 58555,8468656673 63598,1895856282
64360,3690712628 64337,2266387311 60025,4749122677 63612,1895401471
64360,3690712628 64261,2857806452 59605,0196853086 63627,092493982
64360,3690712628 64158,8753419072 59470,3257114325 63640,189322853
64360,3690712628 64234,8161999931 59444,5356942622 63645,2419808942
64360,3690712628 64136,5849291117 60272,8168257839 63630,8361565493
64360,3690712628 64141,3903155152 58902,068728325 63626,2426951419
64360,3690712628 64140,7147881116 60320,953760541 63637,2591632792
64360,3690712628 64256,5749565425 60049,3763474741 63592,1203068454
64360,3690712628 64230,3308742089 59383,4270508442 63578,7653195601
64360,3690712628 64263,1490590706 60364,3708455933 63582,276701302
64360,3690712628 64217,528430991 59694,8992725405 63618,8883740079
64360,3690712628 64243,3019073308 59103,0787496198 63596,7698689028
64360,3690712628 64138,1917308626 59643,4799891067 63577,2066154186
64360,3690712628 64138,1917308626 59041,2048378285 63628,0093696946
64360,3690712628 64212,8281381594 59235,2695094986 63642,9388391859
64360,3690712628 64199,1708993106 59744,1462838772 63608,5494071521
64360,3690712628 64253,1838592769 59067,7379282335 63640,0723762936
64360,3690712628 64279,4279416106 59421,0850499129 63669,5312686587
64360,3690712628 64333,6463218691 58681,5963017199 63710,5162780398
64360,3690712628 64357,0959257789 60328,531907966 63713,0302555719
64360,3690712628 64265,8345517169 60049,3476841288 63729,4793978675
64360,3690712628 64234,4554493159 60084,6523544185 63742,8791107903
64360,3690712628 64288,5994508266 58525,842135538 63715,6609380139
64360,3690712628 64207,4870753976 59948,8323780497 63722,6584232491
64360,3690712628 64164,4639090406 58950,8798754521 63692,9134860322
64360,3690712628 64117,9097786157 59619,8671659267 63706,6083243858
64360,3690712628 63994,0669754362 58643,4860216129 63670,563084414
64360,3690712628 64087,893293242 60005,1844098679 63697,9277197563
64360,3690712628 64167,4961271825 58757,939315941 63680,1956049062
64360,3690712628 64133,0389984362 58940,0735832094 63685,5255056084
64360,3690712628 64053,4361644957 59844,2268350158 63643,34954024
64360,3690712628 64036,9598102493 59870,5136061474 63657,0666071
64360,3690712628 64050,8403780458 58880,4039113667 63682,1789251043
64360,3690712628 64053,330365328 59737,7948335092 63696,1636312346
64360,3690712628 64056,1180348321 59625,5992400167 63740,9729269465
64360,3690712628 64056,2038926038 58692,9199147404 63726,0321107522
64360,3690712628 64052,5244061829 59763,7386420121 63768,1541050832
64360,3690712628 64186,8093318283 58786,3819809507 63770,2623211028
64360,3690712628 64135,3423446291 58996,8254980593 63728,7123350967
64360,3690712628 64053,9837951592 59151,8495021268 63761,4989055051
64360,3690712628 64077,0173209713 59098,8942284629 63735,5122052806
64360,3690712628 64146,317755181 58532,8469883403 63734,9159308244
64360,3690712628 64176,7608280781 59815,4860200252 63750,0861202707
64360,3690712628 64120,6305582981 59880,2896855534 63749,7732622869
64360,3690712628 64159,0087744679 59599,4703975461 63749,8757905797
64360,3690712628 64156,4706143153 59504,4198890928 63735,4679365869
64360,3690712628 64246,2580654999 59225,3142793525 63729,0587616411
64360,3690712628 64242,6583743146 60117,3917980514 63715,1317968925
64360,3690712628 64255,1002847564 60026,952529919 63707,0105816652
64360,3690712628 64281,6789854963 59208,7372517449 63729,3403099146
64360,3690712628 64239,6881319856 58265,9215126996 63737,2572702616
64360,3690712628 64291,711267926 60302,5939283106 63719,959194673
64360,3690712628 64265,2198253467 59950,813231702 63705,3111735943
64360,3690712628 64219,3882603808 59419,7431206813 63692,6972255685
64360,3690712628 64143,2816520137 59886,6676956335 63698,1224850188
64360,3690712628 64159,8406087562 59942,1317204734 63687,8281276734
64360,3690712628 64142,0982449501 58466,0075180237 63689,6184112487
64360,3690712628 64188,5947148734 58847,949951157 63671,1948604071
64360,3690712628 64206,3370786796 59581,6175178041 63654,6563237963
64360,3690712628 64305,7929332988 59803,010047202 63648,8489941106
64360,3690712628 64287,6818513958 58610,946451028 63676,8264948209
64360,3690712628 64243,3858730923 60189,5403767519 63672,2827523606
64360,3690712628 64211,3168032673 59299,7423228008 63665,6197372912
64360,3690712628 64279,3944553751 59254,7925624515 63657,5003870499
64360,3690712628 64264,3222460811 58911,2500275158 63662,0489403227
64360,3690712628 64131,6676641116 59250,479108855 63690,4133377244
64360,3690712628 63980,3903533253 58756,2648096705 63674,4206807406
64360,3690712628 64235,6061785887 59685,9228028725 63790,3052729804
64360,3690712628 64242,3165761535 59504,1254533082 63801,6386809422
64360,3690712628 64306,5397121615 58087,8682882012 63816,8228135524
64360,3690712628 64306,5397121615 59942,4372783164 63796,4844056362
64360,3690712628 64302,5139936962 58015,1298255208 63805,0499454151
64360,3690712628 64228,0181450181 59365,5541585405 63776,1747434154
64360,3690712628 64229,4579099854 59342,314026685 63791,3246405819
64360,3690712628 64158,5486805169 60075,8737769444 63778,3310165174
64360,3690712628 64138,5823507845 58779,8549044234 63721,8607504969
64360,3690712628 64122,9109706256 58668,7999834175 63732,5180743163
64360,3690712628 64172,3534952993 60457,428175271 63745,7626546415
64360,3690712628 64163,8456915739 59133,2526922272 63787,801414847
64360,3690712628 64126,385449212 59600,9637396782 63762,4656590716
64360,3690712628 64136,8380212913 58668,3780066442 63748,802647957
64360,3690712628 64185,7338664022 59447,6090802618 63760,9518013427
64360,3690712628 64185,7338664022 59607,7568402863 63774,9860832656
64360,3690712628 64156,185882468 60501,9423257082 63756,5326660437
64360,3690712628 64155,964824764 58721,3563500118 63732,0850533942
64360,3690712628 64241,3359637892 58875,417353697 63733,352084631
64360,3690712628 64270,8839477234 59331,9732835702 63734,8540338927
64360,3690712628 64289,9296152061 59282,9130508597 63787,3571793224
64360,3690712628 64303,2256129062 60537,4934623668 63789,190490326
64360,3690712628 64358,5949167647 58515,8172264119 63760,6795037295
64360,3690712628 64314,4008053504 59361,6861685718 63802,7676425459
64360,3690712628 64209,3182071012 59499,9081233395 63792,6113795616
64360,3690712628 64235,7482445797 60425,0597774698 63796,4203664355
64360,3690712628 64215,5384643638 58752,5673954446 63812,798562076
64360,3690712628 64208,0414356065 59209,7028034626 63793,1945160781
64360,3690712628 64334,499345206 59359,9398151919 63802,8135595551
64360,3690712628 64346,484345539 59913,147626523 63803,4807767162
64360,3690712628 64258,4981640469 59523,1370469088 63761,2056036616
64360,3690712628 64258,0923841401 60018,3365333578 63717,8779416991
64360,3690712628 64165,3662158242 59696,3220948483 63705,1431744976
64360,3690712628 64249,7012188906 58569,3626813611 63739,8463208285
64360,3690712628 64219,8342227675 59905,501958612 63717,6654517787
64360,3690712628 64096,5329958007 58650,2268648435 63717,5145512127
64360,3690712628 64125,596749669 59922,5230628894 63767,873854941
64360,3690712628 64194,610006526 59070,1428509749 63785,7384024477
64360,3690712628 64211,8379467183 58481,464028082 63775,0131612469
64360,3690712628 64220,0965626887 60068,6564358224 63749,9651079232
64360,3690712628 64299,0539681729 58983,0186670411 63740,9794736745
64360,3690712628 64269,5453406536 60241,6532792583 63736,2639604386
64360,3690712628 64268,0924740675 59672,1192775295 63772,9824678765
64360,3690712628 64230,9704731387 59386,7497818181 63728,7445958755
64360,3690712628 64216,1660297303 59181,4568073495 63738,968047948
64360,3690712628 64130,2800667126 59854,8984181693 63739,6081287366
64360,3690712628 64113,027100389 58411,7629179219 63741,2763807168
64360,3690712628 64115,6093119675 58583,3148023424 63749,7970371478
64360,3690712628 64147,4621629239 58558,1977531989 63708,9117463042
64360,3690712628 64147,4621629239 59860,6012900108 63713,2766438879
64360,3690712628 64099,9553510565 60054,2239281659 63705,9839015272
64360,3690712628 64030,054194845 59274,7176900909 63690,8176967674
64360,3690712628 64056,9579134715 59199,9770202906 63704,9372687989
64360,3690712628 64103,4624602972 59599,7051953026 63694,8827431611
64360,3690712628 64085,8803910572 59685,6447310616 63713,0588907922
64360,3690712628 64080,092538807 59614,8928195473 63659,2306957534
64360,3690712628 64067,9954654871 59179,8091367554 63668,2785725385
64360,3690712628 64074,1509242456 60145,5319073909 63676,2158316902
64360,3690712628 64115,2719811419 58613,8160931488 63681,6252555879
64360,3690712628 64121,4219810196 59647,1112771179 63732,0489271761
64360,3690712628 64146,9767061483 58175,3802739091 63760,312011862
64360,3690712628 64185,4630126658 60385,618969375 63746,3148955319
64360,3690712628 64221,5868491061 59880,5432617754 63759,7164311562
64360,3690712628 64247,6390197578 59920,8860830931 63781,2827078361
64360,3690712628 64267,1518014188 59911,6136029509 63794,5152693434
64360,3690712628 64299,0818565778 60525,5418820737 63847,7051564331
64360,3690712628 64181,8250621465 60016,0243288901 63829,2754479016
64360,3690712628 64174,9986418355 59593,733646798 63809,2990653125
64360,3690712628 64216,0546805576 59824,2348398481 63778,2863251671
64360,3690712628 64158,1480232464 58640,429819362 63776,4024840634
64360,3690712628 64286,8505626161 58659,573147869 63801,8981033287
64360,3690712628 64134,1206637754 58624,8993803227 63741,149172923
64360,3690712628 64204,6420160396 59689,9552710939 63735,1637776627
64360,3690712628 64226,6179507453 59833,9525431124 63773,4560750237
64360,3690712628 64339,9684463652 59984,160691728 63797,5739685171
64360,3690712628 64333,8953333051 59574,5680715424 63757,6655663956
64360,3690712628 64238,9507639591 59612,6382662512 63740,4670381769
64360,3690712628 64329,5932104124 58677,3339100056 63745,0810238992
64360,3690712628 64360,1880559012 58905,3081253526 63713,77529257
64360,3690712628 64332,4537552948 59800,6770754559 63696,6855609077
64367,4093108855 64367,4093108855 59519,9986025157 63759,9622685825
64367,4093108855 64302,0643215052 59808,8927465061 63761,8701732098
64367,4093108855 64304,5291832131 59768,2817744096 63732,8751307492
64367,4093108855 64280,3578030393 59076,2714817833 63701,6421628073
64367,4093108855 64323,7370895269 59476,2300192722 63698,246099175
64418,681658873 64418,681658873 60331,4817587305 63714,2995413406
64422,184518403 64422,184518403 59637,4532856301 63734,7085539074
64422,184518403 64378,8052319154 59011,7947004838 63681,9907488298
64422,184518403 64298,8589493943 59736,9996523672 63682,7430353132
64422,184518403 64230,5187967554 58551,3754078583 63672,9059780304
64422,184518403 64252,0047921062 59182,2737093788 63661,3931048854
64422,184518403 64228,3762329863 59708,5534431006 63635,0330538972
64422,184518403 64311,3082771221 59498,7594085938 63642,6347751778
64422,184518403 64419,0784920327 60014,0824901332 63612,8952085105
64422,184518403 64379,1921172992 58644,3433750324 63643,2664263704
64422,184518403 64406,9542164985 59551,9518700397 63640,4378294612
64422,184518403 64355,7184164222 59738,8327995442 63593,0635503965
64425,442823389 64425,442823389 59380,3385481889 63583,0073758871
64425,442823389 64263,8458293911 58883,8052430902 63600,0349872613
64425,442823389 64292,1538983206 59434,4251088217 63603,0202696415
64425,442823389 64248,1758066943 59149,340239159 63603,7306341062
64425,442823389 64334,0478766224 59710,0686786308 63614,1048066995
64425,442823389 64318,7890299305 58511,4980645145 63645,2839586192
64425,442823389 64362,7671215568 60226,5224405518 63672,7591899631
64425,442823389 64327,5037784848 59602,1865536923 63705,750726493
64425,442823389 64301,8598898265 59125,9291069804 63696,5623813488
64425,442823389 64391,2138783997 59396,5703012963 63724,106474658
64425,442823389 64339,0374983665 58587,1491168048 63710,2007516691
64425,442823389 64393,1902013767 59180,4902043974 63703,9302032428
64425,442823389 64203,2409923002 58963,0026528422 63699,4885582308
64425,442823389 64185,0498545421 58301,7957084818 63678,4273592567
64425,442823389 64190,0246266764 59435,1043893631 63687,4501156715
64425,442823389 64149,5756821464 58348,747398404 63681,421626237
64425,442823389 64107,5161268307 59088,0600592449 63691,8143218335
64425,442823389 64163,738940478 59911,5954917118 63741,2074904638
64425,442823389 64327,9849804171 58571,7911185833 63822,6307926243
64425,442823389 64297,8079718742 59842,9637622165 63829,7775964334
64425,442823389 64405,4151691303 59126,9463754934 63875,6552284042
64425,442823389 64337,1480964482 59576,8741178875 63870,5128887089
64425,442823389 64349,485408813 58602,5550519369 63884,3089703744
64425,442823389 64417,7524814951 58415,7103900784 63886,8922120558
64634,928913426 64634,928913426 60124,32764569 63907,4514223243
64634,928913426 64566,0424593094 60459,8384347999 63845,7111523445
64634,928913426 64490,1776638164 59647,2193565489 63827,4235780134
64634,928913426 64490,1776638164 59550,7487684399 63813,8828715722
64634,928913426 64391,3849063897 59223,2063765321 63819,8011132117
64634,928913426 64411,0430680265 60034,5249920952 63822,6685852075
64634,928913426 64315,8788691094 60060,7767578467 63808,3141417986
64634,928913426 64221,3563678792 59876,5362083642 63773,2927962484
64634,928913426 64210,5416441889 59334,2397747629 63776,1645512116
64634,928913426 64148,8347010096 59336,1627367361 63798,5344250298
64634,928913426 64131,4890081613 59733,6255720403 63746,3786615059
64634,928913426 64124,1215518567 59196,4758081532 63783,7958305437
64634,928913426 64261,5707477819 58900,5345805109 63802,0263512194
64634,928913426 64293,8042421901 60019,7672895943 63852,0898741765
64634,928913426 64139,8446295849 60027,895297508 63829,0208024401
64634,928913426 64261,2432967206 59946,6009943918 63845,0042641123
64634,928913426 64333,4917944878 59386,8202156013 63826,3924464819
64634,928913426 64216,2144348173 58481,3730955373 63836,0708852938
64634,928913426 64216,3369956605 59479,2147874949 63833,0345064989
64634,928913426 64061,3632466303 59488,7109281913 63826,2901247943
64634,928913426 64104,3965657172 60300,5846850951 63839,3997591326
64634,928913426 64090,9006046201 58346,3360409399 63810,3311310528
64634,928913426 64076,1905424884 59951,3519697789 63808,4482928005
64634,928913426 64124,6186931022 60049,0105408676 63804,4317715199
64634,928913426 64017,2591983176 59803,0364063348 63766,3946551828
64634,928913426 64034,1475565469 59718,6885551378 63773,4894515092
64634,928913426 64101,9675214756 58631,1373100773 63790,4259189626
64634,928913426 64116,6775836073 59684,0362716205 63791,5972958801
64634,928913426 64261,453160588 60030,6706093336 63828,842496274
64634,928913426 64188,9342097665 59325,6985503494 63772,496266828
64634,928913426 64189,7184107255 59485,9536293663 63750,2068485948
64634,928913426 64306,9957703959 59020,9279483183 63761,9473353238
64634,928913426 64210,7253658292 58624,7083447789 63733,065203988
64634,928913426 64327,6729439756 59749,1962838936 63801,1586822408
64634,928913426 64382,1313740691 59788,8691442706 63797,6027645217
64634,928913426 64378,134302337 60026,7067960532 63830,7898005249
64634,928913426 64255,5341660407 59279,6611428542 63785,6866751362
64634,928913426 64305,1733479203 60027,267462764 63776,5764854377
64634,928913426 64237,3805576582 58337,5792779932 63763,4787511604
64634,928913426 64122,950395454 59009,7455155984 63717,3156297741
64634,928913426 64247,5469261203 59678,9976693165 63726,8973573475
64634,928913426 64125,5285442787 59563,5072991424 63751,9626717196
64634,928913426 64156,7476775193 59748,5798268019 63756,1476867889
64634,928913426 64129,8729069952 58349,3524381931 63789,6925059725
64634,928913426 64162,4481632991 59384,7189074819 63819,7230845781
64634,928913426 64127,3643686326 59903,7419288713 63840,2265594877
64634,928913426 64163,3059704467 58721,617041437 63848,5340193417
64634,928913426 64199,7271721618 59694,2924990209 63835,6638379885
64634,928913426 64243,5459636628 59476,6477745009 63839,3758851281
64634,928913426 64140,0838145364 59452,5516935022 63813,9693878875
64634,928913426 64172,442524818 59802,5359330332 63810,3571942039
64634,928913426 64279,7504980179 59460,4513304348 63851,0441151095
64634,928913426 64333,506491569 60304,6657057155 63875,6264485791
64634,928913426 64336,0843586323 60113,7840705244 63878,9521398116
64634,928913426 64325,898553454 59802,1160593746 63864,7639801909
64634,928913426 64246,8647872531 59203,4569313672 63837,4588390708
64634,928913426 64168,6279103752 59964,525443454 63863,8100884803
64634,928913426 64173,0003018969 58206,6571151324 63870,8162655786
64634,928913426 64198,2576633058 59830,1365520241 63898,2435162389
64634,928913426 64249,4886292937 58358,4185669655 63911,165869098
64634,928913426 64260,971236824 59822,4809787066 63854,6175333028
64634,928913426 64312,3168686325 59545,7249944667 63864,7591537439
64634,928913426 64378,0177900018 59562,6839364051 63849,3540591114
64634,928913426 64297,5913983053 59679,5680158448 63904,0200555319
64634,928913426 64332,5608444868 59942,7704227947 63906,0798625284
64634,928913426 64196,9809877012 59224,6978572707 63907,6540679281
64634,928913426 64196,9809877012 60263,445411446 63909,8654877835
64634,928913426 64284,0721455096 58493,689674037 63910,1957906705
64634,928913426 64291,6505832769 60137,8309515426 63891,6502634296
64634,928913426 64185,4720774314 59282,4556843547 63888,1486127921
64634,928913426 64163,9511236522 60285,1588839794 63849,4469785744
64634,928913426 64285,0464362347 59058,1496043032 63835,0279433424
64634,928913426 64353,5743908336 60095,5680237529 63809,4831407168
64634,928913426 64460,7899191731 58571,7638558279 63801,1008166005
64634,928913426 64449,9938551707 59465,9438417087 63828,8384099072
64634,928913426 64272,3926716342 58425,2783066516 63773,0083428493
64634,928913426 64223,5046546473 59543,5260292276 63773,4901718976
64634,928913426 64280,3964574157 59083,700618201 63803,8116539955
64634,928913426 64332,8743096544 60327,5199054904 63787,2212716145
64634,928913426 64191,8954444261 59255,7860481538 63733,1288794831
64634,928913426 64173,4720022934 59758,4079856479 63784,1639736073
64634,928913426 64150,6927588015 59836,4318570442 63787,3166790105
64634,928913426 64161,2563819851 59616,793008757 63828,5041525409
64634,928913426 64143,2458969444 59979,1797550499 63789,9629121204
64634,928913426 64108,1917234063 59744,2142124902 63786,8190025141
64634,928913426 64187,0533148254 59243,9131954011 63839,6173847419
64634,928913426 64194,5089979528 60321,9959169249 63864,2007836918
64634,928913426 64189,6844955718 59064,0584316056 63878,6933269881
64634,928913426 64182,3124129564 59553,4262894645 63861,3394640013
64634,928913426 64223,1034994192 59691,5634320796 63877,7327420527
64634,928913426 64196,2911812479 59646,7278713412 63895,6805358611
64634,928913426 64252,7868204363 59810,6105403998 63884,4971238999
64634,928913426 64199,8474398538 58591,6352347033 63847,224787243
64634,928913426 64152,9842324844 58075,0314969472 63830,7752552312
64634,928913426 64246,4896023643 59805,6402914181 63858,9480784716
64634,928913426 64249,9924618944 58442,4679990163 63873,9444253463
64634,928913426 64274,9676025068 59998,528549961 63897,7487325329
64634,928913426 64322,4087999817 59259,2052627009 63894,1630224772
64634,928913426 64318,9059404517 59243,4633203453 63915,9755431132
64634,928913426 64312,8310311288 60398,7573407156 63917,5046220482
64634,928913426 64380,1805827072 59221,5594680421 63908,1315935805
64634,928913426 64385,8888114416 60537,8049636174 63875,153806677
64634,928913426 64359,5960753989 60447,9323561716 63882,529468206
64634,928913426 64359,5960753989 59524,132828108 63882,2507885999
64634,928913426 64393,95018215 60057,245071574 63875,6130559429
64634,928913426 64325,7553153474 59049,9023828192 63856,7667283953
64634,928913426 64342,3805277766 59921,8378029459 63809,1677103608
64634,928913426 64342,3805277766 60568,273497374 63775,346825921
64634,928913426 64354,1538796076 60009,6334321096 63778,430281017
64634,928913426 64357,6567391377 60007,2592164029 63734,8517935077
64634,928913426 64354,5507380795 60198,9479342838 63738,0171092103
64634,928913426 64217,7140817001 60264,6201974837 63726,9866170388
64634,928913426 64218,4293182807 59511,2060501516 63727,6230506135
64634,928913426 64219,8128947348 59560,1519814224 63741,6784217807
64634,928913426 64397,3415283286 59854,5489188582 63765,4974944839
64634,928913426 64400,4475293868 58836,4290724234 63751,0393096932
64634,928913426 64222,918895793 58813,0369329915 63716,8874037323
64634,928913426 64161,6620944634 60061,5516754446 63723,2533491107
64634,928913426 64160,9468578828 59986,6733668458 63746,2894970821
64634,928913426 64076,0695557025 59950,1520310839 63749,9591256458
64634,928913426 64109,5027940485 58859,7573271222 63765,9342174669
64634,928913426 64199,042418533 59315,4175727284 63774,2737945803
64634,928913426 64199,042418533 59942,601783477 63827,67715134
64634,928913426 64218,031139098 59518,4998042666 63910,8455362392
64634,928913426 64218,031139098 60648,2891128998 63927,7836723615
64634,928913426 64324,166903995 59038,3748580667 63926,5720132896
64634,928913426 64412,6941845169 59206,13546198 63935,8225755106
64634,928913426 64476,5927535009 60434,3865627285 63961,337607578
64634,928913426 64364,8955526431 59188,148588156 63945,0732565734
64634,928913426 64377,4492283817 58889,4335955252 63946,7416912747
64634,928913426 64399,8381601006 60295,3427622335 63951,8065822928
64634,928913426 64345,0857082494 60010,8585346672 63952,5045209068
64634,928913426 64408,6086557159 59998,973786157 63940,8808234851
64634,928913426 64408,1753181986 60428,0569979721 63951,7685093266
64634,928913426 64462,4322942114 59483,9581479668 63943,3136415207
64634,928913426 64409,871490946 60125,5741971406 63919,2971183724
64634,928913426 64478,4457217715 59526,4729453839 63991,9145597831
64634,928913426 64472,0763693883 59879,5260825085 64013,3003051141
64634,928913426 64576,2365420678 59594,2723552103 64012,4007881013
64634,928913426 64498,1367755213 59654,1736015474 63977,8655995995
64634,928913426 64413,9806165792 59705,8489296326 63916,4006526376
64634,928913426 64345,6957012305 60224,1595474488 63907,962013792
64634,928913426 64288,8039071731 58931,5571918582 63910,001053881
64634,928913426 64256,9603279708 60144,0616251187 63916,6079482623
64634,928913426 64369,9088922363 59771,1700533172 63919,1545638772
64634,928913426 64428,0419725676 60423,5529394135 63927,5091446182
64634,928913426 64406,891022237 59221,0252462747 63954,5610580638
64634,928913426 64407,3589151413 58596,2560964346 63922,1184683606
64634,928913426 64374,2756629054 58573,428672162 63868,559602907
64634,928913426 64258,0885623513 60030,840253389 63865,6098542908
64634,928913426 64114,6575291165 58398,4780576056 63841,2976099805
64634,928913426 64120,514912933 59892,9184509291 63836,584681449
64634,928913426 64094,946634642 59224,8337579768 63852,8621915889
64634,928913426 64159,3051395458 59302,1593980549 63892,4240214321
64634,928913426 64106,6507185914 59005,13410918 63868,2225806829
64634,928913426 64099,365772455 60133,678875524 63869,6203579496
64634,928913426 64225,1197962279 59539,0566232628 63901,3120169284
64634,928913426 64221,6169366978 60495,4992658148 63929,4487443279
64634,928913426 64267,0081200129 58741,2756477197 63912,3438237053
64634,928913426 64278,3276732636 60101,8754814738 63911,2752275554
64634,928913426 64184,8223033836 59299,9068859859 63893,234484325
64634,928913426 64112,3141906802 59834,4956037528 63875,8777353384
64634,928913426 64137,2733125997 59865,8369207471 63875,4521578826
64634,928913426 64073,2762159078 60004,4958631251 63872,8475531797
64634,928913426 64054,6709018314 59190,6473960274 63839,8753845237
64634,928913426 64212,0702691037 58762,9506743876 63860,9856469105
64634,928913426 64186,6646039408 59899,7731076519 63884,6422412093
64634,928913426 64156,502552698 58494,6362864359 63874,5319808335
64634,928913426 64158,8874472784 59551,5692367362 63848,3334518912
64634,928913426 64262,6309157155 59838,26215091 63861,8262473948
64634,928913426 64332,401412538 59920,9844584399 63873,1604920418
64634,928913426 64390,4044510346 59214,4864962315 63893,2710270211
64634,928913426 64358,879366491 60222,0267319632 63887,4968766664
64634,928913426 64366,691762353 59953,3716686852 63877,864738686
64634,928913426 64415,0336918307 60014,6262902775 63918,7698247389
64634,928913426 64386,0247953482 59539,2293115629 63962,1065153881
64634,928913426 64407,2441355402 59953,5697768565 63931,873406003
64634,928913426 64406,5288989596 60154,5250468198 63915,1782565592
64634,928913426 64366,8501598105 58665,9867026623 63923,5406830373
64634,928913426 64282,4062849078 59497,058814046 63907,1110662742
64634,928913426 64312,4465288385 59373,5303014893 63906,9239575953
64634,928913426 64248,2834638343 59749,5718391484 63909,0696525808
64634,928913426 64344,0942190323 59414,7459966558 63943,1842314352
64634,928913426 64211,8550085018 59523,6485649457 63942,5798601522
64634,928913426 64242,7396537833 60260,7683707148 63906,2419756557
64634,928913426 64248,174677018 58674,2771340657 63934,448732348
64634,928913426 64342,6691806371 59162,278593514 63925,3479838204
64634,928913426 64314,239769683 59287,7752758007 63939,403598352
64634,928913426 64260,9129940011 60225,0163185682 63933,9002289139
64634,928913426 64276,1545082405 58149,0212465302 63955,5551981749
64634,928913426 64365,7990659146 59696,759118466 63955,011531464
64634,928913426 64319,9871609161 60308,4279229513 63969,8314552384
64634,928913426 64351,5824750551 60284,5404747927 63993,8275319151
64634,928913426 64341,4542286881 60186,5586865719 63984,2575931247
64634,928913426 64404,1667358533 59781,9238123496 63969,5940799807
64634,928913426 64409,2208049346 59861,1399878759 63981,4040419278
64634,928913426 64383,0988823949 59798,6282772415 63980,6894702227
64634,928913426 64457,434799378 58472,4385905172 63968,9745326876
64634,928913426 64507,4738968886 59125,7839965357 63952,5609940482
64634,928913426 64544,2332108496 59265,1316328716 63974,6428664182
64634,928913426 64573,0199603569 59995,7644328518 64006,5165117842
64634,928913426 64493,6492681987 60558,0152827718 64023,5084521044
64634,928913426 64516,3061666551 60347,8415390365 64016,5978943394
64634,928913426 64520,0053529258 60023,5595669777 64035,4829571022
64634,928913426 64487,1927724045 59071,1898210441 64040,4385306127
64634,928913426 64402,9175876395 58448,4918891663 63990,81408198
64634,928913426 64381,6605474176 59245,8383728285 63995,3452596345
64634,928913426 64504,0066359826 59690,3129035949 64047,0288528829
64634,928913426 64509,7568138886 59464,4345686181 64025,7557863302
64634,928913426 64471,5559146616 60000,6257831224 63982,1271581394
64634,928913426 64490,5827454939 58948,5891472803 63969,2918393949
64634,928913426 64503,225124766 60209,395838844 63962,0268148589
64634,928913426 64400,8724055544 59660,808044468 63944,6648287427
64634,928913426 64396,382643503 60289,8261901362 63926,2513424788
64634,928913426 64188,3394363515 58233,9492514851 63913,7362806437
64634,928913426 64353,0335266256 60542,1847265924 63966,3284033025
64634,928913426 64370,3841502359 59788,8518388812 63948,0980842326
64634,928913426 64345,3233989478 59952,6981822992 63928,7413277262
64634,928913426 64347,1366653826 58530,6408887955 63891,0631742132
64634,928913426 64417,0700051615 59091,4180026388 63892,9936996605
64634,928913426 64399,9827220646 59918,3901053269 63927,4273877162
64634,928913426 64387,6641514954 60102,9224992486 63970,2156277512
64634,928913426 64389,5049487251 59770,5794205617 63985,6678225499
64634,928913426 64406,592231822 58938,1129790267 63988,4901400869
64634,928913426 64262,5690030309 60152,9150652284 63973,9151627549
64634,928913426 64325,5154719573 59044,7633783506 63976,2859783686
64634,928913426 64417,0940198033 59204,3662151468 63974,3836881788
64634,928913426 64366,7224377351 60068,6610998246 63943,4646925726
64634,928913426 64400,14637619 60467,6964905421 63983,3006129672
64634,928913426 64414,9698676275 59013,6214289381 63966,088954052
64634,928913426 64312,6557334744 59409,6331066573 63961,1377582946
64634,928913426 64309,7136589442 59436,0593393959 63960,6372912524
64634,928913426 64300,3839379916 60060,3979032837 63970,8247084896
64634,928913426 64383,1844090288 60905,4756404247 63981,868133289
64634,928913426 64422,7648182868 59950,9804241178 64041,2843898384
64634,928913426 64581,1359413799 59628,1912354826 64068,5145313311
64634,9512478011 64634,9512478011 60194,8348906118 64056,5217143041
64646,7389098751 64646,7389098751 59790,6823810956 64040,2017035178
64646,7389098751 64624,2478297125 58657,4798491633 63996,5257718344
64646,7389098751 64543,6581208514 60109,0902842349 64007,7180357873
64646,7389098751 64568,1658758712 59648,3971452314 63992,5671057794
64646,7389098751 64568,1658758712 59055,4118658733 63987,9984273795
64646,7389098751 64323,1439575475 59043,7258620703 64000,8329090841
64646,7389098751 64316,6438011568 58929,4383554497 64002,0685132426
64646,7389098751 64331,296809363 59030,481727193 64024,213745092
64646,7389098751 64292,2141381068 58678,5165364707 64008,9537060003
64646,7389098751 64294,7260724986 59009,3945597156 63984,4252119794
64646,7389098751 64240,9166636324 60059,8021019522 63937,7281798221
64646,7389098751 64259,3094912404 59178,375864464 63967,5264342453
64646,7389098751 64266,4669177641 59192,7079706416 63960,2543486791
64646,7389098751 64362,0389658278 59718,5856474281 63999,2346232247
64646,7389098751 64443,4482300741 60107,5208552789 63977,4425474522
64646,7389098751 64447,0175903323 59856,2387093815 63990,546067563
64646,7389098751 64424,1771468954 59539,4123920396 63946,6387058002
64646,7389098751 64322,749070812 60310,6938711534 63938,7271789733
64646,7389098751 64283,8111077621 59932,290549964 63948,6120602786
64646,7389098751 64280,1039785338 58478,4217407166 63966,9670671019
64646,7389098751 64272,965212869 59539,8583499184 63961,2893187709
64646,7389098751 64272,965212869 60359,3165857861 63988,3657905489
64646,7389098751 64286,9037420384 59460,1674868135 63963,9335186985
64646,7389098751 64287,225682507 60137,4989987721 63936,5684388365
64646,7389098751 64314,3231977252 59125,1767773124 63973,6645204176
64646,7389098751 64402,6899373404 60055,345855745 63977,8119870673
64646,7389098751 64381,2593805609 60045,6077035167 63977,4068559694
64646,7389098751 64410,0479198472 59943,0963842365 63996,0745052946
64646,7389098751 64367,7993692131 58295,7819648454 63964,6645184443
64646,7389098751 64193,4532442562 60273,6725881158 63925,5505123733
64646,7389098751 64148,0532985494 60096,6869208382 63939,5699794608
64646,7389098751 64151,9424733824 59786,857357379 63900,1793998848
64646,7389098751 64141,8954408592 59631,2564276718 63911,6283548377
64646,7389098751 64154,4046094613 60069,6757632169 63953,8409960531
64646,7389098751 64203,9073585178 59968,9236835309 63963,9845873705
64646,7389098751 64225,9574342953 59630,4561213024 63917,4404015681
64646,7389098751 64160,3756124574 60416,4487938803 63958,3667837825
64646,7389098751 64147,9298663995 59615,972017265 63960,1270739069
64646,7389098751 64158,6591438142 59965,5593888879 63959,6833860427
64646,7389098751 64193,7195022182 60524,9999629341 63987,5889574002
64646,7389098751 64446,0850975898 60327,0218275084 64054,2131669656
64646,7389098751 64490,8910970166 60483,9776392394 64047,8710328095
64646,7389098751 64445,5788984975 59538,4776863461 64049,9319483113
64646,7389098751 64415,5555105989 60338,6762086559 64078,8369599396
64646,7389098751 64460,867709118 60654,3050644444 64079,9119126805
64646,7389098751 64452,8355773362 59147,1159435958 64076,3799339268
64646,7389098751 64433,1687891825 58396,2627449625 64048,7004886546
64646,7389098751 64486,60682681 60245,0720046179 64062,5003184643
64646,7389098751 64459,779847454 60016,8666008171 64057,8151043954
64646,7389098751 64452,9297176438 59191,6272975682 64051,7395090819
64646,7389098751 64473,6157908764 60566,9525264458 64028,3880304647
64646,7389098751 64427,3280208446 60329,4896600102 64016,8122891624
64646,7389098751 64456,0758978922 59301,0602999722 64076,0945327779
64646,7389098751 64635,5697971492 59292,9492891904 64071,368601298
64646,7389098751 64441,5687724838 60615,9056303183 64087,9470999013
64646,7389098751 64515,5345746533 59801,3211886482 64115,3053623224
64646,7389098751 64530,5514514282 59145,6889157084 64116,8485818869
64646,7389098751 64488,9457092134 59482,1409894447 64081,7489120522
64646,7389098751 64457,7666493414 60507,9367033849 64040,9506909158
64646,7389098751 64556,2023553142 59620,052392164 63985,2518594194
64646,7389098751 64492,7647570446 60002,4467234922 64008,3829947762
64646,7389098751 64533,3913795992 60194,0874163314 63982,4263105497
64646,7389098751 64402,5219259356 58400,9894091951 63969,2101499336
64646,7389098751 64508,0339373056 60371,451874604 63981,4743967076
64646,7389098751 64471,7484636566 58626,5336567721 63991,6710261846
64646,7389098751 64548,5163626306 59804,9270182638 64018,2071598181
64646,7389098751 64637,0818792824 58897,6696605214 64023,6077225306
64646,7389098751 64643,0007808107 60333,959001377 63978,511980572
64646,7389098751 64377,5300821663 59350,0202353027 63941,8867170183
64646,7389098751 64385,4895433419 59780,9610033907 63941,538821736
64646,7389098751 64397,8723694194 59353,1356034192 63933,5131378771
64646,7389098751 64444,9260073705 59455,6017883483 63941,0770508198
64646,7389098751 64267,0586681673 59621,605297657 63936,0886423927
64646,7389098751 64238,5582094672 59446,662493115 63961,7542728736
64646,7389098751 64320,1414163923 59235,5505635682 64015,2773579317
64646,7389098751 64409,7748594782 60290,000641705 64071,9294782762
64646,7389098751 64539,9915148291 60468,5265129842 64063,0733032392
64646,7389098751 64578,4341503665 58098,3779978545 64056,923884394
64646,7389098751 64499,0033785412 58359,6851347333 64002,5977864616
64646,7389098751 64406,0951699773 59292,878169603 63991,051434078
64646,7389098751 64367,517175539 58636,9154345441 64011,7288651652
64646,7389098751 64358,5555180422 60263,210629247 64065,6371375655
64646,7389098751 64383,0517006038 59649,3457294463 64024,620457819
64646,7389098751 64494,300130092 59193,373017106 64054,2258903954
64646,7389098751 64279,7762592297 59539,3840595586 63991,846685577
64646,7389098751 64273,1788026677 59557,7417790435 63995,4173026636
64646,7389098751 64182,697185664 60785,2498111562 63951,7360012411
64646,7389098751 64355,7021462991 58943,6681493831 63992,6621448935
64646,7389098751 64355,7021462991 60325,8821078569 63964,2320576257
64646,7389098751 64365,922634087 59668,1573092173 63952,3517458653
64646,7389098751 64360,4367275773 59821,8847633072 63967,4423233468
64646,7389098751 64347,444545467 60240,721130433 63955,3566863055
64646,7389098751 64390,0229212898 60188,9685665727 63951,7500987362
64646,7389098751 64474,4326796435 60017,331637336 63986,8172402058
64646,7389098751 64411,2250176721 59492,0174637593 63981,1594621185
64646,7389098751 64558,6154763726 60159,7970807826 63984,2844627629
64646,7389098751 64454,3703214671 59493,0669357286 63971,3723136183
64646,7389098751 64456,9377427053 59978,7072870057 63914,0015076258
64646,7389098751 64405,7010664906 60073,9535497232 63885,006246045
64646,7389098751 64409,3261177483 59866,7780015491 63896,4678746843
64646,7389098751 64499,600713601 59132,8663269549 63923,6454597514
64646,7389098751 64582,595396723 59444,7740375042 63950,6665288748
64646,7389098751 64486,8060144292 60430,4235158315 63936,9652023566
64646,7389098751 64488,0001433533 60389,1824152127 63938,7394054234
64646,7389098751 64358,737787688 59908,5881399968 63909,0753219377
64646,7389098751 64390,0794044036 59351,5905532636 63906,2388254539
64646,7389098751 64361,3440987163 59232,149326155 63921,6936849358
64646,7389098751 64361,9047624989 59929,0952210487 63910,721711097
64646,7389098751 64365,043284987 59026,3218328786 63877,3180632601
64646,7389098751 64402,4168752222 59609,8574374313 63874,1517465141
64646,7389098751 64277,2512687859 58405,8083341468 63914,7234662604
64646,7389098751 64378,8443432339 59557,1539298505 63973,8223764815
64646,7389098751 64309,0630676006 59995,6228506447 63968,9310509151
64646,7389098751 64410,0160993706 59334,9779315572 63994,5911789062
64646,7389098751 64438,5357665138 59223,0460414208 63996,0319724463
64646,7389098751 64358,4441590109 59109,1435380631 63956,8616411203
64646,7389098751 64253,6466494261 59630,3402854112 63947,200085793
64646,7389098751 64166,2610729168 60474,5373024874 63943,4931922702
64646,7389098751 64191,9129487256 60229,671416997 63970,0397765414
64646,7389098751 64205,3567743874 59417,0526494745 63955,53931737
64646,7389098751 64190,0174450674 60265,6682724674 63966,138937552
64646,7389098751 64108,6110184386 58975,779421583 63908,7658644195
64646,7389098751 64157,7419939956 60100,5379735085 63907,4888414256
64646,7389098751 64112,2753765987 59173,1800204006 63885,17300747
64646,7389098751 64112,7123363793 59324,2656387673 63895,6781335289
64646,7389098751 64214,6017668116 58606,1549410574 63964,0874213128
64646,7389098751 64219,9753747994 60026,0310673603 63943,0762880795
64646,7389098751 64217,5450167135 58665,3702149218 63949,3428505224
64646,7389098751 64152,1582719485 60259,6490461266 63919,1368761239
64646,7389098751 64143,210078853 60600,1941285122 63921,7573918979
64646,7389098751 64295,6272835949 60070,5428125794 63962,2543248474
64646,7389098751 64136,6012309936 60226,0966805143 63961,8863173494
64646,7389098751 64249,1890814409 58904,2316624259 63963,6869928544
64646,7389098751 64187,2305418051 59937,0380127472 63940,2352964049
64646,7389098751 64225,5066146377 59055,4981069242 63940,7641295145
64646,7389098751 64227,6340008175 59818,3316614767 63957,8103353677
64646,7389098751 64147,3463697487 60571,365557916 63965,3811433103
64646,7389098751 64236,1446389936 58311,6213857713 63985,1304957303
64646,7389098751 64291,8852483303 59825,5345779622 64012,7547082931
64646,7389098751 64231,2657105437 60360,1062119802 64045,2473204517
64646,7389098751 64307,4170821101 59613,1211995943 64058,6026014027
64646,7389098751 64401,5164969258 60564,0616766763 64078,0038458955
64646,7389098751 64439,9428987001 60349,9193890655 64054,1690837776
64646,7389098751 64391,446226136 60312,1406870445 64029,8458670534
64646,7389098751 64493,4969375557 60323,6816819786 64065,7252264011
64670,1782931185 64670,1782931185 60438,8343184819 64122,8529789233
64670,1782931185 64666,2983533471 60218,3300230132 64149,1989285382
64670,1782931185 64564,651379823 58998,8189039919 64122,6177107333
64670,1782931185 64354,2412227308 58915,7635635893 64112,1233711277
64670,1782931185 64309,8884671418 58332,3636403988 64099,4718120976
64670,1782931185 64359,1109926624 58729,2008550828 64108,4101685233
64670,1782931185 64273,8143068905 60380,3547040975 64057,5435559757
64670,1782931185 64284,3719847853 59730,7057681964 64068,0588592837
64670,1782931185 64284,4578423768 60157,4481126679 64025,7637057971
64670,1782931185 64258,2649942696 60717,8610946706 64040,5640320088
64670,1782931185 64322,020151077 60259,2998577189 64055,8637580885
64670,1782931185 64237,2091480691 60360,663738746 64008,9048829807
64670,1782931185 64236,9955301541 58513,6369048516 64008,3374683427
64670,1782931185 64271,6435996842 60461,4279748323 64000,5307248888
64670,1782931185 64292,8533218849 60052,9461738133 63940,1273514642
64670,1782931185 64297,2487690795 60262,5181028333 63980,0637918714
64670,1782931185 64333,2243569978 60275,3132710309 63982,7643623339
64670,1782931185 64278,269210785 60341,872650984 63959,3134884805
64670,1782931185 64286,7747954206 59951,5285848795 63977,3630510539
64670,1782931185 64348,3822677943 60122,5274527651 63996,780086259
64670,1782931185 64306,88811896 58628,0249638894 64044,7998006798
64670,1782931185 64330,9022998409 59340,3986563544 64047,7990192995
64670,1782931185 64284,0686942246 58519,0450345471 64058,8407515186
64670,1782931185 64310,5374018983 58275,9771517382 64048,1308781811
64670,1782931185 64366,1716669044 59062,5022456122 64059,8661898307
64670,1782931185 64215,5310068553 59707,2876112618 64048,1853716269
64670,1782931185 64289,5040801865 58505,7982676757 64015,7980545636
64670,1782931185 64307,5992041475 59361,91167346 64029,5598972993
64670,1782931185 64320,2987075843 58202,679737246 63996,9497468381
64670,1782931185 64343,2527439186 59175,9072164573 64021,5626488481
64670,1782931185 64424,8359508436 60180,7588371939 64039,2652657359
64670,1782931185 64588,283961152 59449,7760724173 64016,7225912511
64675,3356809356 64675,3356809356 58557,3854819222 63986,8335622627
64675,3356809356 64637,3801529627 59443,5271561688 63990,7304314771
64684,1045823043 64684,1045823043 59253,6679789594 63998,5715674364
64748,1829935635 64748,1829935635 59811,6517380292 63995,7127696109
64748,1829935635 64744,6801340334 60571,9217095687 64019,3338107922
64748,1829935635 64648,6961406462 59626,2040699431 63967,7965506881
64748,1829935635 64484,098328348 60610,9803469217 63919,1355238041
64748,1829935635 64382,451354824 58821,6536121519 63890,373674778
64748,1829935635 64402,4792713886 58718,7728765936 63938,3900678369
64748,1829935635 64405,9821309187 59132,29726416 64000,5577482213
64748,1829935635 64219,6409021593 59867,9985817229 63985,0717665788
64748,1829935635 64305,3889596356 58519,9851740244 63995,6321343016
64748,1829935635 64219,3109163771 59051,6631129497 63959,2573477659
64748,1829935635 64293,1979511838 60347,4031350305 63965,7523149181
64748,1829935635 64293,1979511838 58523,1121671849 63984,3866751572
64748,1829935635 64298,0619874278 60488,3424461408 63998,9264600156
64748,1829935635 64208,9948222304 58572,2228073976 63934,4801961261
64748,1829935635 64233,3113472176 60065,6597059385 63916,0366399062
64748,1829935635 64299,0996262454 58523,6187277045 63923,4710006788
64748,1829935635 64297,6857447563 59458,976986495 63955,8692039246
64748,1829935635 64300,6799480556 59373,6941983587 63995,2320532196
64748,1829935635 64300,7614810716 60277,2712377745 63990,7359410795
64748,1829935635 64316,8645436229 60242,9642909984 64024,1214980546
64748,1829935635 64322,1363083703 59405,355899351 64037,8849410552
64748,1829935635 64243,3937279551 59397,6402564183 63999,463127561
64748,1829935635 64319,1831253877 59711,7458228401 64016,1309893608
64748,1829935635 64146,6702094216 59510,4743630194 63981,9297887636
64748,1829935635 64145,1438350253 60346,5300566837 63982,2160787327
64748,1829935635 64144,4285984446 59414,5218810074 63965,1354108531
64748,1829935635 64184,8001547327 59153,2468169586 63978,441756504
64748,1829935635 64257,9887710099 58033,5025120461 63977,120189475
64748,1829935635 64298,7423004556 60333,3333412166 64009,915316105
64748,1829935635 64376,2459828726 60057,6113110847 64003,9878496351
64748,1829935635 64441,1289524887 59967,6232230537 63981,7757691964
64748,1829935635 64412,9686785901 60454,7403222174 63981,3753141555
64748,1829935635 64430,6606382659 59673,7211999269 64012,909200393
64748,1829935635 64358,9816112913 59987,8022734635 64002,2603113274
64748,1829935635 64308,8811041342 60066,1282288816 63984,6633982325
64748,1829935635 64325,2044184378 60037,0153541936 63958,8363877526
64748,1829935635 64316,9758472953 58407,8612795087 63946,7021306004
64748,1829935635 64388,784875162 58878,0749119847 63947,3229100813
64748,1829935635 64388,784875162 59957,3790708184 63998,7702724372
64748,1829935635 64466,3626633852 58379,9895044132 63997,0929511264
64748,1829935635 64561,691102013 59656,774983986 64033,0730788989
64748,1829935635 64561,691102013 60148,6891868111 64042,6657540592
64748,1829935635 64561,691102013 58804,6346327447 64035,8033012446
64748,1829935635 64420,2119711155 58488,2860645908 64001,3962813454
64748,1829935635 64485,7060786143 58689,4838226316 64013,3205830029
64748,1829935635 64634,6962410196 59774,0824417414 64041,3956172745
64748,1829935635 64620,3731770737 58583,3435350417 64043,0346257655
64748,1829935635 64388,9209533748 60377,8750910682 64000,2897465939
64748,1829935635 64224,9520453305 59951,7245868485 63970,3851304814
64748,1829935635 64246,292508486 60187,4904089408 63953,6978869908
64748,1829935635 64216,7445245517 59470,1372086935 63932,738655373
64748,1829935635 64182,2499859817 59210,741905892 63926,8291687694
64748,1829935635 64158,5870072023 60018,4081964093 63884,8092255423
64748,1829935635 64240,0195222405 59198,9068366787 63909,9697979374
64748,1829935635 64240,0995544349 59739,9585280442 63927,9467375703
64748,1829935635 64184,4295051756 60053,0601225725 63954,8371218632
64748,1829935635 64293,5868095647 59020,9314239176 63928,9602011774
64748,1829935635 64253,6773167194 60389,7912189922 63941,8222456412
64748,1829935635 64279,1938957918 60391,9948775058 63954,2639808099
64748,1829935635 64261,4599050607 60132,2523995528 63975,5424289416
64748,1829935635 64238,9589292532 59200,1092814437 63997,5101932864
64748,1829935635 64283,5795387236 59300,2373586471 64011,779270403
64748,1829935635 64240,709793529 59260,2030513466 63993,5024936555
64748,1829935635 64276,9652093456 58728,3126373319 63976,6569792021
64748,1829935635 64247,9030951816 58728,3126373319 64011,3887619376
64748,1829935635 64263,3941705905 59939,669027527 64021,7754362913
64748,1829935635 64292,6541916425 58625,0968815273 63988,6705964272
64748,1829935635 64451,03383159 58940,0719758329 64034,8560415582
64748,1829935635 64573,5306833486 60190,6676940393 64053,2423633148
64748,1829935635 64653,3569757418 59618,3537495504 64050,7436635139
64748,1829935635 64640,0719664452 59460,1603461034 64030,4978501039
64748,1829935635 64540,7606855084 60275,1174954131 64015,4107479097
64748,1829935635 64381,6185146912 60193,4508660526 63988,947148248
64748,1829935635 64345,2089041717 59358,4863599429 64005,3665319145
64748,1829935635 64350,7779296183 59627,3264776555 63980,5520826925
64748,1829935635 64285,4882580854 58807,7536388424 63956,134708632
64748,1829935635 64190,1910118364 60048,4323730828 63983,5463550238
64748,1829935635 64208,1771437357 59424,1658745701 63968,2052169435
64748,1829935635 64256,9536085992 58690,441220807 63970,0993416638
64748,1829935635 64234,7770728258 60503,4424964582 63978,0799212285
64748,1829935635 64261,8803520725 59780,1683451325 63948,870945478
64748,1829935635 64154,3840834986 59164,2244355156 63923,415301167
64748,1829935635 64164,8297770781 60473,2692289223 63911,0432047085
64748,1829935635 64299,841934308 59314,1637736986 63963,9446291645
64748,1829935635 64276,0503963728 59816,7977256106 63909,9920214335
64748,1829935635 64120,535493736 59707,8576564053 63919,6988708244
64748,1829935635 64129,2758424908 59204,4467005876 63917,5577745794
64748,1829935635 64046,0327276278 59758,9740908902 63905,8677665089
64748,1829935635 64115,7711510059 59484,1713201391 63927,4632608319
64748,1829935635 64120,2992401445 59619,5345472166 63953,9287531374
64748,1829935635 64130,5817165204 59784,1374329132 63901,3716190686
64748,1829935635 64061,3133306027 58490,91870348 63870,8592651948
64748,1829935635 64034,9132205853 59197,203836227 63860,2170036336
64748,1829935635 64083,7823508871 59747,5707203886 63851,0251199822
64748,1829935635 64101,6920153008 58675,4943019451 63842,9793244866
64748,1829935635 64260,8341861181 59116,0555737672 63863,7858127549
64748,1829935635 64170,2806580347 59160,9350884248 63838,4169689442
64748,1829935635 64154,3687110713 59914,1689905748 63832,1446966807
64748,1829935635 64167,0262638415 60304,5662237176 63868,9180418218
64748,1829935635 64184,5549013412 60226,7954114147 63885,6268134197
64748,1829935635 64271,1241076164 59766,3244083051 63922,8439098065
64748,1829935635 64329,6873204262 59718,5263210175 63916,3964787787
64748,1829935635 64476,9725566239 59218,9923786429 63969,9429431142
64748,1829935635 64391,1486871657 59337,5657317485 63934,8327149952
64748,1829935635 64411,3921009963 59473,085012395 63959,624766989
64748,1829935635 64333,4147815979 59180,034522881 63955,3922056666
64748,1829935635 64343,9846651786 59802,0986437199 63962,2652023183
64748,1829935635 64471,5892421522 59200,470017392 63973,2672888502
64748,1829935635 64536,6414144326 60102,1949759184 64021,3139425782
64748,1829935635 64494,0391801292 60495,145714503 64027,2567456376
64748,1829935635 64463,4379315974 59494,0148055218 64004,4630411397
64748,1829935635 64526,7124096755 59429,2549692941 64048,8558445364
64748,1829935635 64520,531396468 58294,314062599 64052,2289289617
64748,1829935635 64520,531396468 59750,5004593993 64015,7507858353
64748,1829935635 64513,4467817618 60437,6041668041 64000,7998013341
64748,1829935635 64571,072983334 60075,637737741 63977,0627346197
64748,1829935635 64562,7249370759 59676,2713053598 63954,7216835404
64748,1829935635 64584,8485999827 59582,9880052325 63950,4437138818
64748,1829935635 64330,1725467179 60347,4336948692 63937,634106771
64748,1829935635 64399,6899777763 59051,6639990427 63949,1003477508
64748,1829935635 64345,2853981066 60101,7729327832 63963,8343148219
64748,1829935635 64328,3241025148 59433,4274334116 63987,2419226416
64748,1829935635 64322,7352242269 59656,1048667997 63956,0762697906
64748,1829935635 64329,4111807308 58928,1496519227 63929,9879693724
64748,1829935635 64335,0000590187 59700,273018433 63975,5919335367
64748,1829935635 64352,6217110729 59950,4497790264 63974,9642049308
64748,1829935635 64308,5392702208 59377,3302485629 63977,2800858707
64748,1829935635 64337,6069522706 58981,1175135127 64015,1813516578
64748,1829935635 64304,5883114936 60585,807812539 63996,4244424554
64748,1829935635 64363,2630044054 61030,8815113549 63949,2182321901
64748,1829935635 64334,4498537505 58794,5775371322 63928,0576604483
64748,1829935635 64320,3994989778 59824,4149421524 63960,2930108847
64748,1829935635 64284,7241735719 60392,0400000906 63963,9684279212
64748,1829935635 64281,1673630288 60000,1936544777 63959,6844372387
64748,1829935635 64246,4698595291 59892,0229434617 63980,0948345319
64748,1829935635 64226,5455095814 60331,2070559705 63969,543018407
64748,1829935635 64185,7800708872 60390,2187050344 63944,9383721741
64748,1829935635 64192,3298989701 59510,1446251594 63931,135197583
64748,1829935635 64268,7936421256 58951,4898006071 63962,7149565309
64748,1829935635 64372,5371105628 59191,3653760072 63945,5779512095
64748,1829935635 64371,467733447 58856,0929425331 63926,5136233212
64748,1829935635 64430,2338816649 60132,2291405276 63938,4372626019
64748,1829935635 64418,4596892915 59891,4193359178 63956,3922373731
64748,1829935635 64551,8002195949 59769,0268701508 63977,791893737
64748,1829935635 64512,9816596509 60841,5490898209 63967,5526207758
64748,1829935635 64511,5677781617 60125,0324103582 63993,0657815968
64748,1829935635 64567,6624903923 60318,0365083683 63983,2272147396
64748,1829935635 64464,9056224811 58928,7128834655 63968,021544414
64748,1829935635 64444,9030284121 59024,6289503838 63983,701371414
64748,1829935635 64507,7380084655 59617,1818400816 64004,3992959639
64748,1829935635 64457,4625616737 59089,1478472575 64007,8903723555
64748,1829935635 64339,758924646 60293,7156416078 63996,5447735097
64748,1829935635 64348,7312844136 60381,7142277594 63964,8816512592
64748,1829935635 64342,0553279098 59654,2359242648 63994,2907259358
64748,1829935635 64409,6129254079 60170,3541722052 63984,6773326812
64748,1829935635 64515,8874925681 59191,0258447332 64048,3217561031
64748,1829935635 64497,8789267195 59821,1538071753 64047,0255713156
64748,1829935635 64612,3921724398 59011,1528394743 64028,1765342078
64748,1829935635 64526,4615493718 59685,5326503054 64042,492339942
64748,1829935635 64382,6491758004 59924,7973017209 64076,5294417307
64748,1829935635 64407,1830474633 59284,8748804714 64055,5360739876
64748,1829935635 64403,5728702444 60386,7680802402 64009,4955024992
64748,1829935635 64383,8182440129 59895,5670524504 64044,2243751619
64748,1829935635 64387,4284212318 58865,9787639908 64065,3265620027
64748,1829935635 64416,6396852173 59615,3542444945 64027,5080005843
64748,1829935635 64443,7051988368 59365,8059072388 64026,5578047781
64748,1829935635 64420,4777271507 59692,3862900987 64068,4230080761
64748,1829935635 64500,5240278995 58448,3663762872 64068,4553626822
64748,1829935635 64450,7278121766 59223,5722388322 64088,0620225499
64748,1829935635 64498,7635246819 60259,7248410487 64096,7313408162
64748,1829935635 64549,6806232317 59067,5683277948 64038,1169894849
64748,1829935635 64567,5198503286 59516,2346880635 64006,5535834915
64748,1829935635 64608,8906737801 58787,08269457 63976,1120365363
64748,1829935635 64605,075687722 59945,5490248841 63994,1441732667
64748,1829935635 64560,485583041 58699,8981238715 64052,3902879302
64748,1829935635 64599,7997113877 59013,8079257855 64068,7484618577
64748,1829935635 64588,2380752656 59033,4543147022 64051,9221459253
64748,1829935635 64600,2159387496 60203,6355549042 64096,9719371173
64748,1829935635 64612,3992230692 59947,6659355698 64074,5349453027
64748,1829935635 64527,3228188642 60421,5308581637 64047,6772738857
64748,1829935635 64611,6953497771 60491,5887320921 64081,035285328
64748,1829935635 64696,7717539821 60820,4121061456 64145,9995261738
64748,1829935635 64638,6844193565 60229,5832871563 64119,2921194867
235,553391988728
64638,6844193565 64119,2921194867 63845,0720686066
