-24839,7257636728 -24839,7257636728 -29677,0084548891 -26435,1421570801
-23295,9601894943 -23295,9601894943 -30372,8221020651 -25064,4047131901
-22293,9817591873 -22293,9817591873 -28528,7382746681 -23845,8986913718
-21396,1188549255 -21396,1188549255 -28015,0544862681 -22879,9912069973
-19834,79778523 -19834,79778523 -26988,1616779386 -21722,4440903621
-18703,1457008603 -18703,1457008603 -26142,6706741856 -20672,9015705535
-17826,0817123584 -17826,0817123584 -24450,7106806231 -19636,8653470115
-17266,3693269712 -17266,3693269712 -24484,8392167724 -18879,8102268196
-16399,8043999737 -16399,8043999737 -22687,7641788773 -17993,4441992709
-15671,8630947134 -15671,8630947134 -22272,2107384087 -17247,5009179291
-15365,4157849843 -15365,4157849843 -22540,9037814817 -16596,9966500501
-14847,6596535197 -14847,6596535197 -20810,5420345562 -16071,6915701166
-13924,7362186933 -13924,7362186933 -19552,3453285179 -15216,8331298937
-13130,1964970556 -13130,1964970556 -20083,4830414299 -14488,763788736
-12771,9538563564 -12771,9538563564 -18204,1834300355 -13892,3423690563
-12183,9011840266 -12183,9011840266 -17101,8063352098 -13352,4693922509
-11721,7184214537 -11721,7184214537 -16666,6991277114 -12809,53765019
-11293,3497998388 -11293,3497998388 -16492,2276678243 -12401,7962953492
-10797,7701476817 -10797,7701476817 -16221,0359368808 -11874,5360754524
-10617,5446178512 -10617,5446178512 -15473,8257701329 -11518,0545577387
-9999,80113711902 -9999,80113711902 -15155,8853335287 -11128,720721518
-9567,20582165206 -9567,20582165206 -14417,0998694913 -10793,9615826217
-9381,41240723596 -9381,41240723596 -14156,7739389091 -10547,6275590188
-9060,19111966676 -9060,19111966676 -14046,025728188 -10316,6494793409
-8800,15455895827 -8800,15455895827 -13397,3362421387 -9913,5446830898
-8578,53841336525 -8578,53841336525 -13067,9567190563 -9663,29007008345
-8485,3785202353 -8485,3785202353 -13305,7300395126 -9355,05869799533
-8292,26412359388 -8292,26412359388 -12912,7753839439 -9086,78096277359
-8284,69997978978 -8284,69997978978 -12201,3789973004 -8892,68661678531
-8206,33174386259 -8206,33174386259 -12721,2077036143 -8677,69219030818
-7924,69911956477 -7924,69911956477 -12130,3308483356 -8554,12039665689
-7423,22586550606 -7423,22586550606 -11733,7050174458 -8352,97154333876
-7349,53682263109 -7349,53682263109 -12037,5088764986 -8148,2626517037
-7349,53682263109 -7352,55767555959 -10794,3756211104 -8028,48625752992
-7068,22805062206 -7068,22805062206 -11066,5397622229 -7900,38338061535
-6957,11978967619 -6957,11978967619 -11030,0716887071 -7773,72508012973
-6680,47355559538 -6680,47355559538 -10344,7810442274 -7623,94723537232
-6599,66552894996 -6599,66552894996 -11430,3350727635 -7439,11726188491
-6403,1482985981 -6403,1482985981 -10494,4486657394 -7261,21074392608
-6403,1482985981 -6405,63144967748 -10312,9315906843 -7156,54265915364
-6336,23301339893 -6336,23301339893 -10180,3500396858 -7051,05049146934
-6310,54157183854 -6310,54157183854 -10415,065635755 -6922,12650950377
-6275,06332118246 -6275,06332118246 -10066,8706844961 -6783,62642094134
-6063,68283658046 -6063,68283658046 -10317,0940474089 -6662,50970653909
-5889,46594777836 -5889,46594777836 -9882,10992462261 -6549,1733152422
-5793,57140529802 -5793,57140529802 -9613,3818603143 -6387,82142944566
-5792,23629811535 -5792,23629811535 -9849,06482860562 -6286,69388386281
-5750,00876730959 -5750,00876730959 -9504,8768906733 -6229,93245334455
-5566,19536860614 -5566,19536860614 -9816,83371186707 -6116,68864867277
-5566,19536860614 -5579,46699333043 -9431,93464713883 -6050,64513733781
-5546,07179862172 -5546,07179862172 -9221,78638733245 -6004,04554364671
-5546,07179862172 -5577,51633162119 -9177,81761394871 -5963,31370048307
-5462,99134275148 -5462,99134275148 -9112,09393828866 -5906,237482557
-5460,11735904669 -5460,11735904669 -9103,2614830481 -5865,06952698002
-5444,76652949621 -5444,76652949621 -9118,05308879308 -5800,78666740493
-5386,14194236945 -5386,14194236945 -9379,1021704982 -5654,41517664431
-5246,27855778975 -5246,27855778975 -8753,72320902207 -5596,61985713624
-5246,27855778975 -5262,37885544474 -8679,75046666392 -5603,97264336672
-5182,24743419547 -5182,24743419547 -8783,67203232424 -5555,37259520886
-5039,13734333455 -5039,13734333455 -8319,53626770125 -5533,15138322706
-5039,13734333455 -5053,15113658305 -8550,35754357046 -5438,36859732862
-5039,13734333455 -5040,32540405442 -8078,84860973931 -5410,52064174394
-4937,72063726557 -4937,72063726557 -8880,08830338277 -5357,12737998246
-4923,90272452479 -4923,90272452479 -8486,91955982771 -5311,63395906973
-4873,14263622143 -4873,14263622143 -8984,23311269776 -5271,43611266128
-4774,31495518868 -4774,31495518868 -8752,64184874408 -5221,16136861343
-4700,27826133102 -4700,27826133102 -8325,56788484385 -5145,59896663223
-4700,27826133102 -4746,13992871797 -8681,21941602047 -5138,9101633916
-4700,27826133102 -4710,01903143624 -8058,89374557728 -5097,31217964256
-4694,98922292535 -4694,98922292535 -8298,08245828646 -5098,48869679252
-4665,75817579607 -4665,75817579607 -8072,36808569058 -5067,83952628247
-4609,58960772962 -4609,58960772962 -8035,89497406516 -5022,00836275319
-4609,58960772962 -4680,0196947575 -7773,06802254066 -4994,34358369084
-4609,58960772962 -4705,09819842804 -7714,14196190126 -4985,01077920286
-4563,32698945485 -4563,32698945485 -8134,01779622069 -4930,98143595077
-4563,32698945485 -4587,37572362958 -8139,03710620387 -4912,60144140771
-4563,32698945485 -4707,20200253637 -8275,96752906976 -4932,15394769302
-4563,32698945485 -4736,63523697145 -7675,4360799889 -4945,06145429137
-4521,11112885457 -4521,11112885457 -7936,4363408921 -4821,30725401252
-4426,05699499857 -4426,05699499857 -7574,4444953804 -4755,9373791225
-4251,50052158837 -4251,50052158837 -8103,45866217191 -4721,58756372289
-4011,65800237958 -4011,65800237958 -7881,60379572425 -4701,28774055359
-4011,65800237958 -4019,00997008998 -7739,57889880812 -4623,47367785012
-4011,65800237958 -4106,35465147319 -7535,09001275096 -4623,24650102457
-4011,65800237958 -4188,09808035009 -7755,09976327016 -4591,24257986808
-4011,65800237958 -4135,94284742105 -7754,6791476536 -4547,32174567367
-4011,65800237958 -4156,16245301073 -7246,40674775082 -4523,91124228915
-4011,65800237958 -4186,72648586607 -7371,60862423595 -4505,80967258995
-4011,65800237958 -4101,48051894628 -7647,83416864877 -4481,97160834596
-4011,65800237958 -4176,47490505872 -7464,26372166082 -4431,7852698527
-4011,65800237958 -4131,82928266965 -7500,13270938275 -4409,06809876587
-4011,65800237958 -4041,96785690622 -7302,15063054843 -4408,16468584102
-4000,37283429383 -4000,37283429383 -7335,79406499684 -4384,58473190429
-3965,21388706757 -3965,21388706757 -7407,55634068973 -4398,78593792981
-3965,21388706757 -3988,15294719347 -7385,49578676486 -4370,26256714419
-3965,21388706757 -4071,18844569363 -7420,12788119679 -4390,52588328912
-3965,21388706757 -4091,99724583615 -7036,69348765994 -4362,26780285942
-3965,21388706757 -4085,08939455202 -7037,05634131821 -4384,08855082979
-3965,21388706757 -4172,40310428803 -7710,79202682925 -4368,44244205483
-3965,21388706757 -4139,65799479629 -7178,59165904145 -4365,29611165942
-3965,21388706757 -3967,609303334 -8052,06416452688 -4365,31565884224
-3965,21388706757 -3970,52942186235 -7579,65108697112 -4351,05201609256
-3965,21388706757 -4031,76779438072 -7809,56453142256 -4337,78833058497
-3965,21388706757 -4041,55937338107 -6973,17385431142 -4331,46472878302
-3965,21388706757 -4070,97211507573 -7451,26464005513 -4352,35647001968
-3965,21388706757 -4050,92725596279 -7384,16539614563 -4319,79265795732
-3965,21388706757 -4050,29518658772 -7519,1090434854 -4352,1195094295
-3965,21388706757 -4052,18510618086 -7589,04472026392 -4338,30383440755
-3965,21388706757 -4098,96498015782 -7478,43599145317 -4341,83117963383
-3965,21388706757 -4013,43467978392 -7612,00310005394 -4295,86478964526
-3965,21388706757 -3993,68473391718 -7378,16175800503 -4267,58807968214
-3965,21388706757 -4021,25508940236 -7287,97386545837 -4279,89177321202
-3934,92218494067 -3934,92218494067 -7380,63595925889 -4262,68911937122
-3934,92218494067 -4066,82939369496 -7204,90033339587 -4272,47637375496
-3934,92218494067 -4008,79466890254 -7524,04373846818 -4249,4128363654
-3934,92218494067 -4103,90867395214 -7389,31452171869 -4268,79596380861
-3934,92218494067 -4094,70181398427 -7129,02537446221 -4264,87063560452
-3934,92218494067 -4054,56574080656 -7834,74127541598 -4250,23102779645
-3934,92218494067 -4047,17167171991 -7101,17584689676 -4246,47760675097
-3934,92218494067 -4059,70327197506 -7299,6652012041 -4235,26458264278
-3934,92218494067 -4095,32391484949 -7614,27588446161 -4249,34333553044
-3934,92218494067 -4028,94213447661 -7178,14582028724 -4222,07213157693
-3934,92218494067 -4016,58575552508 -7403,80993028695 -4229,42985082826
-3934,92218494067 -4007,26941234852 -7462,9901864102 -4238,12268285466
-3934,92218494067 -4062,48879641861 -7154,74524851215 -4244,58045018304
-3934,92218494067 -3970,02054776698 -7179,91328692184 -4256,12665246451
-3934,92218494067 -4006,18793594756 -7142,58963010524 -4266,65818429103
-3934,92218494067 -4040,75308783806 -7251,9209131328 -4292,17680564027
-3934,92218494067 -4045,29674537592 -7266,5253423001 -4288,09003260951
-3934,92218494067 -4009,35492937986 -7419,86559809341 -4285,39465250079
-3934,92218494067 -4001,68913318131 -7472,78492593972 -4243,24815480212
-3930,47606380791 -3930,47606380791 -7090,84743678725 -4220,22289456015
-3930,47606380791 -3935,85928557496 -7357,95091004522 -4212,82902925575
-3930,47606380791 -4014,16166329364 -7316,32928014083 -4241,13367716928
-3930,47606380791 -4036,84062646903 -7097,02178905945 -4260,27156711196
-3930,47606380791 -4038,08717418895 -7557,08725210351 -4283,81947636721
-3930,47606380791 -3970,74068143668 -7223,94022589041 -4265,16315409598
-3930,47606380791 -3970,93193504711 -7240,53047796951 -4266,66036302812
-3930,47606380791 -4041,87894886365 -7125,29593757388 -4298,61480795001
-3930,47606380791 -4037,09821332927 -7542,98584075188 -4310,34460405034
-3930,47606380791 -4047,69721272987 -7108,85397742447 -4301,02060716923
-3930,47606380791 -3958,61632140547 -7294,8156949517 -4256,96714113481
-3929,68819580364 -3929,68819580364 -7613,21545166329 -4279,75520594212
-3915,38317687184 -3915,38317687184 -7291,51969719817 -4285,44911632309
-3915,38317687184 -4000,31062650744 -7483,60275417384 -4271,76875446236
-3915,38317687184 -3966,06771242093 -7282,34584530147 -4252,95809397889
-3915,38317687184 -3959,59206886478 -7087,28030143958 -4264,20661630073
-3915,38317687184 -3954,02718197403 -7217,71418970799 -4250,40288297881
-3839,43897316654 -3839,43897316654 -7479,99092621951 -4204,99818077717
-3696,16407341882 -3696,16407341882 -7368,94465542174 -4183,43584828944
-3696,16407341882 -3700,69385504381 -7419,86805195977 -4174,29193687431
-3696,16407341882 -3742,05465269104 -7171,66131834666 -4209,16178030326
-3696,16407341882 -3809,4011454433 -7459,83182952451 -4190,62432291287
-3696,16407341882 -3937,86475530243 -6924,3807039169 -4207,90440234473
-3696,16407341882 -3930,04179239786 -7544,82940234252 -4197,39767303702
-3696,16407341882 -3972,72343605326 -6896,49585922288 -4188,11040733138
-3696,16407341882 -3987,80381894118 -7137,70420861835 -4193,70302710897
-3696,16407341882 -4048,35903812203 -7091,62825343327 -4219,39686085118
-3696,16407341882 -3988,58416406849 -7241,09665525645 -4210,24719361122
-3696,16407341882 -3986,74469356883 -7465,78300559956 -4219,41693611798
-3696,16407341882 -4007,53412545875 -7710,1388783058 -4202,65832837955
-3696,16407341882 -3994,71836730761 -7464,89981415799 -4176,11374606046
-3696,16407341882 -4005,30843636767 -6991,21409201789 -4170,17469867981
-3696,16407341882 -4002,14698844449 -7343,33833085616 -4164,17451334831
-3696,16407341882 -3959,66993969062 -7482,41636140911 -4162,77396950474
-3696,16407341882 -3959,66993969062 -6995,24454338142 -4149,23671643176
-3696,16407341882 -3951,43614732149 -7052,4030385195 -4134,62442964996
-3696,16407341882 -3930,21448586269 -6876,1452508733 -4132,67436698292
-3696,16407341882 -3747,92677716414 -6940,49204530814 -4124,13055622675
-3696,16407341882 -3744,30925466752 -7136,61683943402 -4126,77547276178
-3696,16407341882 -3830,44757592785 -7277,686764617 -4138,65742317232
-3696,16407341882 -3852,06121626847 -7188,76177618388 -4125,93057844496
-3696,16407341882 -3854,30895818277 -6908,15768592345 -4100,46813243251
-3696,16407341882 -3845,63413711525 -7418,4473718362 -4110,17423474036
-3696,16407341882 -3708,68650131602 -7328,16336215406 -4078,90267525098
-3696,16407341882 -3724,23107345778 -7114,26590335478 -4068,74930525933
-3696,16407341882 -3760,62439463287 -7358,87725891522 -4046,82753304842
-3673,22981362841 -3673,22981362841 -7278,41112199527 -4046,32332945668
-3630,89272066085 -3630,89272066085 -7202,21714895385 -4043,62310279669
-3559,00656980071 -3559,00656980071 -7392,50906522323 -4027,39216463475
-3543,45818568592 -3543,45818568592 -7009,92725498837 -4037,04678071961
-3543,45818568592 -3769,2531332286 -7237,44282681706 -4070,04577419557
-3543,45818568592 -3811,9889447124 -6863,80859415282 -4075,2609716395
-3543,45818568592 -3850,08253436374 -6991,91753919267 -4102,3417840268
-3543,45818568592 -3881,84881620072 -7037,54653797804 -4099,20108539574
-3543,45818568592 -3885,10767985397 -7301,54941430822 -4128,47328814332
-3543,45818568592 -3808,1070020877 -7590,76861644366 -4127,19676731516
-3543,45818568592 -3868,33923717511 -7068,25288238041 -4120,04064365103
-3543,45818568592 -3864,41146328994 -7219,39144833209 -4114,55291069196
-3543,45818568592 -3702,65643389157 -7670,44842199854 -4133,79956839443
-3543,45818568592 -3788,57681457975 -7553,87664396839 -4114,80587359126
-3543,45818568592 -3787,0788985985 -7024,20367199737 -4119,38530222927
-3543,45818568592 -3685,65583161741 -7148,06679098196 -4100,15719007498
-3543,45818568592 -3815,25294250181 -7295,79805085346 -4122,81116033741
-3543,45818568592 -3812,07922623276 -7245,62812486044 -4091,48489064392
-3543,45818568592 -3667,24614515666 -7357,18724637322 -4071,51598975751
-3543,45818568592 -3588,59657912903 -7493,30516439764 -4068,32924623745
-3543,45818568592 -3581,23769736033 -7380,45361668494 -4080,43372696276
-3543,45818568592 -3581,23769736033 -6856,49294159414 -4078,46311608955
-3543,45818568592 -3677,69124018096 -6982,42610701312 -4111,07482793485
-3543,45818568592 -3618,74966081226 -7550,0359048716 -4089,40882927816
-3543,45818568592 -3635,7487152695 -7535,26303618607 -4100,78385153432
-3543,45818568592 -3723,01783881894 -7302,28527765037 -4082,22443320806
-3543,45818568592 -3787,67695798084 -7195,79810319349 -4074,42190834682
-3543,45818568592 -3777,53822190698 -7068,41050141886 -4062,00967502219
-3543,45818568592 -3783,04988933839 -6788,09862992463 -4104,95820413661
-3543,45818568592 -3721,89796699141 -7150,40083944269 -4062,61638028136
-3543,45818568592 -3793,60622791858 -7110,40152336772 -4090,55788417147
-3543,45818568592 -3790,26801964446 -6914,59315131608 -4095,27536987326
-3543,45818568592 -3817,32387087115 -6967,02656961842 -4097,73869758155
-3543,45818568592 -3874,36926265535 -7336,1151033574 -4103,73348855543
-3543,45818568592 -3884,83747242215 -7085,27111022881 -4115,35670073853
-3543,45818568592 -3915,95986838332 -6824,72573031837 -4101,03581052358
-3543,45818568592 -3945,32928540947 -7044,28814638805 -4085,61752729398
-3543,45818568592 -3872,05030915107 -6895,25572135342 -4075,55023721924
-3543,45818568592 -3882,41707155417 -7113,64090558041 -4090,57546880626
-3543,45818568592 -3886,6418975059 -7124,63378674435 -4075,93925709534
-3543,45818568592 -3880,66583730912 -7204,72004238138 -4095,53000074824
-3543,45818568592 -3907,13706993848 -7237,7252860276 -4095,56462900569
-3543,45818568592 -3853,80760583618 -6952,39359297089 -4050,44805297628
-3543,45818568592 -3824,58299063534 -6833,43493588195 -4049,6530567215
-3543,45818568592 -3807,86102819393 -7060,60353232654 -4017,66279095735
-3543,45818568592 -3807,75854341679 -7196,89765307367 -4037,26076836979
-3543,45818568592 -3867,80298416417 -6719,6741679879 -4043,68339561834
-3543,45818568592 -3843,18366742516 -7314,93753314233 -4031,17260851878
-3543,45818568592 -3847,75545206208 -7008,49912073692 -4048,02150681256
-3543,45818568592 -3856,72119870775 -7356,29641001385 -4083,92423485154
-3543,45818568592 -3830,03512873249 -7085,47044058394 -4053,41439269938
-3543,45818568592 -3819,58585107027 -6746,82212847872 -4041,41151990326
-3543,45818568592 -3855,62322866409 -7071,60626971274 -4062,26554896458
-3543,45818568592 -3826,00860573143 -7279,51926031371 -4051,49472680707
-3543,45818568592 -3734,20558673251 -6940,72528308207 -4049,31942925028
-3543,45818568592 -3702,20687441329 -7260,44104450017 -4043,10451521955
-3536,95893905016 -3536,95893905016 -6713,36712854539 -4028,58217097858
-3536,95893905016 -3545,11397034728 -6948,67656415325 -4024,93642431317
-3522,79235194552 -3522,79235194552 -7177,00028221388 -4024,84996136914
-3522,79235194552 -3623,68613160542 -7447,38259962463 -4009,11276106789
-3522,79235194552 -3736,47323391072 -7025,74338541226 -4042,89057516146
-3522,79235194552 -3764,48850358368 -7464,66049579681 -4070,15179095308
-3522,79235194552 -3784,43944524745 -6859,34928791806 -4111,21850805357
-3522,79235194552 -3836,39138735678 -7541,86633406001 -4120,23708324829
-3522,79235194552 -3855,89572671942 -7529,69208540186 -4122,99114013231
-3522,79235194552 -3908,38142179531 -7236,7204867066 -4128,02382179165
-3522,79235194552 -3834,91669786586 -7002,93393673153 -4108,2871670992
-3522,79235194552 -3905,45668106692 -7086,41956484398 -4105,55507194526
-3522,79235194552 -3772,76755317878 -6958,03341744717 -4102,45225136733
-3522,79235194552 -3715,6632800933 -7223,48749771466 -4120,6875004132
-3522,79235194552 -3715,6632800933 -7036,86163110341 -4125,16643353374
-3522,79235194552 -3864,27172645355 -7345,08328078146 -4148,59983235394
-3522,79235194552 -3823,62951305735 -7235,37685605911 -4147,52184935847
-3522,79235194552 -3826,21034197417 -7170,11196588481 -4132,88885202512
-3522,79235194552 -3819,70987720654 -7419,73994880197 -4153,23741482809
-3522,79235194552 -3819,70987720654 -7211,95326416658 -4148,1058107014
-3522,79235194552 -3786,59488570969 -7249,50540809537 -4127,94201232763
-3522,79235194552 -3794,90220146723 -7529,20128314301 -4115,36363106027
-3522,79235194552 -3803,81539476534 -7263,44229776797 -4127,03250491739
-3522,79235194552 -3812,17801792299 -7315,21045099687 -4127,66039257484
-3522,79235194552 -3814,72596673988 -7100,39899070998 -4109,2862710657
-3522,79235194552 -3814,72596673988 -7334,41086936871 -4095,24037413418
-3522,79235194552 -3800,13209328966 -7044,26525426594 -4117,22599286566
-3522,79235194552 -3796,60724884922 -7090,39826583715 -4084,8184880305
-3522,79235194552 -3791,88783639223 -7036,87895453759 -4087,18238516665
-3522,79235194552 -3779,4150320794 -7017,79124721314 -4113,66377815437
-3522,79235194552 -3643,93160384447 -6818,3689513456 -4097,60117923731
-3522,79235194552 -3685,65848949335 -7511,47577281742 -4081,38243515459
-3522,79235194552 -3705,47941075093 -7264,93406203641 -4061,18059357426
-3522,79235194552 -3680,59087950213 -7013,91334806451 -4047,25952446234
-3522,79235194552 -3677,55572986859 -7381,05084757445 -4042,30677853628
-3522,79235194552 -3734,24001996713 -7255,79351501299 -4064,53968697711
-3522,79235194552 -3787,93358726986 -6794,82715738876 -4071,61694639813
-3522,79235194552 -3833,26666706039 -7309,14984625275 -4086,6513303915
-3522,79235194552 -3865,96050064073 -7124,03098315413 -4091,93942678998
-3522,79235194552 -3863,72702711906 -7322,30076543891 -4089,47789632791
-3522,79235194552 -3836,62501524501 -6895,79189927543 -4123,90312496032
-3522,79235194552 -3935,36704576271 -7183,92959376568 -4142,61385076838
-3522,79235194552 -3932,88328077729 -7123,50904261695 -4140,55211775795
-3522,79235194552 -3827,27477791969 -7046,8789850514 -4129,98229901218
-3522,79235194552 -3724,46303369185 -6696,94112623452 -4114,15299735017
-3522,79235194552 -3724,46303369185 -7005,0115970583 -4097,77084974203
-3522,79235194552 -3770,75745146076 -7164,68816458358 -4113,038961143
-3522,79235194552 -3803,8484272395 -7002,17874358369 -4109,15285492639
-3522,79235194552 -3852,71818025045 -7109,85548514272 -4086,36230396296
-3522,79235194552 -3845,80552643538 -7242,03190952255 -4096,91282911087
-3522,79235194552 -3839,32150710084 -7022,99641955248 -4109,26819137173
-3522,79235194552 -3828,32025339934 -6945,33979723255 -4103,51171109357
-3522,79235194552 -3746,0620943142 -6811,20799593765 -4090,88100929123
-3522,79235194552 -3812,52286227546 -7256,01294384171 -4113,37702234586
-3522,79235194552 -3815,7369490189 -7078,85751417864 -4144,4485586016
-3522,79235194552 -3867,38479223804 -7033,11518122082 -4111,01440842811
-3522,79235194552 -3917,70161836788 -7384,74734961446 -4120,64319804974
-3522,79235194552 -3917,40151809267 -7297,24162868581 -4112,51387209735
-3522,79235194552 -3916,77529962546 -7195,32326992788 -4111,98624743867
-3522,79235194552 -3935,63053513509 -6819,35325002537 -4105,99459288113
-3522,79235194552 -3940,29761568097 -7166,78012943778 -4134,88855669825
-3522,79235194552 -3932,32855076372 -7419,03969557963 -4116,45758036638
-3522,79235194552 -3879,92619966597 -7412,59243379687 -4146,81392179269
-3522,79235194552 -3830,46430579538 -7205,38241963194 -4159,60364852799
-3522,79235194552 -3809,0094358055 -7053,88922092641 -4161,90917441893
-3522,79235194552 -3771,99701696747 -7113,74662229079 -4154,23523283412
-3522,79235194552 -3801,83202240823 -7435,03356936283 -4184,05466934966
-3522,79235194552 -3751,71275651939 -7264,39914479431 -4149,78121990975
-3522,79235194552 -3782,27711519175 -7049,44718392452 -4144,35523328529
-3522,79235194552 -3758,387010093 -7424,58793033149 -4142,33180351554
-3522,79235194552 -3700,3720746471 -7292,15838344977 -4105,51281614278
-3522,79235194552 -3715,4697940366 -7216,93960833143 -4071,5649414108
-3522,79235194552 -3705,34102390105 -6862,49403999812 -4073,18559643044
-3522,79235194552 -3724,71062167541 -7203,64857414253 -4025,99167491087
-3522,79235194552 -3726,8311488677 -7369,88693604112 -4020,40120039002
-3522,79235194552 -3727,17772376556 -7346,94883634965 -4031,82107817236
-3522,79235194552 -3629,24988004148 -7053,75553864421 -4000,75551904316
-3522,79235194552 -3694,52348119867 -6900,64328610382 -3999,9059810013
-3522,79235194552 -3714,56034726431 -6963,70261328133 -4014,83346958806
-3522,79235194552 -3786,39426948532 -7222,54091065934 -4036,37054551836
-3522,79235194552 -3704,57748450648 -7126,09106283354 -4044,05316410877
-3522,79235194552 -3693,57122026374 -7149,04294211744 -4037,73587685599
-3522,79235194552 -3806,92978515114 -7112,36361084373 -4065,3021656168
-3522,79235194552 -3837,38442342857 -7145,58568412828 -4087,90119789143
-3522,79235194552 -3897,50041573909 -7479,07590841608 -4103,76418559961
-3522,79235194552 -3832,99467799071 -7385,32986379481 -4100,58727061618
-3522,79235194552 -3677,0524553548 -7074,58570396341 -4102,76882600289
-3522,79235194552 -3664,73058149255 -7255,74991331333 -4107,37578670818
-3522,79235194552 -3644,41518452841 -7475,84952380549 -4115,27405042198
-3522,79235194552 -3661,08070836629 -7300,95412832204 -4090,7705059675
-3522,79235194552 -3639,10307574249 -7242,71276589957 -4077,21253967146
-3522,79235194552 -3659,17085611943 -7277,59037355666 -4040,23773856113
-3522,79235194552 -3682,61850568092 -7239,28755463789 -4045,21404720939
-3522,79235194552 -3598,62688763243 -6994,70773369991 -4020,32117018274
-3522,79235194552 -3614,84972729527 -7272,44193301914 -3992,99582242462
-3522,79235194552 -3670,23823654866 -7182,42865095493 -3975,08061505702
-3522,79235194552 -3704,84934793322 -6796,71564633985 -3996,33718366583
-3522,79235194552 -3759,37860085825 -7391,49391556029 -3984,29423578544
-3522,79235194552 -3750,44218277435 -6945,01508026395 -3992,96189890002
-3522,79235194552 -3785,45852425252 -7038,03180063087 -3978,46518499273
-3522,79235194552 -3758,08751418479 -7045,11407239063 -3987,16452230151
-3522,79235194552 -3734,71971314843 -7008,84005551919 -3959,58613801785
-3522,79235194552 -3757,25299024751 -6829,32309490794 -3969,67290626701
-3522,79235194552 -3790,67685622031 -7059,1382862145 -3993,32577837805
-3522,79235194552 -3889,0774303785 -7330,27638034534 -4049,11472688094
-3522,79235194552 -3864,4909215599 -7163,82257162697 -4018,12202758389
-3522,79235194552 -3790,67526679447 -6612,79867095873 -3991,57051533335
-3522,79235194552 -3817,16048460243 -7206,60922722097 -3995,860846516
-3522,79235194552 -3840,08294526521 -6917,51390271153 -4025,85560196317
-3522,79235194552 -3806,65907929241 -7160,72405533427 -4034,04399690003
-3522,79235194552 -3849,11928934575 -6832,82809998973 -4044,823220626
-3522,79235194552 -3863,5592813625 -7196,65445695714 -4044,76947932924
-3522,79235194552 -3828,97464363306 -7131,95090014206 -4029,51659507198
-3522,79235194552 -3826,18497610775 -6696,76475411884 -4038,59569954023
-3522,79235194552 -3743,08684299381 -7076,20047345006 -4021,64968285463
-3522,79235194552 -3709,23422804198 -7211,69749631762 -4000,04189952102
-3522,79235194552 -3685,73323830736 -6908,36729515618 -4001,20212572698
-3522,79235194552 -3685,73323830736 -6875,62892103679 -3992,57654944563
-3522,79235194552 -3729,90079861619 -7166,44217881152 -4005,65811271188
-3522,79235194552 -3745,90060879057 -7066,72801288787 -3991,15333778742
-3522,79235194552 -3701,74228286405 -7065,49135373667 -4011,52220027435
-3522,79235194552 -3684,00141234373 -7179,17065269961 -3998,36133645074
-3522,79235194552 -3691,06950568859 -7194,6861522032 -3966,24391414578
-3522,79235194552 -3662,77674800911 -6881,66626849845 -3938,49860283619
-3522,79235194552 -3715,34509624115 -7040,23362925907 -3938,78742991604
-3522,79235194552 -3700,39600423409 -7163,82268132027 -3938,45778152824
-3522,79235194552 -3746,92092621273 -7106,17684838485 -3972,05676311861
-3522,79235194552 -3746,92092621273 -7302,07482377538 -3912,98795402915
-3522,79235194552 -3581,78143240125 -6666,38231196265 -3891,27263618087
-3522,79235194552 -3599,52230292157 -6824,83214676013 -3869,4400843739
-3522,79235194552 -3600,3706999138 -6436,27069036521 -3879,64370530667
-3522,79235194552 -3584,63366148482 -6844,7943554352 -3883,99231466602
-3522,79235194552 -3604,13900829794 -6936,17945598262 -3893,45236306383
-3522,79235194552 -3611,90917942508 -7060,13495574306 -3907,78704693849
-3522,79235194552 -3575,98891715014 -6906,05515918238 -3897,46665269887
-3494,60358167375 -3494,60358167375 -6571,28258531116 -3883,20664619896
-3445,50226033147 -3445,50226033147 -7170,63960118018 -3877,99635590658
-3416,08793095452 -3416,08793095452 -6988,8515801302 -3917,98969959023
-3416,08793095452 -3467,68078258223 -7202,1116596732 -3900,53387889837
-3416,08793095452 -3544,95519840912 -6856,10538218835 -3895,10369160193
-3416,08793095452 -3556,67451224074 -7022,22293407016 -3903,5928929952
-3416,08793095452 -3564,68391231329 -7034,794690776 -3941,37481853581
-3416,08793095452 -3486,08813945545 -7007,3908625634 -3918,49890878752
-3416,08793095452 -3588,6438602703 -7079,44037295159 -3929,87818742182
-3416,08793095452 -3596,34192114926 -6736,87336717919 -3955,31776728624
-3416,08793095452 -3582,02347393624 -6556,12082263188 -3942,21154269757
-3416,08793095452 -3622,212622288 -7039,69479919073 -3972,43350981257
-3416,08793095452 -3654,98639599372 -6975,33536267408 -3968,71804389764
-3416,08793095452 -3616,74930276804 -7080,94523560624 -3956,46357675365
-3416,08793095452 -3630,7986446332 -6846,30870846275 -3963,54186191824
-3416,08793095452 -3631,09745266209 -6807,48759336347 -3986,21896911649
-3416,08793095452 -3628,14765664423 -7023,06047028798 -3966,19109825966
-3416,08793095452 -3685,55656888703 -7135,34817812277 -3962,41246623624
-3416,08793095452 -3713,14208291971 -7026,16177915828 -3982,43212363022
-3416,08793095452 -3724,02254901536 -6978,23961584318 -3988,79041397963
-3416,08793095452 -3810,69266183849 -6954,13742067127 -3992,65178728161
-3416,08793095452 -3802,59050779208 -6835,56879533301 -4011,20677397011
-3416,08793095452 -3815,99770719888 -6839,33213789154 -4041,28231810009
-3416,08793095452 -3748,73158436431 -6909,53972927705 -4051,74282906269
-3416,08793095452 -3730,6830712647 -7199,05037528328 -4028,92605064755
-3416,08793095452 -3764,19233046587 -6892,5478436705 -4036,64686696415
-3416,08793095452 -3740,0535843271 -6721,74335997647 -4031,55781631321
-3416,08793095452 -3600,11129699558 -6898,93360260064 -4017,11312150497
-3416,08793095452 -3577,52362635717 -6924,3033641825 -4007,12933164924
-3416,08793095452 -3539,90566041815 -6865,54829296609 -3999,7683577714
-3416,08793095452 -3560,1652888821 -7328,15203085593 -4005,24572124357
-3416,08793095452 -3701,35527294668 -7191,79676415542 -4025,40270716615
-3416,08793095452 -3709,77963579129 -6660,37624112211 -4019,68265586126
-3416,08793095452 -3709,90137345934 -6891,89610474969 -4030,83645399728
-3416,08793095452 -3644,64245682485 -7098,31905843039 -4018,70079742088
-3416,08793095452 -3633,57933363512 -7044,86236980971 -4012,2951073164
-3416,08793095452 -3656,4635842338 -6864,39354107219 -4011,72027037033
-3416,08793095452 -3614,00881683844 -7060,19150368749 -4013,68452519549
-3416,08793095452 -3696,2754018218 -6839,45847306451 -4036,7962775867
-3416,08793095452 -3782,84766671235 -6874,28048304344 -4065,35601580296
-3416,08793095452 -3813,07521896704 -6911,82261606102 -4062,18519674428
-3416,08793095452 -3861,45338401479 -6896,87020370759 -4074,83128827527
-3416,08793095452 -3827,35461054543 -7305,53805393905 -4063,71578764659
-3416,08793095452 -3823,54656996074 -7438,97228931165 -4050,52746737881
-3416,08793095452 -3774,72918786788 -7233,73976833408 -4033,33868506047
-3416,08793095452 -3737,97599129418 -7309,99732827108 -4016,75339124648
-3416,08793095452 -3737,93978168639 -6934,82606175051 -4010,94202357089
-3416,08793095452 -3716,6261407065 -6993,82007984809 -4016,25004328783
-3416,08793095452 -3688,658564272 -7045,30204861423 -4009,89861197833
-3416,08793095452 -3718,51696684288 -6744,71929970478 -4046,89597818859
-3416,08793095452 -3674,65905889994 -7606,2227287373 -4008,98211039663
-3416,08793095452 -3758,59222724198 -6707,38485810666 -3996,71355654775
-3416,08793095452 -3661,2987656986 -7097,90669624148 -3999,38462978296
-3416,08793095452 -3643,25025259899 -7066,81374871666 -3959,88536742396
-3416,08793095452 -3519,91797415728 -7499,06206020531 -3967,34044135971
-3416,08793095452 -3511,39620658027 -7386,29937451482 -3980,84742641949
-3416,08793095452 -3561,66265061719 -7374,94639305992 -3985,63137401904
-3416,08793095452 -3574,9455181884 -7153,34080047617 -3983,29125767991
-3416,08793095452 -3543,21556169547 -6920,21300068738 -3972,53516206704
-3416,08793095452 -3571,19278318745 -6867,48752820379 -3994,39981533744
-3416,08793095452 -3519,54493996831 -7048,56957925569 -3998,05799765534
-3416,08793095452 -3504,0441947214 -7463,89298030824 -3987,95841559684
-3416,08793095452 -3557,48284321318 -7110,9413734055 -4021,44038975719
-3416,08793095452 -3568,02184306521 -7285,87130650807 -4014,56556049145
-3416,08793095452 -3582,81931118718 -7411,47496326301 -3975,64642460012
-3416,08793095452 -3509,20489079723 -7447,89680799643 -3988,97298311929
-3416,08793095452 -3430,22639841187 -7095,11266297926 -3971,93993830536
-3416,08793095452 -3586,32849925886 -7068,90458941138 -3972,66181426056
-3416,08793095452 -3605,91683812232 -7055,22259632536 -4018,33887178238
-3416,08793095452 -3705,14395560584 -7112,20130836623 -4037,33810758836
-3416,08793095452 -3623,93363060606 -7467,85761273916 -3992,95991834902
-3416,08793095452 -3609,47410979792 -7502,66653621381 -3978,30530566487
-3416,08793095452 -3680,5709833746 -7301,62141994068 -3974,31968133487
-3416,08793095452 -3599,88673838557 -7128,72781316479 -3987,5711012094
-3416,08793095452 -3500,65962090206 -7232,84459569371 -4003,08647226714
-3416,08793095452 -3677,47734241083 -7241,89616939307 -4017,78822251909
-3416,08793095452 -3579,65859521005 -7195,48566766875 -3997,40075416736
-3416,08793095452 -3576,9048586446 -7267,56222840127 -3956,11305667763
-3416,08793095452 -3657,06685302281 -6934,33484032495 -3973,3507511025
-3416,08793095452 -3568,98142059394 -7491,78519839944 -3976,75744318702
-3416,08793095452 -3628,42481137931 -6939,86485668321 -4027,5378533659
-3416,08793095452 -3678,64090265893 -6981,31763798175 -4004,14340089935
-3416,08793095452 -3627,61002475293 -7290,72163742036 -4001,75422787322
-3416,08793095452 -3708,24576285631 -7309,26449522068 -4002,62264025066
-3416,08793095452 -3656,13846938517 -7135,88927220936 -3975,56096111336
-3416,08793095452 -3685,73449968371 -7070,17807095767 -4009,33790340541
-3416,08793095452 -3706,06576562878 -6898,22566278848 -4013,98225813187
-3416,08793095452 -3698,03121065606 -7096,87188708464 -4021,62380427084
-3416,08793095452 -3758,97348105533 -7096,62681420327 -4012,41033044202
-3416,08793095452 -3809,09551529671 -6831,76400489957 -4034,96512720002
-3416,08793095452 -3832,8267128815 -7099,34923255493 -4026,77557376818
-3416,08793095452 -3840,95182392299 -7113,70280717819 -4048,45592902082
-3416,08793095452 -3861,6139388706 -6813,94136210523 -4047,17615159531
-3416,08793095452 -3851,25163282337 -7024,05581920498 -4029,19427548593
-3416,08793095452 -3821,50096614485 -6512,1381044381 -4027,73096380957
-3416,08793095452 -3639,3006565744 -7221,81373537745 -4013,95919328942
-3416,08793095452 -3725,1635630439 -7152,70455764199 -4010,02332223145
-3416,08793095452 -3671,58560247832 -7333,10115126623 -4001,55465936704
-3416,08793095452 -3546,04041055809 -7030,8808674576 -4014,219055462
-3416,08793095452 -3554,06965897155 -6930,6068753168 -4029,99501987192
-3416,08793095452 -3639,32090384713 -7201,54404427034 -4033,60685419227
-3416,08793095452 -3611,30753376811 -7166,45542075758 -4029,60632848178
-3416,08793095452 -3602,29372976382 -7117,57148790774 -4024,64231090433
-3416,08793095452 -3577,27374471864 -7198,75154858781 -4040,02270269494
-3416,08793095452 -3596,97920536526 -7241,78187905823 -4056,84518094116
-3416,08793095452 -3621,99919041045 -7112,10379756427 -4050,96385512754
-3416,08793095452 -3547,45404968436 -7225,17728699791 -4012,66114447734
-3416,08793095452 -3537,19795532061 -6868,32607669363 -4011,51381688184
-3416,08793095452 -3590,76902052251 -7448,11618280777 -3987,90181941078
-3416,08793095452 -3480,98732443904 -6949,16945899661 -3973,15678764142
-3416,08793095452 -3427,41625923714 -7270,95067945546 -3929,26950985691
-3416,08793095452 -3427,41625923714 -6799,6431304756 -3930,691015313
-3408,68393878522 -3408,68393878522 -7019,05962599031 -3945,09376549212
-3408,68393878522 -3465,11386224133 -7191,69528150224 -3969,64537471126
-3408,68393878522 -3522,99611086086 -7253,29468595562 -3993,86682008014
-3408,68393878522 -3560,01921815012 -7080,15272297237 -3975,52859409097
-3408,68393878522 -3560,01921815012 -7292,18792724954 -3959,44530551964
-3408,68393878522 -3602,29524291225 -6634,42028244896 -3960,15672428564
-3408,68393878522 -3606,53111202333 -7221,77807192242 -3938,00996729974
-3408,68393878522 -3518,52525189404 -6598,74738719907 -3942,1835213144
-3408,68393878522 -3635,46526805082 -7193,93390257439 -3921,29246587325
-3408,68393878522 -3580,75593381891 -7102,31116291128 -3923,30856468801
-3408,68393878522 -3678,29794755741 -6742,93952059181 -3921,45329580705
-3408,68393878522 -3714,69433437677 -6803,70701657408 -3914,56987312415
-3408,68393878522 -3702,40057899071 -6819,1077116117 -3919,36300027118
-3408,68393878522 -3608,72009193558 -7045,10698370954 -3896,85575019344
-3408,68393878522 -3565,36910318195 -6684,17694996414 -3903,5162573548
-3408,68393878522 -3594,71682211481 -7198,64446704118 -3874,1466399087
-3408,68393878522 -3548,33290557753 -6615,61575642481 -3884,33844318006
-3408,68393878522 -3585,82361429206 -6757,36910338413 -3888,56980490807
-3408,68393878522 -3588,30368637303 -6614,44601841575 -3914,44573695138
-3408,68393878522 -3656,07097623462 -6988,99402921405 -3943,82374652718
-3408,68393878522 -3664,89536383466 -7188,01160545483 -3970,82270807199
-3408,68393878522 -3629,01774622193 -6926,42451607686 -3961,48687357622
-3408,68393878522 -3629,32830211136 -7019,62837371063 -3929,63260656669
-3408,68393878522 -3634,88384274225 -6929,9387765925 -3947,60471321379
-3408,68393878522 -3701,09405609853 -6963,33674414123 -3934,27905293203
-3408,68393878522 -3664,0995839346 -7020,93739044825 -3920,21412196364
-3408,68393878522 -3582,96879273643 -6944,90838836043 -3971,84490243829
-3408,68393878522 -3559,62926418343 -6987,05972356018 -3965,53100759713
-3408,68393878522 -3564,76125381761 -6782,01982176468 -3994,30907019864
-3408,68393878522 -3699,35222142209 -7009,71986198367 -4015,99176829177
-3408,68393878522 -3709,37500956414 -7261,54776270955 -4021,19756049301
-3408,68393878522 -3767,69230558904 -7191,04186040853 -4015,0211991049
-3408,68393878522 -3779,29841037893 -6879,92779342959 -4014,89858109514
-3408,68393878522 -3746,06725621071 -7376,70698671368 -4031,0649634872
-3408,68393878522 -3611,47628860623 -6990,99769740831 -3988,68768954456
-3408,68393878522 -3668,98350347881 -7144,59254953965 -3991,52481634486
-3408,68393878522 -3645,70310357163 -7506,91713723778 -3948,99518470181
-3408,68393878522 -3633,0082740338 -6818,92667585604 -3967,06576617236
-3408,68393878522 -3620,86645510726 -7406,38179308597 -3985,24994034466
-3408,68393878522 -3637,38272536735 -6895,82188932 -3945,66480482608
-3408,68393878522 -3588,30051716128 -6964,36326642709 -3936,14754780528
-3408,68393878522 -3629,1121135001 -6865,68201299444 -3933,0305432349
-3408,68393878522 -3631,23995617731 -7065,8676108875 -3919,94839964568
-3408,68393878522 -3565,51614900182 -6900,72720660805 -3900,4589771871
-3408,68393878522 -3504,81268323926 -6955,74566019094 -3903,06516407143
-3408,68393878522 -3601,43653528007 -6962,59840822524 -3912,36952681195
-3408,68393878522 -3627,25209117084 -7538,28658000253 -3908,0933814525
-3408,68393878522 -3639,39391009738 -6761,56903235766 -3904,73457356136
-3408,68393878522 -3680,61837459048 -6749,10145194291 -3892,29768790243
-3408,68393878522 -3583,99452254966 -6704,68397714377 -3909,96013562373
-3408,68393878522 -3750,46811513285 -7035,45424259928 -3969,77457849189
-3408,68393878522 -3781,12866687924 -7441,0584217552 -4007,51396601223
-3408,68393878522 -3704,78960670214 -7058,81033656089 -3993,75504398523
-3408,68393878522 -3726,99683230693 -6876,80837302802 -3964,75634285258
-3408,68393878522 -3844,19935427678 -6830,79010201539 -3985,57160144177
-3408,68393878522 -3839,62041287201 -6968,18105220304 -4002,91093432112
-3408,68393878522 -3819,03217466255 -6835,66085727627 -4027,70916708099
-3408,68393878522 -3827,93363020264 -6886,39169709348 -4008,58808661563
-3408,68393878522 -3807,38856649723 -6472,44914017623 -4046,37587509952
-3408,68393878522 -3803,11745651365 -7294,56205552109 -4010,86786893329
-3408,68393878522 -3759,53657014718 -7291,00793700394 -4023,69750582853
-3408,68393878522 -3748,35809941021 -6997,00911093658 -4056,29320259534
-3408,68393878522 -3767,55562091245 -7226,55573421458 -4046,30347161221
-3408,68393878522 -3753,14032341503 -7411,61412999071 -4026,17137454013
-3408,68393878522 -3736,19639120636 -6922,77472654667 -4007,76149117998
-3408,68393878522 -3735,16452200405 -6981,64395521595 -4031,48492171343
-3408,68393878522 -3760,90700780721 -6877,40916099609 -4041,99272846619
-3408,68393878522 -3663,4430196947 -6934,18320635518 -4049,96027228621
-3408,68393878522 -3639,12486528411 -7184,97262140928 -4031,96620669386
-3408,68393878522 -3673,87357936848 -7051,01642643559 -4027,01604944548
-3408,68393878522 -3658,75960062439 -7171,33825519362 -4024,14470474473
-3408,68393878522 -3632,80641481133 -7311,14887347167 -4002,37945474661
-3408,68393878522 -3626,86825153664 -6948,8888654211 -4012,87566670542
-3408,68393878522 -3708,25518563062 -7472,96371416794 -4037,49549338006
-3408,68393878522 -3728,38493381782 -7410,6996699123 -4043,4047686472
-3408,68393878522 -3780,28018505558 -6629,83962471342 -4066,33971640331
-3408,68393878522 -3759,68685349063 -6971,13600872773 -4043,67405834196
-3408,68393878522 -3759,68685349063 -7022,15745076713 -4021,64285533723
-3408,68393878522 -3707,78974668202 -6979,45414248585 -4013,14612962641
-3408,68393878522 -3664,77296098308 -6907,06800058679 -4016,36315729689
-3408,68393878522 -3678,11208596845 -7135,64356998353 -4044,14968356405
-3408,68393878522 -3663,00444877098 -6803,59992368835 -4043,01880569996
-3408,68393878522 -3649,65532676497 -7386,58253321428 -4021,95202340079
-3408,68393878522 -3678,44769298813 -7004,75322239029 -4054,04462546334
-3408,68393878522 -3713,28124215753 -7273,35966220149 -4061,49974931941
-3408,68393878522 -3713,28124215753 -6859,0142487027 -4052,35587420393
-3408,68393878522 -3704,34341255936 -7479,85283526086 -4060,22829026474
-3408,68393878522 -3747,42487708649 -7134,40903775734 -4021,71417685351
-3408,68393878522 -3745,88483180415 -7191,64847581468 -4021,88799566449
-3408,68393878522 -3766,01276635528 -7262,04770253501 -4040,11004940352
-3408,68393878522 -3685,23050557194 -7540,32160314418 -4036,33298714834
-3408,68393878522 -3622,39412221544 -7213,55921628313 -4041,82179693281
-3408,68393878522 -3607,50246978692 -6877,95752453743 -4014,71427271709
-3408,68393878522 -3773,73335323611 -7389,96512087746 -4018,27510100724
-3408,68393878522 -3721,8110380975 -7156,59825794049 -3989,71999284293
-3408,68393878522 -3812,78670278729 -6800,10636950923 -4005,97167137974
-3408,68393878522 -3827,28174340832 -6923,05200629456 -4003,43467347245
-3408,68393878522 -3736,60258541787 -7024,28279259775 -4036,0580339475
-3408,68393878522 -3697,07549869757 -7495,94647913826 -4045,39801500737
-3408,68393878522 -3789,32963416895 -7203,5929283467 -4050,26557901847
-3408,68393878522 -3775,10850230716 -7159,20188004854 -4045,57363873277
-3408,68393878522 -3775,10850230716 -6852,319778262 -4014,0516366636
-3408,68393878522 -3777,37629912498 -6852,49132802883 -4014,45030432294
-3408,68393878522 -3846,30161130489 -7141,52634632261 -4026,72229323823
-3408,68393878522 -3810,10412319082 -6968,24152653138 -4047,26254279388
-3408,68393878522 -3704,61367284281 -6882,38522968089 -3988,67391415991
-3408,68393878522 -3708,7597974902 -7365,61168728767 -4016,64510266596
-3408,68393878522 -3715,34568214435 -6945,71538887471 -3988,02578890751
-3408,68393878522 -3694,45031709824 -6726,00594858664 -4000,12230336645
-3408,68393878522 -3692,25479031144 -6969,8282924952 -4031,61729037264
-3408,68393878522 -3664,44593569028 -7227,72845510367 -4010,06536952505
-3408,68393878522 -3701,94110124003 -6854,74276517852 -4022,71880182665
-3408,68393878522 -3717,58352876658 -7122,03752624265 -4026,96191139821
-3408,68393878522 -3683,37416806166 -7208,42194198868 -3985,56465277159
-3408,68393878522 -3661,77392791546 -7000,33496270679 -3974,17427797613
-3408,68393878522 -3661,14174566042 -7269,30126237525 -3988,6503264331
-3408,68393878522 -3609,17952387827 -7074,66322406289 -3985,62864533975
-3408,68393878522 -3748,27730336149 -6672,88533299968 -4011,81289864464
-3408,68393878522 -3758,23916754909 -7075,01125315962 -4017,88368751539
-3408,68393878522 -3727,43034975801 -7066,09135204889 -3982,60776819978
-3408,68393878522 -3641,76799426099 -7209,35556347833 -3992,07088837781
-3408,68393878522 -3574,86007416352 -6928,32534580296 -3960,04003113694
-3408,68393878522 -3565,52771891722 -6874,32010721927 -3952,36070228854
-3408,68393878522 -3616,12039977007 -6701,08540819298 -3964,61953525836
-3408,68393878522 -3678,85939395548 -7302,78487981333 -3938,89965454775
-3408,68393878522 -3622,29496381834 -7108,20491490422 -3982,49953718452
-3408,68393878522 -3554,42961245935 -7220,31570992838 -3953,26864205002
-3408,68393878522 -3575,08881829685 -7263,12208628338 -3955,43312604576
-3408,68393878522 -3579,54607558284 -7021,5679513879 -3961,57843082028
-3408,68393878522 -3542,11171768005 -7021,38093870164 -3941,8606220045
-3408,68393878522 -3647,7414833266 -6991,37824077615 -3950,78298249711
-3408,68393878522 -3732,63846414241 -6665,82866449123 -3975,80524221612
-3408,68393878522 -3806,05023558375 -6733,24253240608 -4033,03410225251
-3408,68393878522 -3836,52595711872 -7250,48764696939 -4010,38268046431
-3408,68393878522 -3769,85439115263 -7370,9500818478 -4008,70328755272
-3408,68393878522 -3781,87391439502 -6896,59496819971 -4008,12360670896
-3408,68393878522 -3721,20571968991 -7244,35065710816 -4005,15484496622
-3408,68393878522 -3743,38324776334 -7064,13238927684 -4017,669312553
-3408,68393878522 -3638,00916816952 -6922,91494393425 -3990,65869823204
-3408,68393878522 -3686,82520448399 -7086,48874164071 -3963,70520057004
-3408,68393878522 -3661,30917546148 -7084,75318881839 -3947,83522142893
-3408,68393878522 -3661,738100811 -7138,60708331748 -3941,17666769873
-3408,68393878522 -3648,4552332398 -7250,54840598712 -3948,10809882443
-3408,68393878522 -3641,07518070455 -6839,95225483051 -3951,96095733005
-3408,68393878522 -3646,48901387715 -7204,34292044744 -3958,98489046023
-3408,68393878522 -3686,69659052908 -7225,04056139686 -3962,79856644739
-3408,68393878522 -3728,85342708723 -6886,78828903404 -3988,85974195179
-3408,68393878522 -3696,75545791407 -7330,9643135234 -3964,10389497427
-3408,68393878522 -3692,21180037621 -7320,46928421203 -3954,47593909316
-3408,68393878522 -3748,99068992272 -7058,32045266463 -3980,45298086286
-3408,68393878522 -3655,96085732274 -7013,80623475242 -3980,7882392608
-3408,68393878522 -3653,42570133916 -7305,88231382354 -3955,22669638477
-3408,68393878522 -3662,51520494546 -7101,99787518018 -3971,859887941
-3408,68393878522 -3659,27678130329 -6912,38644909784 -3994,5596319393
-3408,68393878522 -3728,66606556746 -6846,1195547823 -4019,32683579889
-3408,68393878522 -3715,5802174888 -6621,48508654929 -4019,79958132164
-3408,68393878522 -3822,37976236449 -6697,35027733713 -4032,65416707485
-3408,68393878522 -3772,11331832757 -7112,40609213386 -4037,77168957108
-3408,68393878522 -3750,01210909957 -7208,55006334834 -4016,96883773126
-3408,68393878522 -3753,25053274175 -7145,60175009746 -4000,52946352275
-3408,68393878522 -3731,36936763898 -7193,44016248976 -3986,90991674123
-3408,68393878522 -3648,34746599766 -6788,63774291103 -3985,49222381273
-3408,68393878522 -3662,21805098343 -7111,99563214699 -3968,67093295067
-3408,68393878522 -3681,19489956077 -6643,16154701257 -3998,70655954613
-3408,68393878522 -3733,54058434726 -7014,92362008677 -3958,34246715903
-3408,68393878522 -3625,89447769317 -6693,48950550001 -3930,88163866592
-3408,68393878522 -3671,3050901447 -7032,01690296272 -3921,15067449883
-3408,68393878522 -3638,28518939528 -6627,45457739714 -3931,06559505077
-3408,68393878522 -3655,51219188779 -6705,16407377035 -3946,14373017754
-3408,68393878522 -3562,20230737335 -7286,76493091842 -3951,50090321951
-3408,68393878522 -3582,65452091112 -7125,15804262859 -3948,32018746605
-3408,68393878522 -3582,35571288223 -6889,77882202224 -3985,77994860255
-3408,68393878522 -3552,89182723033 -6917,08555555029 -3923,32981126913
-3408,68393878522 -3608,29365108128 -6816,75200075301 -3904,80605997147
-3408,68393878522 -3679,10254275806 -6851,52862076165 -3934,1214019081
-3408,68393878522 -3690,98699299299 -7026,68361879648 -3945,90351872333
-3408,68393878522 -3690,12348805722 -7047,67417342778 -3949,36954346344
-3408,68393878522 -3651,33412650354 -6918,31856499277 -3946,78305491349
-3408,68393878522 -3575,4689357157 -6793,13085430352 -3955,44872371948
-3408,68393878522 -3561,87190478115 -6712,90597302969 -3921,59682299659
-3408,68393878522 -3653,02909426839 -6793,18227596474 -3917,47379061785
-3408,68393878522 -3606,10901600382 -6983,19190311177 -3899,36295994236
-3408,68393878522 -3688,21657372877 -6766,23219627779 -3917,1694842995
-3408,68393878522 -3687,72044327411 -6869,05644223055 -3937,79974884636
-3408,68393878522 -3702,66577324099 -6661,05786377954 -3944,86807009769
-3408,68393878522 -3803,46069450224 -6776,61297577295 -3949,0237463715
-3408,68393878522 -3753,40111701613 -6540,27764137406 -4013,84979833295
-3408,68393878522 -3745,87664039846 -7102,70176128234 -3981,9937068269
-3408,68393878522 -3767,60975293212 -6737,46953005194 -3978,26850671189
-3408,68393878522 -3762,84341358486 -7119,94533651707 -3976,99339638746
-3408,68393878522 -3757,23268023188 -7224,81512947376 -3979,64744908057
-3408,68393878522 -3639,21965195761 -7074,96896605302 -3993,53773855481
-3408,68393878522 -3629,60667150995 -6919,02451134949 -3978,28940661471
-3408,68393878522 -3591,56024067234 -7081,37133816611 -3997,23678429193
-3408,68393878522 -3419,13659780242 -7221,62461243543 -3996,90797058096
-3365,13834517001 -3365,13834517001 -6972,65690433769 -3977,48854197092
-3365,13834517001 -3459,05357491397 -7014,39834137403 -4002,83146105327
-3365,13834517001 -3489,67033526888 -6746,57590274863 -4013,75219520267
-3365,13834517001 -3523,44540641046 -6923,40934361133 -3973,19514127511
-3365,13834517001 -3613,22615509214 -6744,338671892 -3990,29660867892
-3365,13834517001 -3731,07764580787 -7222,36897397538 -4027,98220703017
-3365,13834517001 -3750,89198610241 -6950,21447727775 -4043,03832965349
-3365,13834517001 -3862,39935126213 -7197,67221157064 -4067,17415354041
-3365,13834517001 -3850,89905616752 -7061,69363012766 -4080,53247481968
-3365,13834517001 -3858,80316971684 -7312,63163777953 -4076,8409657825
-3365,13834517001 -3766,33881766652 -7103,38778125096 -4091,41346534144
-3365,13834517001 -3684,87496436665 -7171,86828377753 -4097,82711160194
-3365,13834517001 -3753,36785601064 -6964,44614620333 -4112,44716386332
-3365,13834517001 -3833,35697299385 -6989,6608265446 -4077,19060620791
-3365,13834517001 -3752,63416676459 -7001,14487014451 -4059,5777823852
-3365,13834517001 -3770,68969105479 -7074,58753040463 -4062,24929873366
-3365,13834517001 -3776,63169694901 -7145,05539300768 -4093,09652734638
-3365,13834517001 -3767,43810526371 -7362,10067416228 -4093,24193163991
-3365,13834517001 -3790,07801370995 -7281,39554127854 -4099,95499984823
-3365,13834517001 -3738,11579192779 -7110,15556151523 -4111,46987313728
-3365,13834517001 -3755,28771086267 -6983,47497717821 -4124,56062466182
-3365,13834517001 -3746,81910342587 -6853,16612815691 -4117,82011548877
-3365,13834517001 -3744,00515487418 -7274,74982207803 -4099,89602478272
-3365,13834517001 -3752,63699620851 -7089,75953157495 -4096,98328502057
-3365,13834517001 -3701,71549618942 -6840,20078503824 -4091,10356135402
-3365,13834517001 -3681,0464391141 -6964,8179344943 -4098,22931773566
-3365,13834517001 -3674,69059363528 -7361,17886045989 -4120,67919467274
-3365,13834517001 -3777,80241505859 -7135,81320373527 -4116,76637877753
-3365,13834517001 -3789,59320780565 -7050,30873131865 -4111,1965269042
-3365,13834517001 -3838,5805372778 -7305,87336425901 -4091,78295761668
-3365,13834517001 -3831,13028837362 -7040,03794895675 -4085,42565016583
-3365,13834517001 -3751,05675760879 -7418,56201720808 -4049,04467972493
-3365,13834517001 -3646,04546241428 -7137,76401633386 -4025,32478474356
-3365,13834517001 -3666,54882804328 -7132,45827363785 -3992,07754058647
-3365,13834517001 -3629,73463726973 -7041,85460468923 -3997,55380054382
-3365,13834517001 -3673,86471997948 -7021,78326059502 -3958,25929453083
-3365,13834517001 -3653,41782097302 -6858,2402987242 -3986,47602852772
-3365,13834517001 -3605,66654524789 -6980,61816243408 -3989,28964996573
-3365,13834517001 -3599,78291009052 -7301,80215170753 -3995,52492354026
-3365,13834517001 -3633,02653026341 -7114,9492433776 -4001,03155250706
-3365,13834517001 -3656,85168608533 -7226,66609420931 -4019,26543303981
-3365,13834517001 -3732,18067509122 -6583,70482636767 -4042,43496135934
-3365,13834517001 -3702,56160613014 -7265,03614305147 -4027,96349727164
-3365,13834517001 -3730,20895399316 -6929,18158526472 -4075,95132051327
-3365,13834517001 -3743,21091952069 -7703,2487717628 -4070,4701396939
-3365,13834517001 -3861,30542706869 -6948,69923600137 -4064,77828041639
-3365,13834517001 -3828,5461849014 -7463,74621399628 -4053,85572111166
-3365,13834517001 -3794,26086337239 -6835,50522204629 -4027,76742928788
-3365,13834517001 -3838,14540593448 -7129,83233780891 -4032,277558394
-3365,13834517001 -3845,85700685551 -7106,59948233573 -4043,06496730878
-3365,13834517001 -3879,00149016007 -6854,60429907944 -4078,15763846496
-3365,13834517001 -3849,19035359136 -7103,22579996709 -4074,07392730519
-3365,13834517001 -3881,52755964383 -6762,10548118028 -4072,13139396876
-3365,13834517001 -3820,99665768719 -7017,59530528052 -4062,56111020423
-3365,13834517001 -3733,32460137185 -7146,41416345857 -4035,82084660499
-3365,13834517001 -3758,84063039437 -7223,48555631257 -4033,16623338465
-3365,13834517001 -3737,20172494454 -6634,83745170895 -3998,80560794256
-3365,13834517001 -3753,6356086228 -6968,56307984081 -4024,89701593435
-3365,13834517001 -3617,72233376159 -7046,21256970493 -4029,94577391404
-3365,13834517001 -3667,04265446133 -7240,07498507073 -4001,26318545788
-3365,13834517001 -3737,03349173317 -6725,70579715585 -4014,00024898849
-3365,13834517001 -3711,14634972389 -6717,70552382948 -4019,16420408368
-3365,13834517001 -3774,38972602826 -7066,78216080613 -4020,02683445513
-3365,13834517001 -3730,33497411365 -6708,79969432895 -3998,06687733799
-3365,13834517001 -3735,90846139464 -7204,37275321253 -3990,46791414729
-3365,13834517001 -3670,27007369428 -7230,39973149213 -3969,4218400504
-3365,13834517001 -3697,66196949148 -6776,32997503168 -3978,27016281602
-3365,13834517001 -3737,47178850817 -6666,69792859664 -3978,03867428144
-3365,13834517001 -3700,51016643908 -7145,5470476601 -3966,67859842781
-3365,13834517001 -3785,58464701611 -6742,22056367283 -3994,69958708432
-3365,13834517001 -3745,77482799943 -7027,66942210039 -3988,82025625609
-3365,13834517001 -3743,26143619805 -6911,94486762722 -4021,98127684206
-3365,13834517001 -3690,84499094339 -7249,64448846308 -4033,07070018019
-3365,13834517001 -3740,99760304514 -6986,2750208571 -4024,01574198008
-3365,13834517001 -3831,94159631467 -7349,59701172763 -4051,21677823923
-3365,13834517001 -3787,53880346721 -6827,62635668563 -4014,22747958027
-3365,13834517001 -3769,86688401803 -7193,48613214489 -4021,16837793389
-3365,13834517001 -3694,27108699459 -6955,35574466158 -3970,28653779642
-3365,13834517001 -3692,03125457909 -6818,80468819048 -3957,1089888747
-3365,13834517001 -3668,96617644711 -6705,23346808027 -3951,54193590139
-3365,13834517001 -3753,24311101032 -7245,96790164097 -3991,82552458386
-3365,13834517001 -3765,13395391722 -6896,76335300413 -4017,56912501485
-3365,13834517001 -3701,5016208399 -7100,90267812386 -4004,30047311522
-3365,13834517001 -3560,28228930347 -7358,24675720734 -3993,54952975281
-3365,13834517001 -3535,14441364637 -6779,46550230876 -4017,56731624442
-3365,13834517001 -3536,30315910963 -6935,26832979097 -4025,40513483381
-3365,13834517001 -3541,59138732855 -7099,86909746201 -4025,00884303771
-3365,13834517001 -3530,43347910154 -7249,76165408738 -4033,64656193066
-3365,13834517001 -3652,96126520185 -7453,69750100093 -4045,90620754924
-3365,13834517001 -3540,33357074663 -6984,50727270459 -4033,43780377226
-3365,13834517001 -3593,23011039124 -6978,88502329976 -4047,10263960459
-3365,13834517001 -3656,71529352412 -6959,84626768484 -4023,94721668297
-3365,13834517001 -3728,94376428637 -7111,49041573549 -4048,08631045898
-3365,13834517001 -3781,35629058566 -6970,60916674677 -4080,75898631641
-3365,13834517001 -3857,2214813735 -7010,26584603521 -4098,5687089031
-3365,13834517001 -3792,73141898599 -7236,19543858995 -4057,9284228993
-3365,13834517001 -3720,4355032033 -7236,87196599976 -4032,69761516154
-3365,13834517001 -3717,17650028761 -7415,40622296226 -4049,36651026017
-3365,13834517001 -3747,95812703726 -7098,16031417923 -4033,00314883279
-3365,13834517001 -3748,2544363848 -7131,66535668935 -4069,3712117992
-3365,13834517001 -3717,86840646888 -7338,33358911102 -4023,77316326802
-3365,13834517001 -3729,75505985319 -7228,20436367138 -4003,6094497154
-3365,13834517001 -3793,08130985798 -7128,78712766977 -4030,18914919574
-3365,13834517001 -3751,4944252492 -7126,31138959286 -4014,19200923014
-3365,13834517001 -3752,97404121485 -7003,15726812853 -4009,84543644279
-3365,13834517001 -3669,78623479666 -7274,30581753735 -3957,19107642139
-3365,13834517001 -3650,98569038929 -7000,1503507923 -3951,36461334613
-3365,13834517001 -3651,11604576767 -7323,06052829419 -3956,38020708519
-3365,13834517001 -3589,74796338721 -6881,44474276654 -3970,04640992917
-3365,13834517001 -3539,68911595877 -7054,8997111476 -3995,92620734275
-3365,13834517001 -3560,12489009788 -7078,29163470005 -3985,36067015537
-3365,13834517001 -3707,29739741054 -7087,59078274679 -4042,34305208506
-3365,13834517001 -3687,63677874685 -7268,5197690735 -4056,24390626236
-3365,13834517001 -3800,03990508672 -7100,17579792167 -4081,54461463997
-3365,13834517001 -3737,40432088252 -6776,19254529882 -4056,03128979596
-3365,13834517001 -3661,85114835842 -7115,99468000009 -4043,82482690325
-3365,13834517001 -3595,31171223037 -7064,55311348089 -4022,49098588583
-3365,13834517001 -3624,17364637632 -6985,71653307193 -4043,54374667268
-3365,13834517001 -3610,37671514806 -7367,65705442636 -4028,94318908833
-3365,13834517001 -3592,96609925868 -7116,45137476199 -4008,09577403143
-3365,13834517001 -3593,63381013223 -6954,63736503787 -3973,15481054821
-3365,13834517001 -3599,14547756363 -6846,56343429604 -3956,49801669585
-3365,13834517001 -3626,84050355849 -6885,61537405041 -3980,38671332314
-3365,13834517001 -3635,80647075152 -7103,56746472629 -4001,21161682169
-3365,13834517001 -3630,29480332012 -6887,5464702044 -4012,67738725152
-3365,13834517001 -3522,98894162161 -7207,74488586227 -3985,39071373955
-3365,13834517001 -3570,97987989096 -6892,02766364528 -3967,96316966921
-3365,13834517001 -3581,46588669681 -7149,82302704665 -3979,92771673347
-3365,13834517001 -3590,59224259319 -6821,67897051685 -3974,73341190606
-3365,13834517001 -3571,02043030882 -6947,42443929449 -3949,68032967509
-3365,13834517001 -3579,40099716015 -7111,8790308703 -3944,0923045657
-3365,13834517001 -3546,0713322005 -6817,79422433716 -3923,74074961352
-3365,13834517001 -3550,09149653207 -7036,40038484308 -3925,52640565829
-3365,13834517001 -3619,06261371465 -7169,07655492792 -3954,86837402041
-3365,13834517001 -3641,98507437742 -7363,40604218545 -3970,49898474757
-3365,13834517001 -3610,38522726869 -6839,58693927794 -3928,0923406485
-3365,13834517001 -3610,38522726869 -6723,08278754073 -3932,99352001363
-3365,13834517001 -3718,51789206326 -7255,77124911941 -3985,52054313164
-3365,13834517001 -3667,8537954767 -7107,57283164656 -3969,12383347747
-3365,13834517001 -3528,76359230148 -7323,45814274249 -3945,24759962867
-3365,13834517001 -3513,67022579805 -7161,28665994384 -3914,47884093666
-3365,13834517001 -3523,00594771362 -6995,10350531095 -3910,39585255119
-3365,13834517001 -3562,34193586092 -7169,85798943135 -3911,31370857953
-3365,13834517001 -3632,6017887638 -7202,98492300206 -3947,1646094139
-3365,13834517001 -3623,26333100777 -6920,87500759505 -3964,0388708096
-3365,13834517001 -3594,94627374393 -6853,31099841606 -3958,19956688725
-3365,13834517001 -3684,53688990291 -7380,78635860828 -3942,83972511843
-3365,13834517001 -3600,35024322487 -6738,66671872405 -3947,11302874495
-3365,13834517001 -3600,35024322487 -6902,97724775367 -3975,91660972678
-3365,13834517001 -3677,21698103943 -6768,77062986305 -3993,5950160826
-3365,13834517001 -3716,48750656222 -7180,98260824526 -3978,27789086246
-3365,13834517001 -3631,48213093062 -7039,87911846515 -3932,05794904719
-3365,13834517001 -3577,37612298918 -7048,90123972192 -3939,48366995864
-3365,13834517001 -3583,86556775214 -6937,43943027935 -3940,07445507399
-3365,13834517001 -3585,37943397205 -7232,99880442549 -3946,88550036227
-3365,13834517001 -3635,69372461333 -6682,31775368205 -3930,42547145083
-3365,13834517001 -3675,60602737461 -7076,28311225455 -3961,75927072674
-3365,13834517001 -3746,14613119475 -6987,78422918801 -3973,39508302342
-3365,13834517001 -3766,5054319515 -7158,11799366415 -3997,07372076494
-3365,13834517001 -3806,30773531104 -6862,98842793504 -4022,79489838333
-3365,13834517001 -3854,90913069991 -7070,35194293568 -4026,10646040222
-3365,13834517001 -3841,26264730514 -6619,77850269831 -4041,37208028411
-3365,13834517001 -3870,3164682936 -7086,64656163869 -4040,98650355294
-3365,13834517001 -3812,11982555242 -7218,66051391712 -4001,87711581272
-3365,13834517001 -3835,14769554479 -7095,53113488719 -4019,03978162855
-3365,13834517001 -3830,87513024617 -7022,69062490106 -4005,39299148735
-3365,13834517001 -3815,21644043191 -6893,52032415813 -4006,9245723755
-3365,13834517001 -3711,48268590951 -6949,05825753543 -3984,49275376031
-3365,13834517001 -3723,89957344142 -7049,36822380625 -3964,04889422127
-3365,13834517001 -3761,98730112263 -6995,33653457048 -3970,24080187559
-3365,13834517001 -3794,50037042524 -6905,63533518435 -3970,13442646818
-3365,13834517001 -3832,36063206945 -7174,00958647692 -3968,83570993985
-3365,13834517001 -3838,37622373925 -6919,45265406256 -3968,32749762558
-3365,13834517001 -3818,99614115854 -6938,48483410559 -3964,14237016743
-3365,13834517001 -3821,78781367163 -7035,57960137873 -3988,58768590416
-3365,13834517001 -3766,37549760123 -7096,37266249749 -3999,10261061981
-3365,13834517001 -3786,08054370822 -6852,05402544222 -3984,61591814062
-3365,13834517001 -3785,6356125435 -6983,89756298499 -3980,55876248836
-3365,13834517001 -3808,17799487676 -7132,95288362561 -3972,91279179383
-3365,13834517001 -3766,58108776801 -6999,3010605265 -3984,65840769729
-3365,13834517001 -3893,55964249329 -6824,59689638479 -4011,62090467626
-3365,13834517001 -3856,88758143298 -7189,73725125333 -3987,93869878075
-3365,13834517001 -3845,98308208435 -6683,99699461081 -3950,25732395447
-3365,13834517001 -3805,1018166341 -6953,36766791834 -3958,09993123848
-3365,13834517001 -3784,77055068903 -7043,41335096251 -3955,73650150425
-3365,13834517001 -3783,47096114093 -6992,17518910773 -3953,60638158033
-3365,13834517001 -3817,36378697479 -6913,97506739075 -3945,60667395427
-3365,13834517001 -3830,97794989788 -7131,77451640079 -3945,5047348384
-3365,13834517001 -3826,02477098578 -6690,9238532018 -3973,58814286747
-3365,13834517001 -3785,46016625726 -6965,35886777914 -3959,86810323196
-3365,13834517001 -3724,03809074209 -7004,26675361931 -3977,28847500383
-3365,13834517001 -3701,27963317842 -7140,80932945939 -3978,99274604732
-3365,13834517001 -3682,3709029429 -6525,91779579193 -3939,79128969615
-3365,13834517001 -3615,77614027734 -6797,07717209354 -3983,78534771352
-3365,13834517001 -3609,21614752676 -6711,76960592441 -3990,72966248244
-3365,13834517001 -3711,01816346181 -7051,44398081198 -4028,59460781265
-3365,13834517001 -3800,79891214349 -6827,08688609625 -4014,14253084769
-3365,13834517001 -3785,88796544064 -7054,04547622105 -3984,50586937348
-3365,13834517001 -3731,30637543119 -6809,23393635375 -3962,17230270861
-3365,13834517001 -3735,03163805503 -6820,87690910574 -3931,58133693737
-3365,13834517001 -3660,57012608952 -7007,49079412404 -3899,92691684498
-3365,13834517001 -3697,62254708154 -6806,62962118078 -3908,4161066619
-3365,13834517001 -3778,48454204443 -7070,96457652589 -3962,04450560814
-3365,13834517001 -3778,51011713974 -7088,25077864547 -3971,34328939345
-3365,13834517001 -3837,91606638894 -6822,33645352706 -3995,97253026109
-3365,13834517001 -3839,23706297887 -6711,4721695214 -3994,97636025969
-3365,13834517001 -3718,05041998603 -6733,18481071411 -3960,10661457264
-3365,13834517001 -3719,93873853404 -7013,23495865194 -4008,69118579559
-3365,13834517001 -3750,34820487976 -7251,89011921517 -4028,56920735481
-3365,13834517001 -3520,81179529881 -6702,04770845507 -4007,82641515089
-3365,13834517001 -3560,15098445406 -6926,21416699412 -3992,95888964964
-3365,13834517001 -3550,35682611506 -6849,13249707168 -3954,75557763381
-3365,13834517001 -3509,06485393302 -7071,07345876642 -3944,91356500561
-3365,13834517001 -3586,29985879233 -6980,46419628636 -3957,95728478342
-3365,13834517001 -3584,78599257242 -6821,38541599308 -3967,93011711129
-3365,13834517001 -3547,48773954202 -6993,53306920433 -3957,45910764592
-3365,13834517001 -3607,71692288927 -7100,65853712649 -3983,34514428781
-3365,13834517001 -3609,23078910918 -7114,46987137704 -3978,23270926962
-3365,13834517001 -3645,25503593214 -6851,45350097816 -4000,49834149627
-3365,13834517001 -3584,9871899511 -7015,4426819853 -3941,28146258076
-3365,13834517001 -3662,69463948872 -6489,13671142415 -3999,34267427739
-3365,13834517001 -3685,5506073262 -6909,18076539611 -4008,13937806542
-3365,13834517001 -3684,03674110629 -7048,57554405263 -4017,27514929837
-3365,13834517001 -3704,08924864523 -6781,98076536485 -4009,01659885471
-3365,13834517001 -3635,07386835812 -7211,88614541545 -4023,43636414964
-3365,13834517001 -3669,25056710123 -6923,62252007948 -4007,52446499044
-3365,13834517001 -3800,50560823429 -7111,98803258997 -4027,30708411682
-3365,13834517001 -3800,50560823429 -6796,89478240374 -4048,41934801343
-3365,13834517001 -3820,77959712233 -7067,99270795823 -4026,61531259646
-3365,13834517001 -3872,71027985345 -7058,34273817986 -4022,33821101363
-3365,13834517001 -3831,59277851109 -7098,105947345 -4019,47896787606
-3365,13834517001 -3779,77369358342 -6999,69715611124 -3992,08599770671
-3365,13834517001 -3757,51610323094 -6850,87499467521 -4003,12051088677
-3365,13834517001 -3798,80807541298 -6992,78118494683 -4019,82321078602
-3365,13834517001 -3737,57421794273 -6713,43855481698 -4052,95585587666
-3365,13834517001 -3711,31651669301 -7153,02637599532 -4031,80550004711
-3365,13834517001 -3713,85748693496 -7090,29086232774 -4012,19106066852
-3365,13834517001 -3716,86531456036 -6774,42227357201 -4003,22636424772
-3365,13834517001 -3753,42851937401 -6922,21711914372 -4015,35149853936
-3365,13834517001 -3697,05081047837 -7042,39899777019 -3978,817745444
-3365,13834517001 -3677,77422630726 -6744,85102205338 -3996,45412297856
-3365,13834517001 -3679,28809252717 -7162,08776397042 -3983,36486384518
-3365,13834517001 -3720,81767547307 -7152,43313539244 -3956,83955773521
-3365,13834517001 -3722,31658614658 -7065,78747778243 -3989,64917415308
-3365,13834517001 -3561,94970999099 -7267,50139002627 -3929,35254880646
-3365,13834517001 -3412,83123920741 -7152,79574825302 -3930,83904617304
-3365,13834517001 -3488,69642999525 -6961,23980093795 -3955,44902984798
-3365,13834517001 -3560,06636185022 -6650,55030007098 -3967,74459484166
-3365,13834517001 -3486,66214598602 -6741,79359101615 -3943,09424013093
-3365,13834517001 -3446,47185012637 -6989,16123303922 -3939,80085759829
-3365,13834517001 -3642,95399301609 -7007,23097626767 -3978,67513301611
-3365,13834517001 -3612,51310352037 -6751,25301619403 -3945,28365126207
-3365,13834517001 -3612,39742264889 -6690,48993744864 -3971,56072363673
-3365,13834517001 -3587,20167921348 -7031,73007028303 -3962,33074582526
-3365,13834517001 -3741,13787987098 -6811,6890016394 -3986,18686139934
-3365,13834517001 -3752,41681280899 -7140,00356535887 -4002,78982675699
-3365,13834517001 -3772,12179870307 -6768,79974826871 -4000,7204532123
-3365,13834517001 -3751,57090487225 -7076,20003325988 -4005,23100072123
-3365,13834517001 -3651,87442861655 -6912,10697996753 -4014,36433323944
-3365,13834517001 -3668,33047412495 -7033,81144558458 -4038,92930418413
-3365,13834517001 -3705,87607172964 -7119,04187044232 -4051,11369607841
-3365,13834517001 -3850,20541425884 -7105,61078849214 -4036,88648011025
-3365,13834517001 -3850,20541425884 -7032,40811819619 -4019,49997134307
-3365,13834517001 -3680,52435555725 -7051,47063620635 -3958,03991923946
-3365,13834517001 -3757,55261534923 -7356,5610393046 -3979,00036873526
-3365,13834517001 -3812,81680290943 -7528,50729627722 -4008,2633114852
-3365,13834517001 -3780,9814272338 -7102,86326220715 -3976,01334556442
-3365,13834517001 -3752,13957275251 -7162,85551827855 -3948,46444884289
-3365,13834517001 -3723,08575176405 -7042,11392002972 -3969,79505277037
-3365,13834517001 -3746,23034434572 -7025,74818502138 -3955,77052856882
-3365,13834517001 -3867,08252643348 -7141,62900303605 -4010,76361672892
-3365,13834517001 -3828,02086736889 -6994,7858149741 -4007,98745878964
-3365,13834517001 -3839,70444422778 -6876,13399817521 -4016,17720379872
-3365,13834517001 -3751,14096183836 -6870,0244871421 -3996,26614071716
-3365,13834517001 -3754,63779223513 -6709,23770932253 -3998,97862445198
-3365,13834517001 -3661,26564894141 -6950,63263514402 -3963,75922599871
-3365,13834517001 -3738,09664061604 -7163,32408744089 -3969,39611733482
-3365,13834517001 -3743,75576890753 -7235,89249980675 -3965,96262091476
-3365,13834517001 -3761,10889483655 -7246,90833177412 -3983,06557889741
-3365,13834517001 -3786,52814587026 -7215,01805892539 -3971,24678123959
-3365,13834517001 -3775,33699105146 -7071,26599293997 -3986,01937326644
-3365,13834517001 -3722,82879143012 -7243,63542405586 -3996,184396608
-3365,13834517001 -3737,06270769986 -7204,68403672962 -3987,91034195371
-3365,13834517001 -3672,02381095256 -7015,31009929349 -3968,85750341478
-3365,13834517001 -3593,06139999091 -6939,35231301744 -3950,39140561504
-3365,13834517001 -3605,99311101557 -6871,46631909423 -3948,53606320523
-3365,13834517001 -3583,10782358031 -7352,36495505 -3929,34108291435
-3365,13834517001 -3583,10782358031 -6922,93955840739 -3955,41209254663
-3365,13834517001 -3656,51203944452 -6949,89901766327 -3984,38592403364
-3365,13834517001 -3706,40936607033 -7361,78675035953 -4007,25497792709
-3365,13834517001 -3666,53626248921 -6856,62033198985 -3981,25638314135
-3365,13834517001 -3640,06783454375 -6840,98257655032 -3997,22034773653
-3365,13834517001 -3626,25492296167 -6919,9468303174 -3981,18515535579
-3365,13834517001 -3691,80872440784 -6960,5979318446 -4011,72904288218
-3365,13834517001 -3669,16992411044 -7171,34463099771 -3999,99199597417
-3365,13834517001 -3669,55240836575 -7203,1212296254 -3994,63423033262
-3365,13834517001 -3576,53496389316 -7004,29072850082 -3954,0258943797
-3365,13834517001 -3532,91203636833 -7198,46088092408 -3928,20275024366
-3365,13834517001 -3572,20798795912 -6737,55191256303 -3933,85601248903
-3365,13834517001 -3612,05849449914 -6745,16637082012 -3927,93891106006
-3365,13834517001 -3643,15493466691 -6748,92584751342 -3935,3166655948
-3365,13834517001 -3629,26072809775 -7335,44907423903 -3945,52632221799
-3365,13834517001 -3612,58584210718 -6771,15939815502 -3943,45078442538
-3365,13834517001 -3592,38279531489 -7255,48824931414 -3916,0168499677
-3365,13834517001 -3593,11413211843 -7087,20921676688 -3912,27096368193
-3365,13834517001 -3562,77979421547 -6855,21596246022 -3925,65791314005
-3365,13834517001 -3598,12310920731 -6979,60637322298 -3880,39896251144
-3365,13834517001 -3530,68459066611 -6964,2637975416 -3871,48303591822
-3365,13834517001 -3533,25891462891 -7149,63786516919 -3906,37720441627
-3365,13834517001 -3538,15063156436 -7100,21546266105 -3903,67145388681
-3365,13834517001 -3610,60830819167 -7020,82793053798 -3885,40574005534
-3365,13834517001 -3605,71659125622 -7168,28743363171 -3874,8374896875
-3365,13834517001 -3511,12691514293 -6891,11132594308 -3869,06228403151
-3365,13834517001 -3591,95777248581 -6886,44498412269 -3896,24788947829
-3365,13834517001 -3591,95777248581 -6602,98414695482 -3914,40759114087
-3365,13834517001 -3591,65092658945 -6879,59007673044 -3878,13413171884
-3365,13834517001 -3547,37595108279 -7051,98298099897 -3892,09927182277
-3365,13834517001 -3542,79766176076 -6984,65068934731 -3910,87020827692
-3365,13834517001 -3597,84830671803 -7236,59740871846 -3883,76988990712
-3365,13834517001 -3642,492698892 -7130,42635948761 -3875,80766355094
-3365,13834517001 -3625,93671505076 -7075,8270702918 -3879,4198950387
-3365,13834517001 -3552,53249918655 -6760,0436007713 -3888,77194361229
-3365,13834517001 -3529,94380514897 -7211,2417611016 -3876,86516867469
-3365,13834517001 -3565,23124912331 -7055,91526995265 -3823,35306541047
-3365,13834517001 -3576,29270275647 -6620,19922203793 -3812,80268346018
197,39008181033
-3576,29270275647 -3812,80268346018 -4160,60144461832
