-17505311,6539054 -20569103,7563772 -17721310,8721449
-17212943,9699425 -19807855,9275881 -17365047,7918501
-16904661,086495 -19470866,8009536 -17103696,6892832
-16747115,0241905 -19419287,2494155 -16898985,999558
-16376482,7819332 -18933911,2012275 -16675462,2328965
-16146259,6433078 -18722178,9560902 -16408903,641264
-15898875,6626755 -18594798,5311828 -16134390,2536499
-15522836,0104497 -18234786,849225 -15967787,4045558
-15342051,3127142 -18051236,0873973 -15780686,1612641
-15064917,2208738 -17730380,3693292 -15611874,4853886
-14986512,6856513 -17847065,2604636 -15393565,4669972
-14830839,9988921 -17422673,283211 -15215203,4102922
-14676334,1737806 -17377891,8456284 -15104956,5664094
-14579699,7559949 -17069576,4223749 -14924543,7228143
-14287927,4499375 -16952914,2104124 -14786083,3078424
-14315585,5628552 -16804805,2916166 -14670692,2552982
-14201809,7760819 -16579844,0259343 -14522424,4611575
-13946150,304362 -16605428,6369845 -14407787,4487676
-13889904,7246721 -16019219,3636998 -14275434,6473378
-13763723,1753143 -16002295,770812 -14173451,6252065
-13695246,8567032 -15656872,8038501 -14037723,8438639
-13445289,0911407 -15508288,9364906 -13906344,8631034
-13377899,9179058 -15452283,6673036 -13804241,7359313
-13183594,2777515 -15106919,5020217 -13659741,219688
-13183594,2777515 -15223089,7054295 -13558019,8031658
-13156061,3422966 -14976386,870787 -13479380,3533765
-13053687,8966161 -14820883,8485097 -13365851,2653093
-13021042,8167538 -14654983,4965462 -13290023,8101597
-12857603,8586134 -14526126,6110021 -13143417,8162137
-12731304,6166918 -14547569,5690403 -13054938,1969678
-12674946,2738416 -14372277,3053989 -12959834,0256258
-12519184,9661543 -14188694,4396267 -12853160,5963251
-12507759,6999922 -14110134,7630598 -12739148,6417325
-12253716,2450438 -14001343,4425304 -12632592,2049308
-12225283,2783956 -13860533,0353915 -12514255,8121411
-12098624,0842544 -13822174,8380175 -12455289,9950128
-11995263,6266494 -13609147,406994 -12332335,6520027
-11995263,6266494 -13543007,1511478 -12281065,9829726
-11912657,2050232 -13510416,9218496 -12185330,7853642
-11799421,2556058 -13357294,1127349 -12098841,5723919
-11745899,5708628 -13476212,8011644 -12028833,8760743
-11618916,7962298 -13280860,5228508 -11913417,7037086
-11523476,415853 -13066569,3444159 -11846212,5213061
-11370325,2173537 -12974365,320356 -11753496,0279663
-11303416,7764598 -13024712,3380415 -11663982,5470825
-11173689,7864401 -12900918,2453325 -11608371,5119448
-11119748,426106 -12708387,1862428 -11526127,5881315
-11084306,7305601 -12649045,106776 -11418773,1413167
-10936089,5154881 -12578196,5849367 -11371461,9921445
-10875403,9996369 -12488348,5451624 -11303381,8343144
-10816886,5247487 -12434641,0007151 -11251271,6877423
-10752590,9040479 -12359042,9603491 -11176234,6350628
-10672643,3575478 -12352192,9110641 -11092375,5310534
-10606587,85859 -12222933,5067994 -11012603,3825425
-10528707,290725 -12163835,6292891 -10970883,6792974
-10466634,9601003 -12083277,0458306 -10886331,6622322
-10365386,3579637 -12122953,8904348 -10794987,036797
-10343395,4677189 -11866970,9756808 -10743831,6176782
-10269305,1444024 -11825635,3604507 -10699822,8381108
-10140311,7755054 -11831120,314027 -10609139,545911
-10141226,358015 -11806675,2146938 -10561859,3274115
-10058972,1172421 -11615801,9196892 -10494158,2691915
-9918336,87220515 -11581083,8253044 -10435361,9898216
-9886518,58425721 -11533645,1551073 -10373662,6955412
-9854598,20380663 -11484636,2842929 -10293966,8079398
-9807839,24204595 -11428934,6896689 -10253948,1179074
-9749820,10157759 -11225749,4099744 -10210187,4438007
-9696317,42381185 -11198671,0220557 -10160349,3694389
-9609329,07961704 -11193016,1152168 -10094532,6359858
-9571874,75729154 -11160724,0695355 -10044310,57862
-9522890,45230629 -11086955,1992682 -9988586,86936703
-9496254,27236016 -10959396,4400405 -9938528,36160255
-9417450,99961273 -10847619,4043247 -9884718,37594563
-9345233,18341106 -10820228,3247474 -9824184,42642825
-9312949,58884799 -10793544,0665992 -9773565,11695907
-9261717,82652932 -10822697,6526952 -9729116,63981764
-9152262,95929224 -10634309,8630317 -9677761,80655316
-9140088,23093556 -10694321,6972107 -9607948,25110705
-9082646,04288062 -10607354,6018782 -9563418,80857062
-9008398,3408919 -10581568,6797125 -9511228,71534164
-8980327,18452115 -10506313,7027557 -9466980,23055719
-8921593,59359297 -10382338,617801 -9423075,4717794
-8802997,85691125 -10436797,694517 -9367116,10470692
-8791556,33081791 -10335250,3236469 -9332624,8615489
-8744987,56897716 -10392269,0928701 -9295005,61308194
-8694998,78139726 -10284508,6871213 -9240799,81929712
-8656942,11666599 -10225320,7719387 -9194083,38543569
-8571382,19448535 -10156424,472574 -9154367,2853539
-8540698,17619345 -10079117,9204991 -9100377,59775813
-8540698,17619345 -10087354,8736025 -9059497,90561299
-8490122,68354978 -10082351,9108751 -9026903,08047871
-8459273,49867755 -9998413,19480597 -8982566,65265412
-8403433,70198591 -10064113,6580686 -8940052,55602383
-8364150,98379985 -9843488,75508374 -8873040,57935172
-8340690,73533478 -9953080,60913258 -8827564,18304785
-8293342,63181577 -9865159,30654997 -8804510,919191
-8260638,05453992 -9726917,52365308 -8753398,79395862
-8260638,05453992 -9795616,32794403 -8710348,25957072
-8243436,75484926 -9630508,28300794 -8676102,95549763
-8228298,75092602 -9674502,07057064 -8633400,02526385
-8207473,9476748 -9524822,93435854 -8603376,55474973
-8189507,58239194 -9492643,95144699 -8561383,48517049
-8153951,05111546 -9434835,87513836 -8528025,50573072
-8133649,68629395 -9258900,66385724 -8487862,0373639
-8059159,35784021 -9268983,48430263 -8446263,44137734
-8032247,49580444 -9219214,50696538 -8411668,07044775
-8032247,49580444 -9171567,73306705 -8374768,6876516
-7993044,54871181 -9141364,28047299 -8331734,47278011
-7919087,11229544 -9162067,87115295 -8299364,71043088
-7919087,11229544 -9018241,32182034 -8280783,41782409
-7870798,60371599 -8978611,14615332 -8243813,34136639
-7828101,3163073 -9006487,96278498 -8208587,08357449
-7815110,89985292 -8933164,47451615 -8175530,20512316
-7792166,68787711 -8987303,21212077 -8146697,00485257
-7747878,86557032 -8907599,94901438 -8111502,75628417
-7732056,35599099 -8888756,21318508 -8083260,40815387
-7669338,44930467 -8851750,59031608 -8039374,08338516
-7659163,60546394 -8945401,80459815 -8016882,26267204
-7648946,46670464 -8885026,25812246 -7994917,29494627
-7637642,49950329 -8878887,09854899 -7967281,65951737
-7605934,31699708 -8811557,90223571 -7937744,5922967
-7550721,02636486 -8771705,85759387 -7889939,17406782
-7537918,77706047 -8713638,51467419 -7866447,7602366
-7522498,31469774 -8726095,85997269 -7828615,26835189
-7483885,22593746 -8665175,70810654 -7804879,29662528
-7462839,33856019 -8629171,26795269 -7783866,43846453
-7447299,47510003 -8624592,01867362 -7760899,57977268
-7391408,42688295 -8724827,71856627 -7728126,46256746
-7366814,15514032 -8630490,71759912 -7703129,41352038
-7313415,93312265 -8459730,68916688 -7678019,0992725
-7275062,55419435 -8514372,57712161 -7645808,37758075
-7263007,85036877 -8573292,83002764 -7620045,78952839
-7213079,87821187 -8516719,39354997 -7581764,31122213
-7197515,59572678 -8440988,43882844 -7554559,6306076
-7173071,40482989 -8456472,04629639 -7513931,95031333
-7119430,11789165 -8441211,21820869 -7493818,93211437
-7114936,57176554 -8365283,60224842 -7462335,70859179
-7088914,00757445 -8233480,93801925 -7424299,61356043
-7058744,96435955 -8172159,73759675 -7399619,55789076
-7055180,41694848 -8164843,74961015 -7371404,1643542
-7017026,19454705 -8166801,08489376 -7330979,82639914
-6985243,1605035 -8102915,81360289 -7309108,90704469
-6941575,99695688 -7997833,46251805 -7283941,72165756
-6931717,81936915 -8091156,37241452 -7262689,1361859
-6914432,14940129 -7930414,94418754 -7239751,28094554
-6860293,14262046 -7921315,9772757 -7215602,21944627
-6852121,72765629 -7861805,19995542 -7184450,76468715
-6821064,67394257 -7895443,51825958 -7161346,06406345
-6788458,12935492 -7883214,8645066 -7136910,76448866
-6777942,9583567 -7818636,68668725 -7110190,54350456
-6731557,47802928 -7825732,08423097 -7086311,954945
-6656307,69109755 -7747883,69080307 -7064349,60995599
-6656307,69109755 -7764712,44255126 -7042389,80157374
-6647132,49496445 -7792861,11875017 -7019257,0915325
-6612440,25048057 -7784332,60603682 -6999926,10137265
-6578690,21598097 -7727193,33909396 -6966836,1131682
-6540545,13002761 -7779054,37746765 -6957069,07934488
-6531684,31059872 -7706957,69509871 -6931242,63327434
-6520340,15932656 -7710004,58608555 -6913962,90373317
-6503485,2031609 -7626000,95027433 -6888003,56024136
-6448988,25020082 -7558960,65082241 -6858394,42805552
-6448988,25020082 -7520505,00474522 -6835169,14780208
-6437260,12525962 -7564036,06964673 -6811574,61951506
-6433870,41009458 -7601719,52553428 -6799650,50896273
-6417267,48095834 -7469007,89521404 -6779834,8719154
-6393961,69104502 -7522122,4611691 -6757474,26119769
-6359728,87040302 -7523847,69521037 -6729193,8795546
-6328008,10116055 -7473787,2548416 -6711315,59726237
-6286884,62502032 -7397173,39446024 -6688121,02921074
-6281531,78773288 -7297297,52885056 -6668882,81513488
-6271490,43905429 -7292088,99501987 -6652084,72084665
-6218062,43355398 -7319573,07416778 -6628159,99135435
-6199841,75796051 -7376170,57929626 -6599788,66765792
-6178702,83403109 -7239265,49991686 -6580335,07390928
-6151084,04876578 -7244021,87134096 -6555880,5999059
-6120415,64087795 -7168125,11596326 -6531076,69724676
-6096657,1363556 -7162619,16896467 -6505148,27103421
-6092956,63465482 -7195900,57739732 -6487724,70884939
-6079497,47080933 -7234808,49715764 -6462159,81021955
-6062877,38111143 -7062729,16160619 -6440529,17593394
-6044200,05151194 -7055227,65171723 -6419444,79831445
-6019497,73365235 -7099040,70962288 -6387990,80587288
-5994811,53100502 -7005335,46232823 -6371969,06443305
-5994811,53100502 -6994967,20105076 -6353514,53651024
-5989048,29362599 -7024938,77213846 -6329766,32789619
-5977101,04756637 -6909026,38831159 -6303998,05937196
-5941739,92497628 -6957073,97590006 -6288910,71116975
-5927467,42440391 -6940734,02133055 -6268436,77391126
-5915463,13585947 -6852390,15729032 -6244868,88307908
-5899177,81841522 -6908596,53844971 -6225022,38802882
-5864345,37284153 -6803157,17885425 -6209140,54528087
-5855113,5662065 -6823121,22215317 -6189857,7149758
-5845931,25943773 -6770345,75015092 -6173187,76969326
-5830343,22121832 -6732394,27812033 -6151960,02105896
-5806705,76112553 -6730065,76321705 -6138748,16238253
-5793719,38642072 -6701136,27404477 -6117631,13979686
-5758985,94030155 -6752079,09176549 -6092555,66232627
-5730048,58261553 -6845342,3602811 -6066183,79772084
-5728640,71350059 -6721407,88551703 -6054311,25303677
-5675407,61399002 -6622615,68459941 -6036552,17386494
-5636789,63647957 -6614843,03685076 -6014607,79970716
-5624609,37063585 -6637268,81901186 -5993083,79466337
-5623699,57480002 -6647374,71488204 -5975591,03906257
-5610790,02728555 -6636567,55311964 -5957779,92662989
-5598054,02407872 -6617180,69055482 -5943372,93672659
-5590601,88501699 -6569182,1589016 -5923256,94118466
-5576124,73372641 -6533116,11592131 -5905385,41010865
-5548701,11216046 -6486843,28673239 -5882850,03000964
-5541268,95131081 -6562445,71081887 -5867468,03644009
-5520369,79335439 -6454165,24323311 -5851879,24015742
-5480983,68779883 -6452027,07162374 -5831993,16986277
-5464091,77602351 -6524911,95836759 -5810872,40486744
-5422754,83351892 -6518655,72885344 -5785625,79300511
-5408123,48289919 -6417834,23790797 -5767651,17746234
-5379865,91680618 -6385922,94468684 -5751395,7870086
-5373444,90034133 -6450534,02480949 -5735726,05046718
-5373444,90034133 -6453733,98973737 -5720314,82437081
-5372813,68387447 -6420877,82755625 -5704178,78080437
-5364168,70822121 -6416890,5523209 -5687767,36081973
-5348931,98169609 -6420346,80517245 -5670617,1691743
-5326386,64785078 -6362341,85713907 -5658716,4107234
-5323102,1858559 -6311048,56361229 -5644089,06928451
-5308233,6501525 -6340151,92734725 -5630055,10473042
-5283651,0727431 -6261276,56262969 -5611061,25647664
-5283651,0727431 -6244448,99062672 -5588364,28178416
-5235225,91160161 -6349537,53247154 -5567923,75417081
-5235225,91160161 -6275579,43843188 -5560326,79072176
-5235225,91160161 -6268332,5967011 -5546656,53994796
-5221533,82205145 -6281655,81966848 -5528545,69357975
-5198485,50601455 -6229568,73854154 -5512597,67557411
-5190949,18486398 -6164296,23782696 -5501641,91000937
-5178220,8720344 -6112603,58480194 -5483715,06097127
-5155554,87322318 -6145441,12206714 -5468618,17945576
-5153604,20591813 -6118917,06333399 -5446446,15449285
-5148815,26333866 -6181761,90805971 -5431720,64044519
-5141349,16999382 -6083505,45972643 -5416914,31749675
-5131269,1629976 -5999685,97898049 -5403169,02052569
-5122950,63731228 -5986445,3540389 -5391132,20658654
-5097295,76611047 -6073388,50519975 -5377785,17363726
-5086226,58059091 -6003341,86314362 -5366364,95225369
-5067003,94290015 -6002596,7109754 -5349748,38657887
-5060264,33301564 -6052948,36749481 -5337145,83471925
-5049978,76068527 -5928233,94801734 -5322512,16840432
-5036475,05609772 -5999402,76289349 -5303551,3457145
-5028202,6693784 -5860440,99383956 -5289552,81579025
-5008934,24479136 -5902548,65083524 -5269902,66147045
-5004286,0586826 -5885020,71952497 -5258344,02101381
-4985503,88178283 -5795079,37160418 -5235857,02549869
-4951242,56155884 -5731020,21852592 -5221691,37186378
-4942970,17483952 -5696256,44813729 -5212018,44239882
-4929531,6487722 -5735045,77102489 -5194340,68965507
-4918295,16971325 -5730085,40548471 -5176184,16339579
-4904510,64618921 -5737696,80175255 -5166947,73216297
-4902114,67338588 -5688326,36116731 -5152389,07551529
-4885859,57128112 -5721654,8054797 -5135978,45402292
-4874185,05944435 -5721110,147382 -5123282,25682997
-4828433,71428349 -5651500,4084184 -5105143,23564795
-4828433,71428349 -5637784,36816869 -5086183,24662558
-4825296,06721688 -5611002,8745041 -5069528,52979306
-4804678,46075434 -5551270,75398655 -5055740,68867284
-4788400,34974586 -5520057,45773624 -5043283,02853262
-4788400,34974586 -5627761,84210891 -5031662,80894279
-4787819,82600093 -5511307,68782025 -5018486,01886331
-4742335,1029263 -5467871,5283002 -5003206,57037642
-4742335,1029263 -5501603,50908946 -4991224,10098294
-4733531,55898633 -5477939,81786289 -4977653,28301762
-4733531,55898633 -5532169,4775156 -4963051,0530299
-4679443,78829668 -5571824,35859782 -4946184,85623518
-4679443,78829668 -5484211,76391812 -4936204,99949224
-4670910,04417321 -5514970,41745786 -4922855,20763386
-4649866,32672842 -5490907,58712321 -4910181,82110117
-4642471,06693646 -5512611,56690889 -4900378,68430409
-4638907,55824646 -5493304,19545791 -4887294,810272
-4628958,91331679 -5451782,87198514 -4879305,71159781
-4608914,02152759 -5542588,91043339 -4867559,72010458
-4608914,02152759 -5444924,34089735 -4856232,36268073
-4607522,87609073 -5436181,54007983 -4844945,33779371
-4575710,52592869 -5505669,35451826 -4833391,91515896
-4575710,52592869 -5445150,11634567 -4815989,93520889
-4575710,52592869 -5430766,48965969 -4807228,09847312
-4569246,95262513 -5317079,0276744 -4791846,03347392
-4567474,80773771 -5325453,98481665 -4779084,69600231
-4565017,99482193 -5249469,29083118 -4766788,66912826
-4562067,02225251 -5273637,50556695 -4758126,85242874
-4541773,8996377 -5311339,56309363 -4741175,39112178
-4520588,56291089 -5250999,67161399 -4721342,14858821
-4516359,60510769 -5214327,644107 -4712473,79024027
-4506428,80946432 -5195943,58355865 -4702115,24069747
-4496511,02471308 -5151164,9722382 -4686319,14511014
-4488340,69626712 -5223180,66019843 -4678577,04408213
-4471238,13164784 -5152905,29859834 -4664822,32016338
-4471238,13164784 -5117546,98687931 -4655717,99043559
-4468136,03633933 -5153360,15273389 -4639767,03773959
-4450012,15444501 -5165685,04523253 -4629127,37005216
-4433202,47208518 -5189434,04120856 -4615509,16656967
-4427329,72866711 -5167397,79592346 -4605717,00822093
-4410520,04630728 -5215826,61559326 -4588410,79861462
-4399542,86002434 -5182517,77453652 -4570736,53954242
-4374022,16259534 -5136577,07060658 -4563453,05485912
-4374022,16259534 -5193559,97084493 -4552090,47550524
103074,299029
