142018,3 326216,6 149487,9
143151,7 331103,9 151463,1
139712,5 329898,1 147222
123162,3 324011,8 143960,6
135416,6 334459,5 142509,3
131344,7 339401 141938,7
121590,3 321444,4 138350,5
121507,4 328322,3 136491,8
127366,2 311897,5 135354,7
116924 315387,3 133294,5
123657,4 323513 130902,6
115067,9 310987,9 129593
115067,9 313655,4 130997,8
120926,5 308115,9 130244,6
108822 310366 131161,5
122756,9 307728,8 129944,8
115799,9 307748,5 128332,3
118460,5 316501,6 125972,8
112122,6 317768,3 123620,3
107870 321050,8 125872,5
103772,1 315305,2 123268,3
108078 306842,6 121394,8
101213 305768,7 122075,9
97320,98 306787,1 119126
107487,8 303262,8 121447,1
103442 312072,7 119128,6
106163,3 311359,2 119950,6
109949,4 303312,8 118101,9
101170,2 304341,6 121489,6
110698,6 302097,3 120642,4
105099,6 306660,6 115700,5
111312,9 292715,9 118800,8
105099,6 297040,5 112751,2
107552,5 296186 117263,5
108339,7 298424,1 116535,7
101442,3 294112,4 114524,6
107944 292389,6 116450,5
103783,9 295610,2 116068,8
105775,6 304036,7 112890,3
102697,3 294505,1 112568,5
107436,1 285600 113852,5
101464,4 292726,9 113316,9
101895 301301,7 112329,9
99223,07 289789,7 112472,6
94360,42 309876,2 107286,1
101433,5 289940,4 112345,5
101281,4 294358,6 113730,3
97159,46 293412,8 110032,1
100145,5 296205,8 111850,1
100622,9 295327,2 112384,7
96815,44 310511,1 110527
103226,4 299280,4 110264,1
99432,87 303495,6 111075,3
95488,95 301885,9 109505,5
92182,16 288469,3 107980,9
99065,14 302051,5 108996,3
98006,18 306030,3 112164,1
101145 296609,2 110188,6
100982,5 300957,5 110075
97080,66 304993,7 108032,5
101395,4 293751,4 109827,1
94120,17 298956,5 109154
99418,4 286334,2 111179,3
95909,29 294829,4 111786,8
99460,58 295996,5 106982
101787,2 288663,5 111881,8
104052,8 306561,1 112897,1
101772,1 291440,9 111064,3
100306,1 291588,7 108739,7
93199,13 289197,1 109678,6
97642,42 300980,4 109556,3
97094,68 291858,3 109144,5
102775 296834,9 111682,1
101810,4 305856,4 109782,1
99290,73 290725,1 109304,9
101066,4 303197,7 110386,7
100046,8 312158,4 109740,6
97395,19 299255,2 109834,9
96695,27 301104,4 105992,5
95870,34 290547,3 107914,9
95187,54 289073,3 109633,8
97039,53 300488,6 108307,2
96238,49 285028,4 106886,8
96680,13 287992,9 105405
94980,43 309181,8 103723,1
96209,77 284301,6 105756,2
90723,17 291301,6 105848,3
99977,54 300572,1 107302
92101,3 292343,3 106431,1
95482,63 296269,7 105776,6
93523,06 298756 105002,5
95833,19 285970,3 104727,6
92847,62 289457,6 105922
86059,74 297464,5 103043,3
88135,6 291316,8 102419,8
86406,88 287476,7 104473,5
87879,2 289086,8 103732,1
88155,37 284946,5 103985,6
90457,58 282674 101411,6
84765,63 282114,5 98727,43
