-28312,8499299949 -88180,9588036019 -30569,8577140121
-23929,8512522096 -80868,4588562691 -24619,030631338
-23554,0697038873 -79054,9210305409 -24604,677264301
-23712,467506209 -77052,1002678473 -24368,8951681125
-22109,8508703586 -76474,3026485725 -24096,1923740328
-22412,580594344 -77867,122172181 -23948,870981184
-22412,580594344 -73522,4959014131 -23387,8086826374
-21993,6562495006 -73988,578170595 -23031,698401853
-21677,4038685858 -80107,0804097385 -22682,9485263313
-20593,7662489305 -74770,3203671127 -22204,3074598006
-20845,4504054676 -74951,1970342406 -21829,9561973441
-20252,6103581795 -72661,5990174048 -21103,1596023246
-19557,7374433522 -67327,086034603 -20917,1639059288
-18445,1158866308 -73108,5114759482 -20189,3585747291
-18574,6671277999 -69067,1556635117 -19988,2814296092
-18523,7746523033 -74775,6536313473 -19741,6025095603
-18153,175707809 -66562,482247898 -19081,9316035169
-17273,0371838514 -61177,4715372334 -18538,7766521779
-17276,1988658382 -56807,1716398255 -18427,9308973526
-16080,9545517869 -60934,6092453542 -17626,8942616143
-16089,9957768494 -63118,4841331252 -17153,396433048
-15470,6879877659 -60308,187378375 -16676,453367011
-14833,3642494438 -53562,7660491559 -16308,6489208777
-14833,3642494438 -51002,7949661945 -15674,1169585836
-14237,5783167923 -47825,9000960994 -15370,7543876204
-13933,3954346072 -50437,3976171222 -15056,5745678814
-13486,5857462479 -57315,1406875222 -14565,8464648747
-13058,8433517182 -54240,4239140133 -14115,4771698845
-12877,2791107565 -47081,4190932173 -13781,8301287641
-12692,670787252 -49184,6640349537 -13451,2949969217
-12138,6230204305 -45760,3535398499 -12986,0944142473
-11437,6405517185 -44492,8888647224 -12588,2097090455
-11430,6321020957 -41822,5464901955 -12328,1591638974
-11212,2591798583 -45473,6719930596 -12125,4468871326
-11175,8861911654 -44277,3548877158 -11854,3946786921
-10959,8129372929 -48198,7344180808 -11674,4587534614
-10382,5849030111 -47007,0465753765 -11304,3911294272
-10457,5121934624 -39632,2669685426 -11338,7592553793
-9699,28662929049 -41065,10026153 -11078,3190211446
-9180,16071224258 -43779,188371897 -10772,444733675
-9180,16071224258 -46352,713792564 -10615,0002461923
-9549,90377329815 -43787,7323587627 -10410,0905552305
-9010,1261399131 -44974,6345697104 -10143,2430680549
-9487,74319311897 -40094,8520098657 -10122,9963613111
-9037,82355326638 -44967,7600889525 -9884,28651823674
-8970,42152481766 -54132,7554930421 -9673,66808650253
-8714,31175923727 -38687,4692445997 -9553,47019986389
-8714,31175923727 -47970,1324361894 -9494,11093538124
-8492,08089960617 -34250,9416953166 -9323,75883580389
-8492,08089960617 -40400,8971079149 -9173,13139141869
-8492,08089960617 -37882,6276993309 -9121,1431426628
-8389,33605822009 -37318,4548051839 -8985,47665296609
-8259,45638845718 -34318,1717641779 -8866,06650095404
-8048,70412296842 -37952,3800072343 -8730,88194276666
-8216,45517696584 -36471,9759082957 -8608,26034928563
-8048,70412296842 -37772,3721984608 -8441,13903113922
-7800,28550959477 -42211,0445314109 -8380,53968115178
-7744,52406729508 -37280,2787138655 -8212,01661357514
-7635,96364261861 -30105,4575200119 -7999,93956547282
-7493,25038307249 -36017,0173958096 -7890,2308959168
-7262,49751576161 -31729,1502186771 -7753,82373729422
-7086,79425076605 -34943,3811917745 -7640,83282236258
-6944,5229434907 -36933,9148146338 -7484,30365366434
-6784,14207733043 -27862,0184131104 -7446,90626793718
-6673,66763266376 -29810,0482930163 -7343,19841690557
-6658,71819787739 -29287,4562209681 -7202,47616337659
-6509,649050403 -30215,7640778588 -7168,7844171575
-6525,97181634037 -30621,5255567767 -7138,70789411315
-6442,30263250879 -29514,114695419 -7017,40592854771
-6199,25521568937 -26353,9782113155 -6941,38487966258
-6292,71965155325 -34214,7206224201 -6878,26301022578
-6288,99315910434 -32101,9466435342 -6805,47783627485
-6069,34178611717 -32494,5636756815 -6748,48600741942
-6102,63564430519 -27661,998185246 -6621,85173774892
-6113,13276432967 -26690,3632334849 -6588,18544378844
-6039,67493350457 -33338,0127217398 -6524,56373848338
-5902,98709592686 -30070,8497284589 -6485,22168081513
-5859,98112987288 -27059,3661029731 -6447,63783751162
-5731,5736411555 -22677,4436949565 -6332,12145456993
-5696,25145544153 -30116,1360306606 -6329,42937031899
-5669,17369044331 -35683,994426313 -6305,6387252744
-5635,66272480104 -27806,2924378951 -6272,69459469202
-5584,65979778059 -25033,6220962347 -6188,67763150458
-5524,442456385 -32944,0999479556 -6189,29480535182
-5454,17189115152 -27577,8353047292 -6153,25614078123
-5386,14570986245 -28782,440045815 -6132,33645792879
-5402,13292818274 -29538,7132871081 -6114,24745417483
-5402,13292818274 -28458,1988314796 -6055,51184798165
-5323,43479481241 -24665,9105277163 -6043,68429109118
-5253,60326194266 -25310,2694158427 -6006,89944545882
-5250,90634192849 -28147,7567074396 -5992,2891360006
-5237,46609359456 -26742,4426333578 -5966,42094220854
-5119,54018723527 -28892,8217901114 -5940,60049691296
-5130,91261010688 -24500,5606686253 -5928,58937672772
-5029,96815613842 -30893,724804045 -5876,89617961051
-5029,96815613842 -24971,101559146 -5878,12811957425
-5029,96815613842 -24500,5606686253 -5826,50788607536
-5029,96815613842 -25475,9634775418 -5843,55149735505
-5029,96815613842 -29740,1597171717 -5758,8191985477
-4963,01490093507 -23648,0506555772 -5730,90599961369
390,504469016726
