-131840,9 -316334,6 -148090,7
-127106,1 -328457,6 -138709,8
-116845,8 -319296,9 -128744,5
-112592,7 -312868,6 -125834,5
-112592,7 -303706,7 -123292,4
-111355,1 -298623,2 -119368,3
-101936,5 -302614,8 -112674,9
-104489,7 -313196,2 -110763,9
-91578,48 -303180,3 -106477,7
-97048,84 -293350,8 -103967,5
-97197,56 -299479,3 -101014,5
-93975,3 -305911,5 -99153,7
-86737,05 -306437,2 -96732,88
-85781,6 -304135,8 -93384,94
-81283,49 -302376,7 -90972,48
-75232,74 -283238,8 -88355,02
-75232,74 -285248,3 -85312,34
-73320,62 -270537,3 -81814,44
-72080,56 -264407,2 -80173,44
-68864,16 -263773,8 -78065,46
-68829,75 -252665,3 -75854,7
-67471,58 -262522,9 -73918,43
-64965,79 -237157,5 -72299,02
-61263,39 -236968,3 -69623,46
-60366,59 -225375,5 -68090,98
-59264,93 -221117,2 -66566,7
-57414,48 -209393,1 -64919,85
-56902,04 -207804,3 -63939,03
-56022,13 -206766,4 -63036
-55220,68 -197489,8 -62019,87
-54599,46 -196296,9 -61078,29
-53759,71 -208032,1 -59843,05
-53759,71 -201035,1 -59452,19
-53165,95 -216895,3 -58765,63
-53040,75 -197447,1 -58295,27
-52034,22 -177237 -57855,92
-52034,22 -197421,1 -57359,53
-51489,91 -178167,8 -57106,59
-50952,62 -175929,2 -56729,96
-50483,38 -178809,3 -56339,96
-49839,58 -181689,9 -55941,96
-49818,99 -168358,9 -55677,04
-49675,91 -168175,8 -55287,19
-49561,96 -168148,9 -55296,34
-49561,96 -172372,6 -55068,62
-49529,44 -167324,2 -54911,46
-49529,16 -181531 -54788,72
-49529,16 -179731,2 -54726,36
-49093,41 -180365,2 -54582,73
-49060,61 -181857,9 -54457,7
-48869,18 -189960 -54298,31
-48836,38 -169908,8 -54236,79
-48836,38 -197425,1 -54101,76
-48836,38 -187245,8 -54036,98
-48836,38 -190050,4 -53972,9
-48808,18 -189282,5 -53864,3
-48676,02 -171438,3 -53739,48
-48676,02 -167272,7 -53682,29
-48535,34 -181163,9 -53408,98
-48490,13 -180810,1 -53226,98
-48490,13 -174929,4 -53219,13
-48401,52 -176431,3 -53209,96
-48356,3 -170892,9 -53166,96
-48356,3 -180129 -53123,89
-48235,84 -199274,6 -53067,57
-48235,84 -184568,4 -53066,88
-48235,84 -195752,6 -53022,64
-48235,84 -183747,5 -53012,66
-48102,01 -180478,6 -52977,18
-48102,01 -184696,1 -52977,18
-48102,01 -178538,2 -52885,43
-48102,01 -177986,1 -52879,32
-48102,01 -195995,9 -52872,99
-48102,01 -169127,4 -52752,57
-48025,84 -177685,5 -52588,66
-48025,84 -192382,6 -52366,08
-46851,79 -171896,4 -52123,32
-46851,79 -169423 -52101,69
-46851,79 -167870 -51928,43
-46851,79 -198562,9 -51891,73
-46851,79 -164058,9 -51744,53
-46851,79 -172042,6 -51630,84
-46851,79 -162040,3 -51612,04
-46845,62 -167632,3 -51518,29
-46845,62 -165236,7 -51504,47
-46845,62 -175785,8 -51504,47
-46845,62 -165697,9 -51504,47
-46845,62 -157658,6 -51504,47
-46845,62 -167674,3 -51504,47
-46845,62 -159456,9 -51503,3
-46845,62 -161434,5 -51503,3
-46845,62 -166824,2 -51503,3
-46752,3 -185542,9 -51493,36
-46752,3 -160147,1 -51453,04
-46752,3 -172491 -51453,04
-46720,95 -164085,6 -51301,9
-46720,95 -162405 -51301,9
-46720,95 -182402,4 -51301,9
-46640,48 -154692 -51187,21
-46640,48 -161858,3 -51168,39
