-141383,7 -299605,1 -151277
-128071,5 -323989,1 -138871,9
-123103,2 -332089,7 -133408
-110210,3 -329696,8 -123991,8
-107937,1 -329524,4 -115653,6
-92568,75 -306373,6 -109526,2
-95360,67 -306126,9 -107317,9
-97661,71 -298316,4 -102775,7
-90656,81 -297285 -98668,3
-87459,13 -297416,2 -95118,64
-84719,88 -291057,4 -93473,1
-80763,8 -298939,1 -89759,17
-77352,91 -288318 -85996,14
-81686,66 -275537,9 -85553,33
-74092,39 -282951 -81382,87
-73359,22 -271108,7 -79491,23
-71474,98 -275325,1 -76516,2
-69232,3 -274003,7 -75669,67
-68154,96 -272081,3 -74765,96
-62702,45 -272075,4 -72705,86
-61352,23 -271018,4 -70493,62
-56799,39 -260854,4 -67953,42
-53039,05 -257595,6 -66092,95
-52475,44 -256252,3 -64769,57
-50786,33 -252102,6 -62315,41
-50466,34 -251255,1 -61761,41
-49568,76 -235061,7 -59817,64
-45807,47 -239517,6 -57957,38
-45807,47 -245864,1 -56960,53
-45446,05 -242827,2 -55629,62
-45037,91 -253547,3 -54941,66
-43552,08 -231648,4 -53810,91
-43552,08 -223552,8 -53093,89
-42924,05 -221919,4 -52128
-41933,79 -214960 -51582,56
-41933,79 -220919,4 -51388,05
-40846,59 -201559,4 -50900,78
-40447,44 -204474,3 -50514,07
-40420,76 -192209,3 -50196,79
-40330,52 -192209,3 -50068,29
-40303,84 -186298,3 -49847,26
-40254,62 -187298,4 -49637,18
-40254,62 -198153,5 -49416,94
-40254,62 -187537,4 -49298,04
-40210,77 -184019,6 -49197,55
-37757,62 -183250,9 -48791,31
-37713,78 -199360 -48688,49
-37333,05 -186088,6 -48577,66
-37333,05 -188599,2 -48543,72
-37333,05 -186974,3 -48541,61
-37333,05 -192106,5 -48533,01
-37333,05 -179491,2 -48510,6
-37333,05 -174735,1 -48510,6
-37333,05 -190376,8 -48510,6
-37333,05 -183905,9 -48496,18
-37333,05 -184684,7 -48485,57
-37333,05 -194943,8 -48378,21
-37333,05 -173998,8 -48357,48
-37333,05 -190887,3 -48328,79
-37333,05 -187605,4 -48325,61
-37032,39 -191228,5 -48289,76
-37032,39 -187469,9 -47997,02
-37032,39 -178798,3 -47844,05
-36903,52 -185346,5 -47829,02
-36903,52 -195820,3 -47623,04
-36903,52 -185967,7 -47546,87
-36749,46 -178396,9 -47526,93
-36749,46 -187522,3 -47507,87
-36749,46 -177984,1 -47427,19
-36749,46 -173050,7 -47393,9
-36749,46 -179915,3 -47313,27
-36718,34 -169576,3 -47307,79
-36718,34 -172896,8 -47307,79
-36718,34 -180723,3 -47292,1
-36718,34 -202725,4 -47288,81
-36718,34 -174455,9 -47282,63
-36718,34 -200954,1 -47282,63
-36718,34 -184674,5 -47265,56
-36718,34 -193574,8 -47265,56
-36718,34 -178774,3 -47152,04
-36718,34 -184833 -47152,04
-36718,34 -181723,9 -47152,04
-36718,34 -185017,1 -47152,04
-36718,34 -172285,4 -47152,04
-36718,34 -174455,9 -47152,04
-36718,34 -184312,7 -47152,04
-36718,34 -170914,5 -47124,93
-36718,34 -197081,1 -47124,93
-36718,34 -169044,7 -47124,93
-36718,34 -174486,7 -47083,53
-36718,34 -178707 -47067,28
-36718,34 -182918,7 -47067,28
-36718,34 -172581,1 -47067,28
-36718,34 -185908,4 -47067,28
-36718,34 -179466,4 -47067,28
-36718,34 -171793,7 -47061,71
-36718,34 -176899 -47061,71
-36718,34 -181553,9 -47061,71
-35579,84 -172697,6 -46947,87
-35579,84 -168704,3 -46777,1
