-29024,6275950713 -89995,8412565215 -30648,9689145958
-23839,1243550419 -76780,2314387707 -24544,55359589
-24141,9668863557 -84028,1852676806 -24665,4608657972
-23984,8542031383 -76014,8238766821 -24464,1147052077
-20250,1584743252 -80265,4790244645 -23455,3069485531
-20552,3698842012 -73011,4520928394 -23343,3644720597
-20552,3698842012 -74737,4353726547 -23104,4764342716
-20552,3698842012 -71882,5807969344 -22704,9136324968
-20074,7444994572 -66998,8060235274 -22469,91147012
-20277,9797640534 -68132,3515656367 -22062,6183630379
-20552,3698842012 -67936,6799668663 -21980,0606727373
-20552,3698842012 -71797,2602261952 -21961,2051309401
-20287,6454043476 -67310,3116030929 -21351,0833650086
-19343,1547933731 -67540,8248318877 -20777,1820589063
-19340,6165231244 -66400,3879037081 -20386,9364803722
-18806,7376105923 -66842,4622921854 -19861,7519385028
-18364,2401394694 -63805,2654318381 -19490,4680551961
-17045,2640794448 -59721,1850693727 -18721,8017582946
-16968,3457135003 -65092,6449575095 -18461,7049030598
-16799,5806375146 -59870,7166551924 -18092,5064865953
-15243,2885881127 -60642,7715135747 -17582,8836247941
-15611,1195180246 -50625,3015092905 -17117,4641063522
-14867,957781863 -46540,6878740281 -16607,9589765205
-14640,6971140743 -48642,1961650728 -15849,2689182024
-13929,4980379378 -46302,3132361076 -15607,0081853492
-14010,5949473839 -40873,2183528592 -14954,3785056918
-13411,6527301824 -41415,9823013696 -14609,159948678
-13362,1608815791 -39476,2420500615 -14306,8329604347
-12455,8978606747 -41584,5494676972 -13932,6750486402
-11418,7015554543 -40025,8149098999 -13453,6316853205
-11418,7015554543 -34042,6591536036 -13083,3188185089
-12020,6388711975 -36638,2759830741 -12866,3948174773
-11040,6977389906 -37754,3628969388 -12587,4133110299
-11242,150440764 -36849,9475007693 -12339,8675001214
-10742,6064513909 -34569,3834749409 -11982,420317254
-10235,9078282845 -31977,538869384 -11691,3834843913
-9727,77430921664 -34086,7457990949 -11382,7759039606
-9674,72793747187 -31814,3590594099 -11321,7009631975
-9727,77430921664 -29729,1691235929 -11060,493919963
-9478,18447025232 -31466,4194061394 -10901,7814648911
-9468,5498394753 -29344,3979301652 -10719,6026779286
-9354,85352148452 -35713,7663526194 -10546,0696755487
-9253,19373776262 -32240,022039938 -10490,1673724277
-8733,50369793615 -29201,8134765454 -10320,2477668788
-8926,33646058862 -22550,5577874831 -10172,9869144069
-8808,12976056543 -29014,531496311 -10079,3375159782
-8742,15210612377 -28548,6247851442 -9970,27902311087
-8605,41765437112 -27618,7503574637 -9858,33610111111
-8274,55885403311 -24829,9932087062 -9678,33504919678
-8274,55885403311 -30083,9598979174 -9605,84116616626
-8023,5679694366 -19936,8332956326 -9443,55457362006
-7944,56883414174 -25857,677595919 -9346,68890262265
-7813,46691865653 -29964,7648827317 -9236,47322641794
-7790,45071168784 -30848,8895669055 -9156,29116374419
-7648,257904905 -25261,1168820852 -9067,80564957811
-7395,35968419883 -28468,9409981398 -8950,53392893324
-7389,49516286175 -22878,0837531833 -8878,46725340862
-7348,92579081669 -24202,9064445266 -8845,63177461969
-7280,57483658087 -31518,5104965236 -8771,52109922204
-7278,66864341454 -32164,9803923486 -8720,50546673152
-7219,5079614859 -27050,827250184 -8666,73271750117
-7143,24610969875 -23125,6633913869 -8636,2138299604
-7009,04454944758 -25990,3082520946 -8552,82421094698
-6991,13879941987 -31108,246725049 -8530,29323636673
-6892,63750426117 -28468,9409981398 -8462,29224681852
-6849,30186654872 -22383,2538662034 -8447,41568989287
-6757,21497054537 -28006,8006923837 -8404,77553551014
-6753,65290102227 -21632,7100087001 -8391,42792925028
-6753,65290102227 -25622,0718752724 -8342,67781228228
-6753,65290102227 -21972,8212678537 -8329,49664794646
-6753,65290102227 -29570,4515556408 -8282,63808444121
-6753,65290102227 -28219,4456551193 -8259,53966505943
-6753,65290102227 -20083,1309878819 -8212,83888252676
-6753,65290102227 -27644,8816242343 -8190,45962948561
-6753,65290102227 -23782,4568608789 -8180,53022832738
-6753,65290102227 -18220,2410641821 -8160,75755232091
-6753,65290102227 -27904,8500898869 -8158,65767470116
-6753,65290102227 -27739,2945772815 -8139,440652803
-6753,65290102227 -22809,0690726253 -8113,61750291409
-6753,65290102227 -30507,7533664866 -8119,38362989304
-6753,65290102227 -26245,1843678201 -8104,50232138175
-6753,65290102227 -19351,3779547671 -8092,94848107919
-6753,65290102227 -28450,6825125461 -8082,29368206547
-6753,65290102227 -24219,588533676 -8081,33320398097
-6753,65290102227 -25630,5309518881 -8080,89265970502
-6753,65290102227 -27031,3549626976 -8079,07007582045
-6725,05892569932 -20767,7370631312 -8064,30560710584
-6725,05892569932 -26565,9616763333 -8042,06434373436
-6725,05892569932 -18421,8124250417 -8041,19965950338
-6725,05892569932 -26677,3565659705 -8015,62296084189
-6725,05892569932 -19329,6081331163 -7967,12357009039
-6725,05892569932 -29400,0600448054 -7975,70568033587
-6536,14517739725 -26076,0410060001 -7879,51638711415
-6536,14517739725 -22997,4808966727 -7900,31066030088
-6536,14517739725 -21877,4482892705 -7889,82874146611
-6536,14517739725 -21970,1450802982 -7866,00556036277
-6536,14517739725 -25415,1044200666 -7836,5883002288
-6536,14517739725 -22106,9946656846 -7842,84518743825
-6536,14517739725 -21980,0848204953 -7829,29456662326
-6536,14517739725 -29767,8076548234 -7829,29456662326
761,165559687846
