233100,742133933 193678,947962524 230904,617390201
235360,936408349 -31684,657584488 233046,381484532
237317,887837467 -30991,4977216566 234741,963567656
238302,535092304 -31512,2825134947 236264,38890251
239200,909839117 -30050,0757639333 238224,955420009
241459,768149262 -29252,8642201071 239273,515069968
241503,2726982 -29316,2535037606 240001,099873392
244662,737024546 -27613,5605933042 241545,926113815
244662,737024546 -27091,4491788748 242880,836078027
244705,974258967 -26348,8286426452 243424,608299865
246452,389387521 -25743,6414551433 244149,232127248
246764,74819513 -25158,9020716916 245039,322046913
248203,960850182 -24884,429964071 245973,609320815
248203,960850182 -24236,7946114275 246125,787621411
249555,049487636 -23620,5160126612 247192,844236058
249555,049487636 -24090,0311268687 247793,736596133
251343,464954788 -22801,6827622735 248622,754646554
251343,464954788 -22212,1882208113 249075,739552627
251851,045069831 -22534,8924885332 249558,990845794
252242,444967784 -21368,2304696741 250212,337009237
252242,444967784 -21117,1439391337 250356,224803437
252687,660703558 -20789,7804684479 250918,1719413
252883,25104646 -20534,8484778651 251437,296302721
253218,652279864 -19975,2650207217 251819,90462191
253415,867823488 -19537,1188568964 252006,042300479
253574,226037888 -19363,0662809073 252462,418098605
253701,795932968 -18840,4859826781 252681,056480918
254651,804221348 -18802,2028072292 252984,379608598
254651,804221348 -18310,6162260674 253270,616598165
254891,949421644 -18173,2732015086 253552,125592979
254971,427870853 -17312,1678827548 253782,468138068
255787,7149419 -17537,5124759577 254180,631515149
255946,226745132 -16895,2613241237 254407,626831419
255985,912292854 -17321,8872533891 254815,174810835
256049,780636253 -16979,9853594213 254902,419712605
256605,508110611 -17432,459873878 255194,510938169
256605,508110611 -16187,6319496576 255484,025455974
256605,508110611 -16059,5715362671 255578,663626586
256959,533141051 -16962,6671387972 255777,317500249
257143,097282804 -15030,7774240282 255961,877205367
257270,178644454 -14686,7321716255 256066,984282729
257401,878367638 -14929,6590777462 256131,654223146
257401,878367638 -14273,5796320353 256233,214848582
257422,007085859 -14231,9894033726 256348,243111651
257525,419431811 -13919,0695722984 256520,054462889
257934,701913393 -14170,2385218073 256675,191925996
258088,478244853 -14405,7566351577 256833,273127029
258088,478244853 -14498,8627079934 256977,058876484
258143,040123151 -13663,9598334116 257049,331678466
258290,505185379 -13111,7239816653 257139,698958425
258426,706129384 -13123,0230280034 257315,700417185
258608,349369332 -13361,2431662042 257532,268516554
258608,349369332 -13925,7513838157 257600,200808532
258608,349369332 -12962,3761172179 257702,302134264
258628,73306991 -13045,7263340175 257815,530824893
258928,02369103 -13492,3731198601 257982,631472808
258928,02369103 -13375,7400251695 258092,553304686
258944,22999915 -12573,0734120263 258159,063634696
259087,877580732 -12831,018171348 258241,612785632
259328,20236018 -12809,7357196944 258360,130674597
259328,20236018 -12542,6652975942 258434,433726461
259569,178562967 -12976,2570474694 258553,794975753
259676,647104952 -12112,704971239 258656,645950793
259689,959695905 -12497,7652672132 258721,660604747
259736,384885539 -12956,9333325577 258790,78474912
259870,584001941 -12260,6069308193 258867,197821338
259870,584001941 -12772,2921369072 259010,380474797
259870,584001941 -12811,9074569979 259052,00974514
259870,584001941 -12387,6331219616 259142,631084023
260098,494348673 -12968,7375686292 259220,268751348
260098,494348673 -12860,694662328 259278,578715543
260098,494348673 -11543,6709464105 259324,17176178
260098,494348673 -11560,1361677384 259374,495520334
260117,103012046 -11681,4688729128 259427,391948488
260117,103012046 -11640,2975022455 259456,807411383
260143,677572429 -11633,0588971733 259504,284902546
260143,677572429 -11449,3443358453 259528,417469792
260152,581753414 -11314,4190597576 259550,962238976
260152,581753414 -11220,6888828301 259587,76193843
260210,377235879 -11478,7457812645 259627,373574957
260241,481490398 -11322,9408990314 259633,823832918
260361,896002424 -11320,2655494666 259691,537177798
260361,896002424 -11524,8564795257 259724,871473196
260361,896002424 -11527,5852288967 259732,393093061
260371,759903217 -11115,2962446858 259780,537437973
260371,759903217 -11834,7531719618 259799,794391229
260523,378641979 -10879,0346419391 259830,17815095
260523,378641979 -11609,0712289826 259832,207945494
260550,970403835 -11469,886385694 259876,195885569
260614,539405977 -11655,9899367983 259923,025886344
260614,539405977 -11276,0796021423 259917,695873943
260614,539405977 -11255,9228000193 259963,343948639
260614,539405977 -11386,5253716654 259983,56412712
260614,539405977 -10815,5209926082 259983,860744893
260614,539405977 -11058,0701861556 260011,037229031
260665,667980177 -11186,0066013848 260019,339455762
260614,539405977 -11414,6365629744 260024,098065726
260614,539405977 -11085,2905004476 260059,007295255
260614,539405977 -10949,7857426157 260090,64058635
260859,027999443 -10857,2813015428 260144,394872733
470,037878817494
