148942,7 322272 156960,4
138403 327723,6 147853,7
142393,5 323905,2 147773,2
127022,1 333310,2 142025,9
127673,1 323566,9 143865,9
123695,8 324533,1 138092,3
126545,6 324972,1 138540,1
114544,5 321401 138478,9
134008,5 319105,3 141973,2
127520,1 341012,3 141159
124876,6 322006,4 139103,1
134511,2 320576,2 139586
133954,1 328154,7 141380
132176 321952,6 140563,2
129131,7 327950,5 140434,1
121868,9 328640,3 134273
122544,1 334203,5 134932
129427,2 326459,8 135947,2
129731,5 331066,3 136979,8
132251,1 327512 138832
129724,3 329054,4 136805,5
122383,8 340534,6 133264,6
128508,6 322761 134843,7
131570,7 326950 138019,5
121925,4 322097,9 132485,6
118352,7 323270,4 134401,3
122796,7 327330,2 133648,8
120461,3 319996,1 132307,8
129624,2 333511,8 136203,8
127581,5 336908,3 137193,5
128064,9 328892,9 137593,8
123065,5 335508,2 134147,1
126996,5 332593,3 132645,7
127965,3 327510,7 135536,7
122454,4 326020,2 135447
127061,8 330071,9 134890,8
123630,8 330717,3 134574,4
122095,3 322583,9 134601,8
123654,2 326697,4 134459
122156,5 325922,6 133805,2
116778,1 336129,7 130641,8
120950,3 323644,8 132516
127871,4 318245,9 136169,8
127057,9 320392,7 136363,7
123502,5 319428,6 133688
126712,3 323420,1 135027,9
123672,7 321789,8 133500,7
130217,6 319059,4 137223,5
131378,1 346885,7 135189,3
124218,8 330742,3 134966,9
126514,2 332236,7 133176
126589,3 322010,8 135478,8
128186,5 325725 133597,8
126589,3 324145,5 134903,3
126430,5 333043,5 134454,8
128582,9 328261,3 134690,9
115192,3 318171,4 131593,2
125904,3 329302,1 132500,1
118285,1 327733,6 129722,4
117213 325900,3 132297,8
125657 322203 132548,4
110141,5 322243,4 130603,3
113989,8 324393,8 130772,5
127266,7 324287,4 133754,8
115174,4 327338,1 130944,9
124646,3 324411,5 131967,6
128270,5 330176,6 132881,1
109217,1 330978 129588,7
124547,5 327967 131090,5
117340,2 332751,8 130254,6
123538,7 322392,8 131678,5
113235 323658,9 132249,4
118323,7 329726,2 129471,1
118907,2 325272,8 127865,4
126408,3 327654,3 134403
126185,6 320960 132122,1
116773,7 320745,7 129092,2
125222 319045,1 130475,3
122042,4 332747,4 129978,3
117314,4 328873,9 129239,4
117314,4 333803,7 132645,7
119617,2 331921,2 132189,7
121061,4 327433,2 130257,3
111301,9 333514 130870,2
119555,9 322113,6 131877,4
111229,8 327863,7 130890,8
117903,5 326642,1 129480,5
117811,6 333126,3 126499,4
119838,3 326906,6 129859
126268,5 315632,6 133554,1
123955,3 325406 130290
110562,7 330679,3 127446,7
123191,7 328343,5 130722,2
124029,8 321608,6 132365,5
113638,6 323775,4 130853,1
119658 318787,7 129775,3
121486 320443,6 129560,7
125816,3 324511,1 133074,5
123870,5 328197 131134
117875,9 324950,8 132240,4
