128892,4 323488,2 151410,7
144719,1 327722,2 151083
138608,5 333738,3 146883
138534,2 322848,7 142301,2
132691,1 323723,3 138620,8
124348,6 320264,6 136174,1
122937,2 320600,4 130407,6
113337,2 317122,4 129746
121471,8 311779,9 129860,5
117028,9 310101,3 125863
112683,3 310806,3 122028,4
113666,6 305985,1 118888,2
112896 311698,6 118476,2
109032,6 308214,1 117259,1
105593,2 309188,4 114451,6
102910,9 299773,9 114596
100481,8 302698 113320,2
106533,8 300875 113927,5
102840,8 308327,6 112873,7
102243,4 296753,8 111036,9
102110,1 304736,2 110292,6
96834,84 306046,9 106168,8
97293,1 300387,2 107459,7
97818,15 318199,3 108703,1
101162,4 313077,8 106870,3
94639,02 298556 103378,7
97805,17 291301,5 103993,7
91809,13 292450,9 101058,6
92083,59 294130,5 100728
86930,85 299436,8 98619,5
85101,04 308181,9 98700,73
84006,76 282570,6 98312,13
83237,96 292382,8 97719,51
80025,02 301696,2 95891,77
78474,85 284404,8 97127,26
76707,68 294800,3 96935,59
75749,39 289442 94818,75
72168,33 283571,9 92097,7
72898,24 278206,8 93085,99
73785,21 280582,6 92577,91
68592,62 286758,4 92437,38
67026,59 286593,6 91801,83
66065,85 296536,3 89719,23
65787,11 276919,8 86748,24
63052,35 277468,5 86193,38
62976,71 269905,1 86414,48
61697,36 276285,4 83048,31
61806,19 268788,6 83420,02
61245,7 273649,1 81907,34
59989,96 278303,8 79849,35
59294,79 268611,9 78687,06
58554,89 280543,3 77814,98
58005,73 267701,3 76884,41
56161,86 267339,8 76303,59
54524,5 268759,6 74707,58
54524,5 277445,2 73844,84
54524,5 258635,5 72450,6
54458,09 258392,1 71541,92
53667,66 259356,9 71153,8
53300,4 271385,9 71075,66
52968,52 260280,1 69988,98
52830,14 260669 68386,77
52627,75 259976,6 65910,35
51990,23 263437,1 65655,2
51990,23 260645,2 65305,68
51716,16 262305,5 64705,58
51716,16 273905,5 63680,01
51426,25 273537 62723,43
51165,92 261684,6 62429,84
51178,85 263813,7 61308,99
51111,47 263919,8 60655,2
50996,47 271204 59531,39
50985,02 255705,2 59486,93
50896,29 242573,2 58917,14
50894,07 251075,4 58670,41
50806,32 239641 57989,19
50381,87 237149,5 57547,85
49427,45 226865,7 56725,24
48592,54 240319 56477,18
48581,64 233109,8 55820,96
48181,9 234427,6 54976,79
47668,97 221062,9 54659,55
47420,96 217686,4 54050,64
46975,39 219764,8 53576,94
46975,39 227154,4 53546,11
46457,97 211752,9 53041,13
46309,3 205100,1 52713,41
46197,66 215789,5 52597,38
45955,62 210286,6 52002,79
45574,56 205509,8 52103
45521,53 208096 51716,28
45432,93 216540,8 51793,99
45105,86 202419,6 51555,55
44999,87 202602,3 51341,54
44777,58 208019,9 51196,53
44777,58 201860,3 50928,04
44732,72 201531,6 50608,02
44708,36 197561,5 50498,31
44708,36 201241 50198,15
44708,36 195188,7 50027,41
