138774,3 323577,6 154738,6
135708,9 326862,1 153768,3
139581,2 329295,9 148673,6
135271,3 324182 146765,2
135318 331278,5 143339,8
126658,1 323306,1 139340,2
134780,4 329055,2 141216,4
106785,1 326479,7 137828,8
120288 332011,7 136006,8
125638,7 327479,2 138206,9
128637,4 318823,5 138999
133401,1 324362,5 141024,9
121143,6 321811,4 138823,8
126023,6 334730 138348,2
125787,5 341144,3 142218,7
124708,9 328450,2 138632,6
130694,7 337616,3 140390,8
132311 332416,7 140135,9
131338,5 328516,1 141932,5
125136,9 327144,9 136237,7
130662,1 324667,4 140665,7
130829,8 325250,3 138893
123189,2 326996,8 135790,3
129336,1 332300,1 138044,1
130589,2 322332,7 141215,8
130484 327066,7 139911,1
132403,3 341245,9 141425
130179,2 330729,5 141706,2
110197,2 328403 136420,4
128157 325066,6 138154,3
127517,7 336042,5 142077,7
125061 323780,1 135231,8
125273 331630,5 138103,4
131623,1 322913,1 139538,3
117892,6 323139,2 135755,5
123389,8 328624,6 135416
131108,8 331428,2 139687,2
128960 336564,1 138737,1
130840,7 325738,1 138252
127869,8 331384,7 137929,1
127032,9 324020,2 137186,3
122424,5 320203,4 136972,4
131529,3 334338,3 138037,2
126795,6 319774,1 139049,9
129861,2 330634,8 140334,3
128115,1 341368,6 139705,2
118086,1 330727,1 139757,1
122182,9 325823,5 135892,3
126545,3 328645,1 135580,6
125361,7 330736,2 136652,5
118190,1 331013 136076,3
127111,2 329670,4 137166
129468,9 331581,4 136245,2
128298 330169,5 137962
124671,2 330000,8 136154,8
129402,9 332050,6 136187,9
117659,3 330381,7 131781,4
119653,2 327804,9 135978,3
123548,9 331621,9 134042,9
120180,8 338983,9 133015,5
120180,8 330899,5 135348
130810 324506,3 137304,7
124247,8 329074,8 138313,4
123305,2 331975,8 136606,6
127015,9 328993,3 136481,5
124616,6 326029,1 136624,3
110564,9 333124,8 133096,3
115767,6 335022,7 132957
121816,5 328191,5 139514,4
127668,6 335116,2 133816
119591 321540,9 136189,1
127017,7 333646,7 133569,8
124482 333663,8 136216,3
129560,4 323287,7 140629,9
124737,3 329570,8 137046,9
126424,7 329397,2 139686,7
136158,8 333411,8 140422,3
137984,2 332163,4 139993
126126,9 325735,1 134545,9
121821,5 332222,2 131999,7
131733,3 323615,7 138651,9
123557,6 330884 133345,5
131082,5 332009,4 137569,8
126229,9 331115,9 133046,6
130247,3 323271,2 136789,5
126668,6 326663,3 135340,9
132598,7 317932,9 137882,3
129618,9 327471,1 136388,8
132199,8 323761 137891,1
130964,1 326247,3 139036,5
123723,4 345319,6 134515,1
133221,8 327904,3 138742,4
130126,2 332326,9 139687,9
120660,1 323891,3 135462,8
128809,9 326768,5 138217,1
123389,2 331001,3 134554,5
123504,4 321796,6 132459,2
113732,2 327789,9 135455,1
118109,4 325805,6 134287,8
123418,6 327044,3 135178,5
