-28957,9519223808 -86642,2664994101 -30933,5240986078
-24057,6316993632 -78310,1699135528 -26559,059465007
-22820,0174706441 -79747,8610533894 -25308,4149878442
-22805,9724184892 -79409,8354088672 -25038,4608746166
-22820,0174706441 -68905,6823092074 -24849,2961183704
-22820,0174706441 -75343,9692965912 -24192,2803805659
-20383,4938023392 -70065,405826862 -23175,2286301697
-20383,4938023392 -77445,4085228226 -22332,7877636778
-20383,4938023392 -72557,0581950526 -21730,8186710219
-19621,2671290961 -64508,9342243762 -21109,1434182371
-18841,655436427 -70865,5991317269 -20252,4038661393
-17559,4023235677 -66568,2324008778 -19274,3496671363
-17559,4023235677 -55159,6404975118 -18847,3321222854
-16677,7089090525 -51978,0241811196 -18299,2317960845
-16619,3538343132 -59148,0042897234 -17709,0461120225
-16151,5310554984 -49957,3786519061 -16886,7202499735
-14615,8197255146 -51181,9671560601 -16307,4776830813
-14237,4130233976 -48256,2358668923 -15981,2777579832
-14615,8197255146 -44495,9663209474 -15397,7176873956
-14266,756102555 -43319,2861631681 -15095,924278519
-13974,3272633707 -38750,7967111431 -14534,1894064159
-13584,5254561707 -38354,6342124068 -14240,2162099542
-12821,6098524094 -35982,6735706525 -13599,5878478155
-12821,6098524094 -37083,4873783554 -13370,540263783
-11729,4840337608 -39311,4618111898 -12869,9224433609
-11793,2098057359 -34067,9853351186 -12489,1871964945
-11149,3230012182 -35459,9832170937 -11986,4689784518
-10686,5547351488 -35345,786074573 -11653,7107208292
-10498,0377820992 -33022,9002828094 -11428,5726110393
-10029,70793602 -31232,748348927 -11144,4952611021
-10067,5634950295 -33868,2091533787 -10891,2498724417
-9905,2198487661 -34035,7369919255 -10690,1519466047
-9395,92383553387 -34219,4630101724 -10405,2451854488
-9205,15608987173 -33926,1935564702 -10087,6491196697
-9019,16089514242 -28918,6060780024 -9795,37973732833
-8726,1983111711 -29428,9486095012 -9535,51765077518
-8726,1983111711 -29622,2140195795 -9396,96323599208
-8607,62346626037 -27025,4689381061 -9169,06146837413
-8186,55013695857 -33728,7715729287 -8968,69623305827
-8109,7226565906 -31717,0931777336 -8823,10470546156
-7830,97243198076 -29537,1011654018 -8652,80180802447
-7830,97243198076 -31329,7322045531 -8507,49162705162
-7693,47570128555 -27732,1287347265 -8329,05534215632
-7538,68996638869 -30722,1660180021 -8265,98575435611
-7344,99958937236 -28487,2916090171 -8107,67964498456
-7230,62227814032 -31260,6017809683 -7991,85194098816
-7064,92079124288 -24685,3070789562 -7903,82441731085
-7064,92079124288 -23859,6379373284 -7853,99767553062
-6944,50578964517 -27295,9368015148 -7719,13095388458
-6944,50578964517 -27785,9424061169 -7693,04476747383
-6944,50578964517 -27564,2286914022 -7586,11157320941
-6791,24305751867 -28572,5331745703 -7520,0161119389
-6741,49068743802 -26455,6508632611 -7461,7635218379
-6723,85943123042 -27458,6822137232 -7414,55185691045
-6719,64033429658 -28485,9374960131 -7341,8811567571
-6616,33037225406 -26812,7599953367 -7279,63608033473
-6517,30088923934 -26689,4491215596 -7251,82433124319
-6463,32942222485 -27839,4081515387 -7212,27973799922
-6463,32942222485 -28044,813204526 -7180,41164677161
-6330,64987554575 -29712,2172662379 -7122,20102301814
-6330,64987554575 -25054,4222579079 -7108,23445699389
-6330,64987554575 -27993,4989887757 -7078,09225075328
-6255,41995984167 -27024,6051859432 -7069,38807829158
-6237,90895183384 -25633,7799300951 -7044,00639362253
-6255,41995984167 -27297,4019215375 -7038,3448331504
-6255,41995984167 -26468,9439854186 -7001,82905266388
-6120,42607527034 -26639,3890386179 -6970,94858546588
-5933,979670897 -25879,3262543231 -6940,3000264983
-5933,979670897 -26738,1192807106 -6930,0532454231
-5933,979670897 -30376,0849545259 -6918,62515397506
-5815,84103914721 -25182,0595926259 -6901,41192203203
-5774,41525790081 -25357,4082964453 -6876,74029839419
-5734,40474653775 -29340,5455396261 -6842,27557660497
-5734,40474653775 -29340,5455396261 -6805,18073137046
-5713,66211572405 -25167,6704651513 -6798,53409324163
-5713,66211572405 -25783,0162434189 -6751,88318663108
-5713,66211572405 -26787,3634497632 -6744,77274812624
-5713,66211572405 -26312,0334915124 -6728,36453343659
-5713,66211572405 -23254,8182548251 -6717,84931145238
-5713,66211572405 -23474,7883604902 -6685,22988646241
-5713,66211572405 -27138,6886222154 -6681,36242806931
-5713,66211572405 -25293,0248334909 -6670,8031960275
-5713,66211572405 -23934,428721444 -6619,40396559141
-5713,66211572405 -29214,0772576719 -6602,0420976465
-5713,66211572405 -23210,6566973786 -6584,40767979736
-5713,66211572405 -28144,2746651902 -6588,98916183882
-5705,94462365431 -26608,9723602811 -6587,29683975909
-5705,94462365431 -29717,0966600407 -6562,91614484224
-5705,94462365431 -25295,4643695251 -6523,20247748816
-5664,48599345162 -27050,5216718758 -6514,15680665351
-5664,48599345162 -22742,3760353581 -6512,70550178656
-5651,77233823937 -23573,7358465607 -6497,45033667872
-5651,77233823937 -23058,8007955271 -6491,55598859348
-5651,77233823937 -27224,4244200237 -6477,2253524997
-5647,7359644417 -28283,3425896312 -6469,93722292192
-5647,7359644417 -22054,4553218201 -6465,3195898641
-5647,7359644417 -28022,0412591015 -6449,33814892821
-5647,7359644417 -26057,4695105113 -6426,74347003252
-5334,73589574565 -27668,2204734965 -6392,9820730875
-5634,99020905834 -27523,41315683 -6419,50714667
445,338744422764
