-17318513,793746 -20445022,4377609 -17603655,231494
-17077139,0078121 -19769881,853948 -17205565,8412348
-16667602,5775343 -19261706,2250525 -16879546,2232685
-16444160,1511062 -19070390,281506 -16583105,0798732
-15985622,6683442 -18744683,6928755 -16311223,1108349
-15708740,9809811 -18570270,0891416 -16019000,8070744
-15260264,3535858 -18104777,1993269 -15807016,7875427
-15260264,3535858 -18085130,6382133 -15593860,8523351
-15020785,7119009 -18020095,4320878 -15419138,2237224
-14953195,5873843 -17723743,3719456 -15233930,2204353
-14739312,2292864 -17340687,9378531 -15020254,3760108
-14644916,3486055 -17014651,6041578 -14815701,0816317
-14167442,1953489 -16945355,8465732 -14597128,3119443
-14081765,7097165 -16595048,6275235 -14397002,8837714
-13835987,7812012 -16322941,6902331 -14225456,5809931
-13694773,9271667 -16141229,1185263 -14071083,1722239
-13351626,9580188 -15660178,8601514 -13885453,9251508
-13298602,8769022 -15664201,3469419 -13708679,4439459
-13193827,1757485 -15255077,3904816 -13592349,8506464
-13059535,0363904 -15045756,3658674 -13420179,2816472
-12841423,302507 -14732613,2800749 -13286424,1687459
-12566539,3349561 -14773261,2798295 -13107677,7521997
-12547005,5578101 -14455460,974343 -12975499,004068
-12426775,406495 -14309009,7794003 -12856521,4026582
-12339037,1891381 -14076654,2333699 -12738219,2547983
-12297885,3997677 -14113976,7758804 -12599792,2204699
-12120818,2604049 -13860064,7045188 -12468137,9647237
-12100484,9195813 -13769292,4176661 -12363957,2496022
-11908418,1981212 -13734375,9195023 -12230583,0872361
-11863839,6221261 -13502461,5542725 -12118527,3299252
-11750933,6839656 -13378733,7717471 -12007573,2325738
-11597973,4460563 -13256690,2650788 -11859977,5544241
-11586285,3072207 -13111148,6616953 -11772601,9363026
-11433638,7687837 -12867039,0397557 -11660274,9726353
-11372296,9064956 -12838446,4584834 -11563662,4067911
-11245509,523112 -12752034,4800644 -11449537,2151554
-11076136,6336668 -12594617,949418 -11308030,7123162
-10956290,0666384 -12459209,6852025 -11215624,3090579
-10857236,9998052 -12490246,9117936 -11118733,3377094
-10801854,2277154 -12171361,7671138 -11034688,0991639
-10680033,3558118 -12163736,7704726 -10920595,246488
-10524879,8581995 -12103971,1175097 -10823692,2062044
-10422297,3039196 -11963442,3006376 -10731572,5412716
-10306298,4542507 -11950363,8597171 -10626289,9526574
-10242772,6317152 -11759995,1559401 -10533501,9380993
-10149398,2071198 -11631885,7371442 -10445722,0024357
-9990162,35688562 -11496273,7250293 -10354961,0444543
-9990162,35688562 -11310716,7252087 -10295291,4269212
-9772799,7021715 -11219229,4530786 -10198303,9869154
-9772799,7021715 -11209940,3379037 -10129893,4708638
-9762598,49770445 -11018664,0868903 -10060545,7175981
-9641961,17848572 -11069525,2725902 -9984114,67723219
-9553609,45326529 -10944219,9460259 -9898672,13174104
-9507933,52275238 -10792005,7856298 -9816455,09707668
-9447757,35501207 -10864221,1939378 -9749599,02201274
-9388146,78256506 -10799701,5370647 -9668080,72659349
-9338904,55638681 -10495778,6100044 -9604560,76831777
-9296832,03337471 -10555172,187934 -9514046,41961594
-9202620,83725107 -10456058,9298424 -9463810,63612881
-9149143,97089232 -10345031,1030358 -9399290,71601209
-9096506,25687389 -10234693,4336696 -9343743,8387487
-9076480,88235887 -10167295,2155937 -9284837,2086442
-9009872,80121779 -10182341,0823813 -9218238,44214457
-8949162,60281222 -10027328,0418322 -9142168,78160596
-8888956,68579078 -9952492,40801854 -9083228,59238868
-8814417,85126714 -10071996,6268485 -9023110,63846113
-8754205,31713748 -9855669,62843341 -8977549,86623914
-8687004,19047558 -9900198,43091948 -8920924,98955633
-8659610,10867284 -9854140,1217897 -8872002,47318962
-8579038,7018688 -9723300,20508534 -8813493,81548088
-8444647,05582521 -9690621,78784909 -8744555,45090644
-8433378,38007206 -9675034,50495632 -8681769,53268299
-8379758,20454539 -9519119,72973286 -8618527,06911243
-8325001,55742602 -9382844,58562234 -8581080,52615805
-8270683,22623026 -9277303,25810729 -8527716,70911604
-8236102,9188606 -9277422,24693507 -8493476,95947201
-8163707,33687058 -9215542,62875607 -8433739,74030059
-8113683,01262288 -9190761,0376141 -8376753,22722143
-8033826,78829493 -9099581,34768974 -8321413,3099997
-7968270,81181335 -9162800,0749857 -8275219,71254163
-7957739,4492372 -9104120,89380309 -8216696,95276934
-7909715,70257938 -8973964,83861373 -8175875,40654984
-7855068,68694391 -9012081,9760417 -8128557,99258747
-7830660,46271884 -8882978,93898506 -8086488,34651181
-7757290,74779081 -8794761,48893764 -8033876,85789778
-7712407,00233237 -8808119,94025355 -7984335,60587628
-7639420,39002547 -8688602,93084544 -7929507,96215259
-7580452,25009646 -8631538,41509153 -7882634,77527315
-7575509,45144494 -8622085,72615261 -7849523,61561468
-7500287,63798096 -8593374,62204116 -7789184,41656065
-7470513,85084448 -8458059,94672809 -7756385,68216172
-7440219,62191302 -8463445,71219184 -7697088,48471743
-7367071,50819068 -8481103,52357616 -7651920,36378424
-7328727,33998233 -8379169,53569863 -7608226,02832488
-7313479,44834487 -8358862,52846623 -7569588,95306553
-7293863,52905911 -8327008,33722357 -7529518,28447037
-7242489,16820562 -8359868,48474374 -7484848,54748929
-7219697,69781029 -8152197,26857648 -7444352,18594217
-7122868,16193333 -8041121,77608644 -7388151,0191931
-7103509,15110172 -8083588,28162237 -7346446,45827811
-7075686,87595765 -8035953,24125154 -7309728,93399503
-7056883,37137066 -7984095,64499824 -7277858,85271136
-7001536,21949972 -7965432,37098708 -7231728,68200053
-6960051,22111026 -7873478,72360269 -7191412,10305734
-6941831,16436254 -7845762,37602022 -7158043,48121148
-6897928,40088811 -7879067,94558012 -7112671,84991349
-6869688,55387101 -7882136,37261069 -7087049,29860597
-6796632,21121056 -7770840,61831483 -7050592,52691074
-6790172,36335678 -7824155,07840987 -7014823,45536086
-6688477,13596654 -7725515,46650707 -6972127,33986162
-6679860,89283706 -7792418,63488046 -6934370,48214809
-6625854,18113741 -7658762,5846937 -6902345,42834047
-6590042,62194061 -7735720,05622141 -6862984,7534812
-6529835,45577497 -7650393,22769924 -6835387,45904952
-6493177,81751003 -7547753,56360927 -6796930,08832905
-6473871,67905193 -7552187,5453072 -6765946,08034116
-6438845,53153962 -7432199,61619601 -6719217,79740053
-6437200,21177253 -7366543,43990867 -6690635,01605458
-6413167,94133986 -7445176,67335142 -6660741,56849194
-6375001,49708584 -7307298,160551 -6630263,64317361
-6343342,1862114 -7225166,69823115 -6604510,79996427
-6325644,47045196 -7187309,21291665 -6570217,34242943
-6262362,59870035 -7186279,94488925 -6541713,13238962
-6258901,767257 -7144434,26610234 -6508823,63853924
-6215754,95938524 -7173976,52079553 -6478843,82493369
-6192792,11124534 -7201268,76320266 -6450248,51502739
-6129511,89692369 -7127086,52936685 -6408721,56137557
-6120684,96798716 -7063864,8025008 -6377206,39200503
-6068215,52755584 -7094830,80859999 -6352231,70818404
-6051245,07334309 -7019105,38910021 -6330089,39737747
-5954431,21065796 -6924059,26580127 -6294755,78196573
-5926837,27009035 -6908899,23940095 -6264284,32982183
-5892104,92071153 -6831552,11219063 -6245285,10178083
-5879644,58167724 -6787565,74163602 -6211275,31833774
-5856701,37850759 -6757493,29941909 -6180884,67069844
-5838643,86178919 -6825101,10383507 -6154374,07371681
-5810090,58486563 -6809533,91035488 -6118266,91830218
-5790110,89621691 -6757701,76471986 -6094236,09452783
-5757117,117655 -6706002,6167349 -6054871,20084834
-5750840,46424528 -6648172,35275274 -6028571,14733683
-5726531,71647354 -6631688,23607725 -5994465,59195948
-5697453,15308126 -6540391,2312135 -5975491,20659183
-5678006,72659238 -6552067,5261667 -5951705,55616233
-5657543,71207171 -6481928,26141613 -5928763,17855324
-5611116,41997218 -6514829,09923754 -5894083,0547999
-5572955,78502647 -6427869,61051872 -5870368,23516769
-5567978,47090921 -6380314,57957234 -5840571,86242744
-5508831,3568638 -6411901,83600315 -5814320,37809387
-5492534,94519298 -6490842,75745222 -5786404,5021357
-5445033,23369903 -6342857,97876487 -5757111,74521954
-5445033,23369903 -6312935,34886184 -5731952,89281749
-5416501,18476854 -6368110,30127474 -5704764,30182814
-5416501,18476854 -6328517,79404325 -5685555,27305376
-5398295,54040902 -6213764,74683296 -5661044,70974305
-5384742,75739028 -6166249,10721458 -5633984,58720623
-5366431,22263771 -6120670,74455777 -5613636,89370256
-5338672,34685188 -6148891,08418093 -5591662,22603863
-5330575,84358987 -6063781,62344235 -5572185,9042702
-5298107,59282953 -6117596,077405 -5543193,92460166
-5266157,50118713 -6109665,55658989 -5524870,32646195
-5244667,80575187 -6064529,58902035 -5501766,53663648
-5225163,79426506 -6030270,92705124 -5486369,35882597
-5183259,3046982 -6109333,46159131 -5456766,32429368
-5171560,10998979 -6000855,42092933 -5438626,58996457
-5140950,36228487 -5998995,33435896 -5420686,47205184
-5096603,51669049 -6004959,99120373 -5397996,6714001
-5069906,53916841 -6105395,07126758 -5380908,41107009
-5030342,23194107 -5895283,04963333 -5358353,4288277
-4997175,88867385 -5935350,96463386 -5330659,71598771
-4958123,92020268 -5872790,18397618 -5309967,59141036
-4938571,76324241 -5838747,20973593 -5288353,33830509
-4902500,93773231 -5787968,42105938 -5260343,79947536
-4882948,78077204 -5744731,40999582 -5240625,38985493
-4880153,00321824 -5716991,39432352 -5223182,93166302
-4865092,04464582 -5718051,27756376 -5201665,9862875
-4849273,65681707 -5702545,49007223 -5185776,71437292
-4834281,93145165 -5736890,89811882 -5167491,00945681
-4818463,54362291 -5731849,34886832 -5149738,7542725
-4799603,01870157 -5684856,95595653 -5132128,2402746
-4781463,59786311 -5633924,23842272 -5107677,05118832
-4763706,80020723 -5636218,82671374 -5085382,58628909
-4757049,85912306 -5633532,90641358 -5069313,99606953
-4724430,66618634 -5576154,06827093 -5046939,37312218
-4703886,95102955 -5553966,50135561 -5029688,01333558
-4690882,99531434 -5561116,13535318 -5014486,96188261
-4675574,42879122 -5554012,322563 -4996247,93904899
-4641747,14383165 -5439177,25571806 -4973629,75829031
-4621203,42867486 -5542003,57501295 -4955099,64767366
-4619711,46403263 -5451341,38528101 -4940288,06538301
-4603249,14776381 -5428989,28693133 -4922761,89635686
-4585667,49331329 -5405033,81706222 -4904945,35076322
-4576309,66838002 -5408541,40586048 -4884706,12506936
-4566032,61435485 -5515419,37924178 -4862698,20641004
-4558224,55744473 -5413899,7047639 -4844986,45403743
-4546497,86849126 -5448113,09861992 -4826229,05956468
-4535421,46991399 -5383663,89792616 -4810263,42538943
-4518798,82179457 -5420400,6191241 -4786698,59321425
-4503652,78876881 -5323027,26842924 -4768357,5823883
-4497826,83034129 -5339315,91574188 -4749308,28136361
-4487583,94451747 -5255783,97138981 -4735769,92466077
-4471952,49691995 -5288548,43085603 -4722151,89331341
-4457733,89358917 -5192089,08281497 -4711431,57936513
-4444845,04647833 -5338229,65174844 -4688574,72184529
-4420930,80734473 -5195544,53961347 -4674179,16766203
-4420930,80734473 -5207627,79059972 -4663614,09079372
-4377997,58827562 -5180081,24130796 -4642109,42838996
-4377997,58827562 -5183541,15442995 -4627351,93342337
-4365325,39891154 -5272955,7931765 -4616982,73839866
-4337810,89633338 -5100985,28492872 -4592930,77256823
-4337304,28708209 -5076051,3120827 -4578952,31804243
-4320401,1045138 -5085055,96543331 -4561636,52008372
-4318179,7019353 -5167062,69128483 -4543551,85620323
-4300769,91011572 -5024945,07356032 -4529449,04880656
-4284803,86767154 -5132012,15890338 -4517964,7664596
-4276332,71931335 -5049600,27521414 -4501384,25468972
-4271942,15357569 -5002681,13266612 -4487616,48084961
-4258289,57098317 -5105834,44062443 -4469732,63593849
-4247082,89632135 -5076916,54041219 -4455784,10939533
-4239704,32120791 -5127794,57695037 -4437951,44202595
-4218160,38373839 -5089393,51504553 -4424159,12161583
-4216891,29403109 -5154865,6344255 -4410455,27332159
-4200775,53493292 -4973620,20185358 -4391364,73707356
-4190576,5680881 -4930051,84612284 -4378659,81092833
-4185185,28372425 -5029276,09372483 -4365224,49723927
-4170210,50933789 -4915486,75716555 -4351827,05665487
-4157690,44861138 -4953499,65381284 -4335218,55548031
-4145190,65386736 -4871716,73192432 -4318488,12324437
-4138088,38288232 -4803817,67225596 -4306893,00186168
-4117475,97877429 -4791181,98514488 -4285240,68820618
-4106788,14375149 -4781664,93760828 -4278637,95053147
-4090608,27530134 -4720504,56433984 -4261553,84653201
-4085384,2834631 -4771500,31199709 -4247642,02572497
-4066747,92389929 -4769355,58251864 -4235740,1061906
-4052284,76541153 -4659964,38543468 -4220881,74433466
-4036805,48373497 -4709580,65048767 -4204886,32883952
-4028555,05210686 -4720638,83248949 -4196328,99293769
-4018402,89987765 -4735520,96440371 -4182084,73749057
-3997943,53989126 -4715767,50056441 -4167703,12047755
-3967612,82953583 -4663344,08948738 -4150290,22997093
-3948512,9013111 -4676186,84520612 -4134668,620393
-3932052,97890271 -4737065,4977896 -4122111,89849518
-3925507,96736635 -4670339,92782306 -4105376,72796684
-3907415,08313841 -4625556,11042419 -4094183,59642804
-3894932,84264467 -4612433,02067291 -4071194,61981962
-3878877,63247228 -4706158,80768072 -4059156,25609495
-3867326,54119235 -4573117,9462234 -4041882,70782927
-3859904,33281221 -4612921,03427849 -4029663,64147736
-3836702,36012866 -4521662,32615139 -4014948,32675739
-3822304,39948099 -4510696,72445439 -4003154,52043094
-3813912,59607466 -4524043,31840761 -3987229,09029156
-3810542,47293865 -4471081,45645287 -3977722,09395609
-3805299,69559065 -4500049,83666634 -3967485,14318577
-3799623,02101762 -4441421,61626145 -3954547,96188265
-3786210,89625509 -4404281,91756407 -3941807,88042588
-3771876,78652188 -4462836,37600311 -3930007,57037521
-3750678,64945847 -4374934,46929902 -3915745,44909882
-3748821,43869407 -4440151,43151964 -3903768,80559245
-3727315,83640109 -4385140,50415301 -3892116,03027136
-3712928,26258272 -4379368,46291741 -3878779,64412745
-3704896,49859745 -4406065,68093348 -3865800,49026824
-3691677,36541184 -4338175,51227071 -3852656,33841623
-3673239,86605494 -4363737,20718645 -3836250,13955967
-3661939,79152375 -4327862,74785253 -3821801,51671673
-3646880,55428603 -4297235,04272896 -3807741,13767494
-3629475,89034977 -4370555,87595727 -3793593,51039238
-3622072,7422811 -4270952,29923142 -3782931,56583579
-3610993,0043615 -4233024,58500679 -3774234,27038365
-3605680,31588834 -4297151,06377604 -3762505,17250303
-3594658,74080085 -4283206,64799331 -3748071,55612785
-3575537,78509112 -4286408,9387906 -3738533,84546168
-3569571,54044768 -4299981,58521765 -3724490,31563953
-3558720,70302546 -4276958,53151012 -3716332,1308004
-3541860,07345811 -4272731,28233795 -3704076,0469381
-3531672,12713048 -4333096,38750821 -3695131,72700782
-3514190,60137511 -4236656,31008521 -3682484,27522268
-3506033,44307505 -4180057,65736 -3670372,32967753
-3494715,02836375 -4212974,07927917 -3663385,56416171
-3478764,15406689 -4288027,69465467 -3648423,90554243
-3462040,50538298 -4148203,0239064 -3636403,54968725
-3452965,37390466 -4211189,60636197 -3622958,64987603
-3447975,81382935 -4177281,94617896 -3615925,43388499
-3426337,08540672 -4175180,6721975 -3603701,06315982
-3417897,08555094 -4097217,31625057 -3592557,44348083
-3408852,99601721 -4068452,58849172 -3582819,87206585
-3406705,00965945 -4093503,15453694 -3574648,41315977
-3386026,21628293 -4065443,1268624 -3564762,4983675
-3365430,57821432 -4092855,13351546 -3551334,79851044
-3362859,88128846 -4082088,1818687 -3546434,76062385
-3350871,51137142 -4072601,87064647 -3539106,02842344
-3344410,23721292 -4058110,70291453 -3525607,80567517
-3335712,38365626 -4151569,88200164 -3519294,36319493
-3329269,96161821 -4107656,91683579 -3511304,30920383
-3326479,9604873 -4063086,66357219 -3501354,46444776
-3321310,24951438 -4008049,04317853 -3495189,74384906
-3319111,43730965 -4047587,46038664 -3485314,57395593
-3307718,22809443 -4143079,26334632 -3474487,84663927
-3281604,75267283 -4064680,87837408 -3460672,06539407
-3281604,75267283 -3943052,70548914 -3452049,85118777
-3270429,93556794 -3948448,91739337 -3444535,89791884
-3270429,93556794 -3944259,63943325 -3435356,62270974
-3264090,59813998 -3977216,39412354 -3422901,97697116
-3256546,88611704 -4021780,0613714 -3410911,29201061
-3250207,54868908 -3908077,94598018 -3402903,80189652
-3233467,52443407 -3890351,22143648 -3392654,08813739
-3232838,90674821 -3889491,75545768 -3383042,96456719
-3211416,49452349 -3867271,82524707 -3375214,62462326
-3190130,9883447 -3970950,31124828 -3365344,84351884
-3176663,02225021 -3981774,41845094 -3353607,88562694
-3166261,31312829 -3855587,1594866 -3344094,66363443
-3151153,27622685 -3798338,1235651 -3333404,60223673
-3144705,50082217 -3758136,60839166 -3327417,96658377
-3138496,30852406 -3869208,40793574 -3319163,65278892
-3124583,18496399 -3763473,29763612 -3310940,6869372
-3107498,08071075 -3794410,37690808 -3303263,70576288
-3103573,84883588 -3749165,72084646 -3291941,4075621
-3085788,73366309 -3788186,40533902 -3282788,92526933
-3069493,46954137 -3809978,97706702 -3276191,09284055
-3069493,46954137 -3786838,52828022 -3266549,76158592
-3058893,60905903 -3810185,83351587 -3258225,33147971
-3044687,98877609 -3776741,25059565 -3251038,35353136
-3025231,73970774 -3795337,80349785 -3239929,92920051
-3017344,83058965 -3860723,50819119 -3230875,08614522
-2995958,65327984 -3807419,14889503 -3221367,86126205
-2995958,65327984 -3821378,74217356 -3212622,87199989
-2991231,40421905 -3742184,74766932 -3201923,64739767
-2991231,40421905 -3658745,40076653 -3196960,66470408
-2989688,26998913 -3724589,71945571 -3191353,00938383
-2976731,65778771 -3821256,0205513 -3184965,63955407
-2964346,53002664 -3690982,40883435 -3177400,49220882
-2962484,20386346 -3664020,49451555 -3170715,4004142
-2955363,08834847 -3749239,91423288 -3162251,39566634
-2935326,03395596 -3611587,92241461 -3154365,46546429
-2935326,03395596 -3648091,89779295 -3144802,19730035
-2923018,28480035 -3638151,63945192 -3140226,75427769
-2908441,15976355 -3683154,61796068 -3129449,63190442
-2892153,1322902 -3622189,96396698 -3121997,79084257
-2889278,76171385 -3570988,9199774 -3113644,29524507
-2874501,19246555 -3589572,26947892 -3105916,73002176
-2866258,73526094 -3565361,63166408 -3099103,40307703
-2850987,711519 -3584628,98006169 -3089758,22896228
-2841520,04311471 -3662764,66602397 -3081028,55605364
-2834801,21228436 -3547740,77383908 -3073354,27165228
-2820672,58149442 -3575671,03160176 -3062458,56253158
-2811208,80919981 -3571352,4121184 -3056575,34956425
-2793357,61285913 -3596981,21917133 -3047361,08423481
-2780354,06568785 -3567159,47731455 -3034813,47347259
-2775703,38668438 -3565076,92543889 -3029125,40835765
-2767510,0889034 -3492948,34123516 -3021767,6332622
-2761939,39134742 -3471383,65285219 -3016206,35997936
-2756399,98670922 -3492657,48361013 -3007504,52131381
-2751574,71270164 -3476926,30208859 -3001679,49717047
-2746203,65832509 -3561578,30569114 -2994246,43240036
-2742295,50983128 -3514971,20449353 -2987944,53091145
-2733907,17713376 -3501365,147698 -2981130,17149901
-2724303,77594466 -3439449,39729195 -2974513,4917337
-2718850,94513796 -3430039,7978215 -2966856,10628646
-2714307,45080872 -3523536,25400801 -2960662,5979298
-2706484,80230926 -3457721,38461045 -2952830,66356541
-2701596,64895145 -3508551,68949653 -2945861,75733244
-2696693,32025354 -3424513,76120614 -2939890,71869003
-2692755,97690331 -3436838,9520585 -2927101,80914494
-2682832,20428768 -3455369,89576709 -2921802,24160553
-2675088,4457096 -3421556,59080816 -2915201,64526943
-2670236,00025926 -3429838,47739444 -2906727,78507984
-2654414,97462588 -3410828,05096108 -2898285,87994965
-2646048,15344677 -3403490,33263884 -2888844,69533144
-2638807,01871968 -3378813,07199509 -2879492,72672109
-2637590,39720843 -3340496,80530564 -2872985,26406663
-2632082,51609965 -3354293,7827068 -2866157,87230062
-2627426,24150732 -3361163,23106896 -2858820,41411876
-2617981,31577389 -3304273,39127595 -2849425,7726487
-2609947,66463534 -3240425,81320508 -2841045,85886646
-2602017,35459534 -3262616,08749045 -2835445,19029086
-2580856,25703945 -3289711,86510088 -2826984,40370705
-2580856,25703945 -3374105,87396261 -2821078,03907098
-2567856,52700714 -3362317,41860416 -2814341,17450852
-2567856,52700714 -3424180,3580578 -2810496,98719467
-2566004,91055755 -3427199,39798584 -2804210,50811472
-2564492,9966538 -3423014,44288952 -2797213,99224278
-2560478,26562605 -3313341,05370784 -2789450,19739709
-2558626,64917646 -3386672,27169376 -2784241,3535362
-2553603,4038218 -3335321,67186284 -2776612,81891251
-2551532,42649453 -3490313,20692237 -2769797,68333221
-2547799,32803577 -3329089,63054396 -2763251,54110965
-2545416,77354808 -3372674,70967903 -2757472,07283888
-2532688,43577014 -3312225,78406684 -2751884,32351806
-2532487,79121005 -3203585,91664409 -2744016,9603004
-2525962,54654896 -3223550,37039372 -2735881,19763663
-2521778,51147678 -3301486,69258996 -2727302,66207192
-2509852,2944028 -3305159,34611742 -2721364,70772574
-2509852,2944028 -3285053,16403321 -2715333,21985355
-2496840,78020391 -3264882,70240305 -2706702,0549072
-2496840,78020391 -3186373,30661355 -2700751,49136856
-2490596,41369503 -3155605,77087081 -2692669,30266635
-2490596,41369503 -3210426,75971167 -2688224,78981524
-2481496,35290776 -3147433,24958008 -2682837,86194629
-2476834,4769108 -3125618,41038276 -2676174,68494513
-2474550,562239 -3113755,67449611 -2667484,14139416
-2465446,47097568 -3111142,95421994 -2662063,02765307
-2463427,49716442 -3115145,47270903 -2656586,17620798
99851,3010903508
