-28584,0819147914 -85618,5356689916 -30373,8816687073
-23138,1598422269 -79807,1444575862 -25522,1726846946
-23138,1598422269 -79881,9678301964 -24585,7937119023
-23138,1598422269 -80079,9465556958 -24358,3935307712
-22505,8560511515 -74452,3218511982 -23780,185942298
-23060,3807678 -76243,4121998642 -23684,7495893854
-21498,4340790252 -75881,4807735407 -23225,1365720685
-21156,6914899291 -74175,2572858567 -22809,3127504934
-20613,6783575582 -74131,8575344276 -22302,6290433479
-19781,8403126503 -71795,4866882653 -21609,2969160866
-19781,8403126503 -68230,9393833967 -20946,447682394
-18251,2340536616 -71328,2870080899 -20428,7965836301
-17404,9109103707 -73893,087437614 -19849,3104566715
-16736,075181131 -64202,648688814 -19362,6734221357
-16736,075181131 -63441,4939451723 -18771,9893224861
-15764,0387904912 -57148,7389786273 -18049,8649657911
-14945,6312506397 -60979,180564328 -17370,4160622308
-14439,735668663 -62677,099868026 -16780,9996784511
-14554,4242899526 -57581,0969281437 -16306,6148846193
-13652,2089641988 -57243,2255101389 -15909,5950097046
-13525,1789460804 -58201,7732253868 -15489,9829200018
-12800,1166389635 -52376,4071922216 -15093,3199410935
-12647,9045709216 -57748,2721348602 -14689,9454204671
-12647,9045709216 -49471,4193385622 -14339,2130845751
-12182,633653023 -46353,4526037212 -13951,5872879113
-12002,1201293721 -46671,3184432945 -13622,6772427848
-11067,9565872895 -45146,7485422113 -13117,287748403
-11067,9565872895 -51167,4501398529 -12767,8387051569
-11067,9565872895 -57492,0401246458 -12445,9066448568
-11050,141701222 -43208,9005252995 -12342,1053276633
-10593,4077254853 -44621,9965881817 -12053,7971128539
-9574,34307159805 -41876,8611773219 -11647,1359014746
-9566,07933426419 -45533,6700621107 -11475,2554890002
-9423,18644556219 -38668,2012034311 -11348,4799932372
-9017,23526216799 -38709,9352393117 -11025,226878161
-8855,47483336981 -36268,7153090687 -10770,9383623003
-8855,47483336981 -46553,9978015487 -10646,5418915745
-8430,93551182461 -45188,0247805779 -10300,6119958519
-8182,6843858569 -40930,1784787991 -10112,350095723
-8182,6843858569 -39499,6767882446 -10037,5431783843
-8105,75571465607 -37368,7736504617 -9684,73276993272
-7944,97156020328 -38488,2190642353 -9619,76856901535
-7807,15221641997 -42094,3514472637 -9463,53783502915
-7658,56111835871 -39016,167337054 -9316,36257577985
-7494,32784454179 -35684,0831737186 -9175,36607971967
-7230,07812607417 -35719,0396977756 -8974,13038668326
-7070,29275596297 -35799,116845698 -8785,11324012396
-6771,25519086888 -36579,2961476351 -8508,33275623232
-6712,16332178828 -38467,3377289751 -8426,90371313237
-6676,13826678046 -31449,7206168255 -8260,00253679238
-6378,04343764717 -33460,7694228056 -8152,48899163231
-6351,31680326008 -33390,835556056 -7976,7530501746
-6259,97564256074 -37192,31983098 -7831,6811672923
-6190,24207811689 -34325,4919986221 -7739,35395590107
-6135,29658886025 -33215,9063940128 -7629,81748728927
-6014,34501266666 -30578,4125937945 -7524,80513840334
-5879,65850355903 -31839,7933730196 -7360,30549877767
-5739,97723140644 -37779,0383136965 -7257,4373862692
-5724,00723737824 -33218,8088884126 -7202,93305430793
-5613,17429719542 -33175,3536964115 -7090,28236303547
-5613,17429719542 -35353,1194645472 -7045,54702785819
-5552,1420131857 -31528,8726368189 -6929,01331050847
-5457,90767875959 -36535,7100180423 -6815,06049058533
-5394,79760658364 -33733,1360598116 -6757,00571754382
-5354,90969718291 -35561,8086495288 -6607,3846966084
-5327,18563273158 -38124,1320050209 -6582,56216246711
-5327,18563273158 -33477,1912830255 -6493,80777622235
-5327,18563273158 -35577,5320451888 -6376,43459928917
-5264,07556055564 -30601,7231519606 -6309,77852094081
-5224,18765115491 -32126,3227144892 -6267,82977158044
-5216,94138288772 -36864,131916784 -6206,32420470598
-5216,94138288772 -27772,9934085257 -6095,89126515714
-5216,94138288772 -32111,7381527668 -6046,19156776198
-5088,0135071551 -28460,1373958714 -5980,9846536462
-5088,0135071551 -35176,9726441975 -5942,36360629659
-5088,0135071551 -30215,3045974209 -5862,11935160165
-5088,0135071551 -37881,879282686 -5809,74460672358
-5088,0135071551 -29046,6884196513 -5751,9469131236
-5050,37347970019 -36894,681034002 -5739,15708626588
-5050,37347970019 -28306,2286648741 -5681,26774917742
-4959,76033974453 -28235,3572715477 -5638,94974902274
-4959,76033974453 -36390,6094757676 -5602,71911141804
-4959,76033974453 -29415,8151464825 -5558,74065305834
-4923,7242246451 -29017,7441526512 -5518,82019894747
-4923,41470660618 -28752,2624981388 -5455,76898932941
-4724,97731671496 -27879,0888129902 -5382,98321895234
-4724,97731671496 -26533,1337182414 -5331,56970603984
-4718,05888898547 -28684,1159137611 -5312,26024939485
-4627,29094386195 -24398,2629814177 -5263,6285295143
-4627,29094386195 -28485,47361492 -5256,16884405068
-4601,80280334492 -26102,7849258688 -5214,56772891102
-4601,80280334492 -26102,7849258688 -5187,91429340485
-4594,88437561542 -26180,1811384809 -5187,62206441908
-4594,88437561542 -28645,6605024798 -5174,87559746159
-4594,88437561542 -26998,4490827893 -5154,67137784975
-4586,41621319858 -29218,8262124708 -5131,1044664905
-4586,41621319858 -27516,5387497019 -5124,08886679125
-4505,11753259474 -25664,3737026293 -5092,73052198357
-4505,11753259474 -23713,0704628243 -5070,85060214523
-4505,11753259474 -26656,5418164986 -5064,89185283783
450,949955724648
