-17357825,1853034 -20697355,2149248 -17583933,2613939
-17024445,7271263 -19565561,957502 -17117444,4695262
-16409931,8833326 -19262826,0286091 -16629640,4198638
-16151520,0690402 -19008469,0852364 -16317140,1749095
-15729139,5982228 -18750232,954835 -15963991,4030167
-15370378,2306925 -18349591,7759828 -15648875,758107
-14851967,6256838 -17938623,967239 -15360812,5470919
-14616448,0911256 -17589730,634902 -15029707,1293492
-14433837,399869 -17208777,6646257 -14809418,3387749
-14163426,4362904 -17084798,2203239 -14516180,3839233
-13949186,7249917 -16788021,9102222 -14371608,9371523
-13696828,6000127 -16658217,0011588 -14133287,6380303
-13422164,8816295 -16197043,6138718 -13935284,7020856
-13190339,5221817 -16168421,7858641 -13698908,7050198
-13076905,8185057 -15774562,8858839 -13518986,9898327
-12970827,9998021 -15393303,5455439 -13276649,9406799
-12749478,224835 -15319781,3089233 -13100010,5949379
-12528891,825314 -14964077,4332442 -12884829,6175486
-12463201,0451653 -14702527,0293221 -12729629,3111081
-12280012,3001197 -14485369,5360669 -12539961,0045834
-12089100,1575662 -14281066,1137738 -12380565,5931913
-12038942,0744609 -14109901,8486591 -12244097,4773241
-11823229,3722302 -13546534,479414 -12037741,7624611
-11635429,6603014 -13345827,5014811 -11884500,0356179
-11540869,2027929 -13281142,0618165 -11750313,1552088
-11396688,1537918 -13137559,0183682 -11603502,3205275
-11165095,3135326 -12986353,139927 -11436488,412946
-11046072,6858578 -13008477,1329589 -11311461,6091118
-10945821,2312376 -12859451,5733702 -11204853,1599116
-10813861,5895 -12575964,7881286 -11087713,1975576
-10695136,0957973 -12333842,1223211 -10979042,5491831
-10663882,5385921 -12195514,5182052 -10851319,6383589
-10524053,4018115 -12129396,8918751 -10711528,3725677
-10314860,1754255 -11992232,0461275 -10567289,4037624
-10260410,4976938 -11820395,3303293 -10461229,3276728
-10204874,3957752 -11766015,6100633 -10366973,1886598
-10145560,2029229 -11830087,2583858 -10278720,3783815
-10020249,7171808 -11533728,0539935 -10170604,674898
-9930871,89669053 -11415029,6247285 -10062839,5448008
-9825662,849149 -11179864,8379645 -9982606,36019012
-9711324,69840581 -11149015,7611026 -9867715,53655705
-9593444,01740992 -11019637,9786846 -9770073,22326499
-9462962,74943214 -10972599,2838715 -9643101,16802651
-9381576,83948822 -10914192,8626033 -9550576,58891039
-9215962,73269762 -10643334,4551244 -9452500,49887492
-9108864,82632616 -10608273,5271528 -9355358,98543846
-9002240,62435276 -10495081,6656668 -9234209,62608512
-8946817,57728422 -10301341,4495017 -9151561,08873128
-8831507,74386963 -10126358,501699 -9057010,02262188
-8768493,19354872 -10017815,8426836 -8984070,71384045
-8654570,04896248 -9851187,48912469 -8902553,5695602
-8594250,97252245 -9807657,90544924 -8801482,25224778
-8566037,59736111 -9726041,19851624 -8742501,64432068
-8436939,47188192 -9711388,69572548 -8657325,29030046
-8346513,3034097 -9610421,31286126 -8585662,66904991
-8270248,88222495 -9559310,35933253 -8499920,48605797
-8208061,8652007 -9477248,66243622 -8433605,16531069
-8151585,27532828 -9435821,15076548 -8368276,46915417
-8089078,20028216 -9287369,54178642 -8277583,06607468
-7976090,17333367 -9262881,4335346 -8212452,08326192
-7929433,97375408 -9234961,158666 -8145002,0591691
-7854718,080669 -8965901,72745214 -8066618,04140032
-7799904,03734774 -8945847,84690694 -8016605,45683045
-7710840,58328185 -8841979,43709453 -7921735,14027949
-7642915,24182062 -8764785,24567927 -7863101,20799567
-7580196,39818724 -8697419,51983861 -7789186,0216093
-7532809,14743399 -8629079,63072947 -7719625,62872671
-7485359,93067837 -8608668,90011106 -7654068,66289822
-7436659,8759288 -8569321,69741824 -7604885,67732445
-7366705,02182926 -8473809,99685749 -7552576,646505
-7313779,42847343 -8436265,93234295 -7487165,62020689
-7195393,33360331 -8283770,7099737 -7426242,93643456
-7152998,77786317 -8279522,78003993 -7376981,55804044
-7101735,39989609 -8274798,71296826 -7302827,64363702
-7033054,48505731 -8218576,03811676 -7267113,47291415
-6957782,81850412 -8179022,11352322 -7214463,93847915
-6916512,48297774 -8155381,02069789 -7160166,41890034
-6852966,81827594 -8012035,35003185 -7115413,56939817
-6802753,85603997 -7974926,04932923 -7063634,86208925
-6775370,74008717 -7939197,51734445 -7002305,33095776
-6724104,94975902 -7777404,34126402 -6953565,61633843
-6672998,62580946 -7713625,44390393 -6908845,49014092
-6621853,13094482 -7728567,61249027 -6861360,02311307
-6575561,64310278 -7760710,19999305 -6809065,59250857
-6528996,12454234 -7550207,33976125 -6754972,48058373
-6477428,37797968 -7621182,77862056 -6717689,06904417
-6432387,90999432 -7524046,00127167 -6659235,32883157
-6403566,57145515 -7437725,92672581 -6614609,05426982
-6357381,5664101 -7513360,06428016 -6572438,61201772
-6301366,6800131 -7502434,95593304 -6533747,47490568
-6259199,41511988 -7355551,78395898 -6484790,52112705
-6217588,54045447 -7350892,07042942 -6436780,06257185
-6151444,16983438 -7224382,44297342 -6388424,3749109
-6115872,68608312 -7216257,22215356 -6351740,14075869
-6081353,16007967 -7088015,16468908 -6306650,53779927
-6045835,39605608 -7022280,89399297 -6267245,30944141
-6023472,85316556 -7137373,80780075 -6221705,96387208
-5996116,25807956 -7038506,32427127 -6181324,35833237
-5946941,01386025 -6880322,72076248 -6131688,76993302
-5913307,13404047 -6854262,3750959 -6098127,59737469
-5896217,09010122 -6829368,69195612 -6060537,95640231
-5860286,23767498 -6699824,56270799 -6019152,54190299
-5829840,31507811 -6737902,6938136 -5976679,9310702
-5784724,40447749 -6653370,12208824 -5931750,07016761
-5760309,29057898 -6602796,36766134 -5894526,23738492
-5693653,83875888 -6609520,75912486 -5850367,99228438
-5646603,59195287 -6615391,36112848 -5804849,47909529
-5604403,00146853 -6672302,52248417 -5763431,76547256
-5558676,5149842 -6549032,95474723 -5723595,57471593
-5536146,16695877 -6502008,6175252 -5682250,9172043
-5471346,57288277 -6375845,53495501 -5648115,54361286
-5471346,57288277 -6338519,3143724 -5619257,44214711
-5432799,9909775 -6251623,91775408 -5576208,23256701
-5402038,19926925 -6268033,79886493 -5550836,48259176
-5370526,86180073 -6213769,20096158 -5513568,27931794
-5324967,85740494 -6269770,40626689 -5483909,21611006
-5311051,36180488 -6314586,28157793 -5448877,82918462
-5282691,384344 -6246435,1316632 -5418500,38300205
-5230680,37957921 -6264757,93300493 -5382010,6450946
-5202641,51976323 -6240167,74394849 -5352781,11340982
-5182286,07044913 -6137739,90534392 -5325805,65846121
-5171584,70314871 -6160156,33765078 -5302048,17398362
-5128995,79269389 -6098025,343997 -5266892,02390581
-5104324,70911579 -6118216,59036262 -5240982,66755975
-5086523,27840321 -6122545,45836678 -5213058,03282444
-5037541,23575833 -5964075,24878082 -5179816,22492609
-4998174,00111332 -5975740,00241211 -5146205,39256195
-4960089,69426555 -5928560,30582915 -5117515,23057404
-4895152,52886285 -5843558,11049082 -5082060,88875688
-4885351,15712839 -5829760,67613235 -5050555,71297199
-4843470,54012554 -5836477,39690905 -5021706,02699231
-4815152,4700012 -5790935,7113678 -4986243,73648548
-4785519,71473469 -5748330,41180409 -4963365,3637138
-4772081,55306793 -5718913,2784123 -4933037,41860768
-4749009,80211128 -5624340,15306495 -4904259,88338263
-4728471,03862958 -5594524,99703313 -4876940,0994754
-4699692,86435796 -5596534,22403253 -4849331,08015326
-4676279,54569678 -5564774,07282072 -4818789,79120264
-4657025,25296099 -5543984,41331257 -4796275,45656066
-4631443,03116225 -5546015,38395464 -4768951,68197474
-4577506,94257427 -5481846,6000099 -4738962,38132201
-4550799,1844665 -5565998,93733119 -4707788,85846915
-4520878,48332925 -5426561,02704795 -4683058,82321321
-4507626,46070629 -5336194,25691401 -4656432,05732259
-4465791,93304824 -5292938,83570916 -4629821,85896693
-4455833,24316079 -5254802,51922817 -4608649,31342605
-4414690,20226817 -5251495,45657353 -4580807,34780833
-4388872,57420503 -5297427,21185981 -4559783,83820469
-4361453,71870582 -5196338,795909 -4532377,63048371
-4313212,16906383 -5179904,48224023 -4504206,20833583
-4291630,16391971 -5183198,49885463 -4483109,0091159
-4270001,04520864 -5188302,18962817 -4457123,86201135
-4255760,36768081 -5281870,78803296 -4436397,8513351
-4226964,29132247 -5141588,4304061 -4411600,46993944
-4207325,62483192 -5114295,10487126 -4388425,03512447
-4180643,02384667 -5035977,52062561 -4353299,34861056
-4154468,42017009 -5010948,6447817 -4331008,59989761
-4118875,07307476 -4933718,06969917 -4303554,31790983
-4104759,41605407 -4935700,32091375 -4287221,09699035
-4059336,31587708 -4877733,91670378 -4263162,53871383
-4031770,67815071 -4910079,34593493 -4235957,07967312
-4000958,01285211 -4915789,81638682 -4214045,62471335
-3977561,29980808 -4864616,06823306 -4191334,06604726
-3956683,53251188 -4817463,54035649 -4169519,87867955
-3941345,05458148 -4843122,33008182 -4143945,33280546
-3916326,75195493 -4889955,42894129 -4121882,28716322
-3900988,27402453 -4791316,55635867 -4104313,89313934
-3850303,61324482 -4736602,56613006 -4080689,24679072
-3824618,88299128 -4690180,628954 -4059132,64100159
-3824618,88299128 -4695258,36010803 -4043379,23139434
-3807176,53698344 -4699996,2799888 -4020950,0774901
-3771884,00663377 -4635854,60446346 -3997915,89523477
-3765869,88466393 -4603154,24264671 -3981212,49160859
-3736611,01849226 -4532030,75793339 -3961088,48324578
-3723098,21031464 -4541473,44970235 -3943556,57088376
-3709448,93085201 -4564338,63188467 -3928666,15384496
-3700916,59306433 -4500626,35417887 -3909501,54237552
-3688973,93446513 -4503145,13214492 -3893270,39063705
-3670120,31885053 -4550250,71240482 -3870537,53810781
-3656678,48877181 -4490136,90387813 -3855573,23325518
-3643119,83277566 -4504359,30074205 -3833417,89566462
-3620152,68885855 -4507484,99769568 -3815739,28690449
-3606594,0328624 -4493130,55601971 -3793652,38337267
-3588063,37740198 -4476307,3440309 -3773869,9350991
-3573625,52803415 -4461483,91212141 -3752221,18078292
-3549953,839152 -4397304,36556727 -3735153,40899122
-3543447,54968346 -4293762,40884263 -3716889,07798708
-3513090,12190898 -4243867,55322572 -3692175,08527984
-3507338,32809102 -4296939,08498839 -3681410,32775181
-3476410,91124169 -4304743,01753833 -3664667,71028853
-3448493,21113022 -4212089,33507081 -3649567,96611315
-3431804,04406099 -4182874,74135916 -3631009,1311171
-3419057,54249436 -4259929,7318534 -3614124,40499245
-3403878,12134476 -4185059,20783704 -3595472,04596481
-3378464,06568755 -4109514,37528097 -3579251,97443096
-3351074,19750429 -4089276,44297381 -3561428,24845894
-3329640,89822761 -4078181,87854565 -3544866,15607054
-3315141,05455828 -4090795,36754485 -3531845,31833418
-3302589,30635928 -4093722,33928811 -3516869,70439752
-3285716,3269406 -4064088,27399637 -3495013,45220243
-3277705,12058116 -4046519,09482549 -3481321,13375275
-3265396,35096643 -3981252,05954448 -3466910,07138178
-3247359,95839784 -4020399,72515877 -3452288,10911646
-3236037,12545271 -4039074,74230915 -3438382,4390838
-3223479,73281755 -3916222,1175398 -3424058,01638302
-3211321,50514152 -3919211,93736148 -3408103,66848268
-3197439,1375056 -3973276,61534078 -3393356,04658317
-3181315,71218305 -3912064,21443386 -3380470,74173494
-3166703,97619356 -3916707,32519197 -3365974,07118717
-3147841,85374614 -3846458,84474378 -3349415,54013021
-3135215,3979737 -3861067,92563416 -3333952,00029129
-3132180,29641957 -3812123,06102613 -3319235,71011185
-3118055,19552825 -3787435,72215431 -3302533,12641108
-3108510,0035565 -3866984,4873041 -3286653,6819279
-3100813,76420858 -3894075,82135832 -3270734,80991175
-3084333,8908595 -3745781,06255291 -3254383,38888944
-3068849,33791453 -3741362,31786567 -3242434,5185247
-3052980,99333165 -3671483,11543937 -3230311,96774351
-3041727,53051854 -3705987,9707134 -3216609,81582559
-3024425,16833487 -3662155,26740906 -3202475,54346269
-3012950,29672568 -3785667,37453885 -3188485,21956218
-2994511,35335193 -3685124,09121944 -3173478,52548733
-2979228,40248384 -3693459,99692052 -3160128,81271235
-2968199,05693443 -3700477,81634155 -3147027,12386712
-2955861,19083245 -3671447,23190315 -3135590,8361703
-2941494,74953299 -3735138,14646402 -3122727,29909027
-2931524,31710751 -3647377,87681481 -3110847,62455622
-2923701,34985255 -3635135,56375751 -3097012,18356705
-2911274,3460399 -3573235,86795511 -3086292,00787554
-2901801,52119445 -3544777,08570921 -3070287,22238477
-2886088,20118903 -3570892,35290679 -3058964,44892444
-2875540,892949 -3538971,57837408 -3042274,72059239
-2872581,63961482 -3543467,91709754 -3032379,80751754
-2859904,32183993 -3476144,22845993 -3017034,49186294
-2850658,82814191 -3518896,00070643 -3003817,23750281
-2842398,83402008 -3452933,12071334 -2988948,98025926
-2837130,66227871 -3479169,7772391 -2976385,8695685
-2824561,74168824 -3479874,23508792 -2962835,36665028
-2821712,35989633 -3493606,95211858 -2951280,4285182
-2812362,4282003 -3468062,77767947 -2942365,64930694
-2806890,75743061 -3454870,15605688 -2929763,49554067
-2797041,96197857 -3444145,93056278 -2916242,99771671
-2786789,0071404 -3421436,50766873 -2903922,51740751
-2782342,40210247 -3461751,52531369 -2892829,10998775
-2763968,49895892 -3433807,77682659 -2878353,78759059
-2754714,20333603 -3317694,15560166 -2870127,53474507
-2743847,66672371 -3275949,59926484 -2858402,73037294
-2737531,77398599 -3329658,41989599 -2847702,83019343
-2707772,17579582 -3302803,33024768 -2834954,74364256
-2700274,15230774 -3320975,16619636 -2822421,31159905
-2684581,3337218 -3333020,88912269 -2810743,01655086
-2678950,05491478 -3279874,13311506 -2800516,52911209
-2670987,61403322 -3287726,32903844 -2787913,35185444
-2656441,36251394 -3326950,27825184 -2778933,29771639
-2656441,36251394 -3208648,35828012 -2769362,00303195
-2645809,25234408 -3195742,09767547 -2759834,74746276
-2637833,13564559 -3280000,49726866 -2748995,28902943
-2624977,60728606 -3210139,06694247 -2739700,98031562
-2618274,08808644 -3285226,0347021 -2729285,43887595
-2611840,0632489 -3242843,48894772 -2721928,26261797
-2601974,83484357 -3228064,92734638 -2708710,72787849
-2597245,38188455 -3181931,46110304 -2697655,13473802
-2585822,83497246 -3235330,47310228 -2689272,33033985
-2578848,18149924 -3244955,82992535 -2682263,97959102
-2559268,59309976 -3177645,98431843 -2670786,37199458
-2550736,62111979 -3155877,01491931 -2661321,71827104
-2536951,04875033 -3105888,75508376 -2651473,38658197
-2527810,37369612 -3086046,67514186 -2642541,04420551
-2518914,0399568 -3118548,70048549 -2633124,20828341
-2508885,30420811 -3151067,13503826 -2623465,97318268
-2497914,48933299 -3190158,28604029 -2613754,2391171
-2481893,43854653 -3060790,68400761 -2604295,06141234
-2471679,32180422 -3170564,55322168 -2595202,57076421
-2458009,25300714 -3078818,49547043 -2585386,79052096
-2446160,61184359 -3090053,14537114 -2574452,24919548
-2440175,04425345 -3094759,35334838 -2566067,5808986
-2432911,25932891 -3096323,76860149 -2556048,81821698
-2426391,86557013 -3037738,83818324 -2546834,28390853
-2419614,43933157 -3007013,1359982 -2535377,96641343
-2414201,56887508 -2960264,18311199 -2525932,29705867
-2406237,29109434 -3061046,01663171 -2517313,18766732
-2397044,8459271 -2963543,21123204 -2506851,95984927
-2390935,6315964 -2900149,11814364 -2500475,70103219
-2385448,4490401 -2946400,13082332 -2491723,51469489
-2378281,06080583 -2962848,26528115 -2485336,32689099
-2363794,3198141 -2964681,46835743 -2476311,35595926
-2359054,93092971 -2947709,58829784 -2465464,16373105
-2350336,74285132 -2931781,84859624 -2458857,41544497
-2344725,05591528 -2996773,81453944 -2449328,08063022
-2339684,63147326 -2909907,41375242 -2444070,13116335
-2332337,67910321 -2922639,39096967 -2436138,19886833
-2327297,2546612 -2867265,12757854 -2430968,34710638
-2324267,5532605 -2853198,54414879 -2422688,65898188
-2314818,65925106 -2906403,36835079 -2417594,62772139
-2307618,36277443 -2967610,89499365 -2410891,11910026
-2292201,90635725 -2926699,74116122 -2402293,4081827
-2285259,46615567 -2847451,97089253 -2396492,148488
-2279365,98984598 -2908264,32091367 -2386750,7610571
-2264716,65852936 -2961201,40090195 -2377282,23097586
-2252837,14626274 -2897990,16592339 -2369203,09307352
-2243359,07398629 -2930983,43113182 -2360629,17037988
-2234676,22167167 -2888482,03938595 -2351876,45031467
-2231310,75789875 -2867324,55055058 -2342899,55029243
-2230407,50299722 -2740812,62404745 -2335994,62421116
-2223467,27523129 -2758610,58804315 -2328247,36286637
-2222263,82229677 -2751054,51367227 -2322839,64150508
-2214862,77380427 -2767449,19875637 -2316512,0564487
-2205014,04098109 -2740298,7980986 -2310405,74611191
-2198699,42633964 -2734514,78521877 -2303775,85415608
-2191978,95388853 -2806797,73732779 -2297176,75026527
-2185401,42027418 -2793687,36757687 -2289257,20008285
-2176436,86854252 -2727033,18708341 -2282644,22135712
-2172980,27206927 -2720620,49440159 -2275246,94312539
-2163005,48506152 -2679952,50038111 -2269230,56830888
-2157614,58988083 -2726366,28091016 -2260768,73209225
-2152433,16227051 -2731470,18609599 -2254742,48451992
-2142408,51401065 -2674098,75684097 -2248465,4347983
-2140885,87624366 -2714159,01501661 -2243253,94388254
-2133774,15754545 -2691469,9822146 -2237250,21159986
-2130066,24701073 -2729344,14461812 -2231061,14714092
-2119987,5606116 -2708100,23664621 -2225330,49318737
-2117440,86215371 -2678214,45108251 -2218410,39183515
-2110494,00785021 -2675892,13087492 -2210806,44915329
-2107698,90682525 -2820785,63479595 -2203325,13159369
-2101768,80446782 -2729624,07107777 -2195982,01573605
-2083316,54424611 -2631154,30952146 -2186219,21052661
-2083316,54424611 -2675849,87258005 -2179070,83826134
-2076380,47089622 -2705575,81944326 -2169701,20280888
-2071976,51838817 -2630535,49768604 -2163577,81356683
-2059705,72180383 -2637394,70571412 -2157600,69147668
-2050353,43805512 -2630366,83962894 -2150894,77269971
-2048626,80923442 -2635788,89409592 -2144109,58324508
-2042780,0736807 -2594793,64377112 -2138249,02351001
-2038526,79750676 -2704166,95916498 -2132752,1168031
-2034423,46281615 -2573064,36568031 -2126935,93196645
-2029145,07188843 -2567282,78373282 -2120838,33522381
-2022884,28863618 -2553682,01973898 -2115642,29627435
-2016458,90961813 -2471776,90806291 -2108257,11518531
-2010582,98174945 -2470193,9680496 -2100451,7238161
-2005638,70983945 -2636186,12253555 -2093980,92972257
-2000451,25803506 -2642562,87318991 -2089408,83840537
-1992734,37181379 -2507995,21546953 -2082982,09177472
-1986822,00121133 -2585489,39345219 -2079176,9388172
-1983112,81407344 -2556947,77417536 -2072582,65308033
-1977689,37785263 -2551815,2908668 -2067982,83207308
-1968800,04032135 -2517800,03727851 -2061032,14826778
-1960830,1950956 -2590583,52671012 -2055778,19945732
-1955279,44815702 -2574841,32548779 -2048328,93782986
-1945368,4945254 -2605662,01761269 -2042629,15102323
-1940380,16052357 -2478241,6767018 -2037874,7240037
-1937746,41410717 -2425976,06600716 -2033736,4992481
-1933746,41410717 -2454908,83441493 -2030103,80279326
-1926648,57917535 -2467420,19001209 -2025956,15214713
-1922648,57917535 -2451353,47271349 -2020755,63166817
-1919119,82007727 -2451831,34167141 -2015170,56887904
-1915502,97470299 -2468461,36611587 -2009879,39930989
-1912881,71579534 -2451622,85418277 -2005164,02048157
-1908381,13420429 -2430841,54121352 -1999698,3800039
-1905445,82904729 -2400934,32453592 -1993682,86513137
-1898541,3669181 -2417947,43837516 -1988899,23119055
-1895902,49158689 -2384686,30993439 -1982736,26476158
-1892027,81959534 -2388617,04549923 -1976941,46710765
-1888832,8598964 -2410743,84826019 -1972508,85905217
-1882784,18911117 -2447030,67359078 -1964456,27614341
-1878556,50299141 -2405802,19931488 -1959401,87967761
-1872817,51570433 -2442286,9226089 -1952991,50986803
-1871100,61730902 -2470155,08085787 -1947986,4385171
-1862708,82826005 -2366237,23368452 -1943450,1256301
-1862313,95020495 -2344286,75182952 -1938427,32919361
-1858576,59646456 -2347336,34832029 -1931864,83691515
-1857513,80757214 -2409533,08822581 -1927253,19349139
-1854611,80797648 -2405237,15255416 -1922683,34502417
-1845941,15309903 -2406752,90099707 -1914688,08459782
-1841721,38300494 -2313140,01893795 -1910590,87479577
-1838206,04024694 -2286550,50924642 -1906816,62736428
-1833142,44902621 -2272271,42844259 -1902985,93293376
-1828364,67728011 -2286161,47640467 -1898291,64067714
-1825151,61512785 -2379929,17608124 -1892007,56578591
-1820300,64747787 -2303299,86553634 -1887379,7510219
-1814571,38413062 -2393054,83654213 -1882570,2658049
-1808629,4506496 -2355918,51963079 -1877196,92814662
-1802586,98686757 -2338259,91740876 -1873311,72659118
-1797811,0708362 -2303317,48671563 -1869221,32549684
-1794195,4235519 -2224734,35648791 -1865048,12658883
-1788993,65353295 -2220702,21802068 -1859904,35036605
-1781613,66701828 -2224378,77280784 -1854769,67693638
-1778882,05253085 -2230498,58174872 -1851303,65057615
-1772049,62552041 -2271728,61187132 -1847009,00855317
-1764853,56091809 -2265868,57589439 -1842417,89524396
-1759700,83454231 -2247744,44589983 -1839186,08914194
-1757677,57292976 -2269820,36520476 -1836265,96293416
-1755290,28143822 -2271447,78776506 -1832346,10328101
-1755213,62678797 -2268463,69427948 -1828693,13338124
-1749897,51569305 -2288148,89616293 -1823789,00447544
-1747433,56955125 -2258050,45789216 -1820064,8094743
-1746565,30446288 -2257851,48128557 -1815949,09033841
-1744259,55697688 -2320773,5307246 -1812555,10521598
-1742530,18182098 -2359063,27100466 -1809423,76174996
-1738976,32427488 -2268740,68578311 -1807128,94140989
-1736256,42680389 -2324078,12344428 -1804093,68456845
-1732529,72404593 -2287430,42712518 -1799937,17582627
-1727857,53561296 -2191966,50410712 -1796576,22101555
-1724992,14587288 -2265521,89161163 -1792680,58418709
-1722860,82986295 -2161104,69815578 -1787020,81429175
-1718252,61354471 -2126932,87227557 -1782865,07840277
-1716429,31369314 -2210019,47318876 -1778940,79362645
-1710074,4335521 -2174584,91398144 -1775992,22805764
-1707877,0676299 -2131609,98206635 -1773238,88664834
-1705091,34697656 -2158266,48706958 -1769564,82231079
-1698383,54233748 -2153825,91563407 -1765180,47826196
-1694978,58021794 -2174635,71457556 -1760931,6776803
-1692395,53219265 -2160362,81007892 -1757658,54518186
-1689052,93218939 -2140473,97177102 -1754352,5183738
-1687309,43375587 -2207316,68563951 -1751742,72501795
-1684177,69303943 -2131163,84463326 -1746118,26796274
-1682885,52864312 -2164140,9176944 -1743057,7754998
-1679668,53807709 -2163282,2651032 -1739445,2340162
-1675176,8763407 -2143279,62735458 -1736080,34026896
-1672863,68952841 -2161195,67398917 -1732841,05018722
-1670152,29658383 -2201801,265311 -1729506,05951378
-1665746,41036288 -2140082,97532039 -1726443,48010788
-1662812,64361961 -2211102,65519972 -1723936,87138171
-1659468,87536598 -2143411,23828895 -1720875,57949502
-1657748,13105535 -2178567,66902993 -1718726,25213871
-1655160,06584322 -2101871,83002532 -1715697,67806826
-1648690,73574 -2168650,80158707 -1713154,12485057
-1647268,53278518 -2189623,36552509 -1710568,961822
-1641864,41204467 -2147673,30860977 -1706035,97372829
-1631321,61197966 -2119958,29597701 -1702900,51391907
-1628284,06577679 -2114140,91547393 -1699923,79719728
-1626838,43154578 -2116127,58422673 -1696963,96822759
-1623001,28676872 -2023410,3547122 -1693761,30824144
-1620494,54757566 -2122745,13326747 -1690981,10484483
-1616153,00186148 -2133130,16527387 -1688132,46187479
-1615022,30243488 -2124910,85536239 -1685289,31486142
-1612055,29620305 -2114124,80080773 -1681970,10092953
-1607244,99773876 -2144478,78061329 -1679735,24999573
-1606675,92446359 -2125901,59221052 -1677501,46316656
-1603708,91823176 -2044841,47792489 -1674624,23889316
-1600609,89871817 -2073750,54382919 -1670481,49076199
-1596957,43228756 -2024649,39368697 -1667248,5581685
-1595193,59292181 -2069847,17337362 -1664206,67259062
-1593644,32570391 -2114484,01538488 -1660534,81305874
-1589329,1582138 -2202765,74927138 -1657089,64254642
-1585101,06919706 -2109273,6856212 -1655369,22041539
-1577565,86504754 -2141005,3724273 -1652285,64818062
-1575597,966562 -2081793,76433134 -1650675,04621611
-1574224,44534058 -2100348,51422837 -1648504,16052413
-1572824,03177873 -2112238,91461916 -1645799,02946602
-1571573,61447081 -2119533,43294365 -1642788,7447297
-1569317,7085735 -2079006,24167113 -1639895,90092019
-1565786,03085211 -2094860,90649808 -1636665,96272432
-1562541,69345149 -2045043,72036189 -1634278,84514172
-1560285,78755417 -1969370,25774255 -1632450,9271268
-1558599,65388277 -2028115,19517916 -1630460,82907297
-1556998,28708918 -2027899,94719798 -1628818,04912907
-1556883,45189632 -2049631,26533133 -1626380,57239033
-1554240,37405688 -2036951,95253336 -1621676,2160135
-1554240,37405688 -2026510,45707515 -1619599,55692675
-1551831,49624846 -2030168,94670177 -1616693,24349242
-1549778,15277012 -2063081,28528422 -1614167,95427214
-1549213,95895545 -2011777,01879624 -1611509,56453264
-1547055,04177276 -2097605,34147933 -1608527,56177226
-1546885,99366761 -2027237,28676028 -1607197,50771022
-1543961,19551831 -2037040,61251724 -1603527,02615045
-1542613,41382133 -1996376,06469526 -1600458,10947869
-1541377,35374162 -2009367,85968539 -1598483,20749285
-1540136,62021041 -1990116,17262256 -1596717,59654083
-1540121,66662387 -2010722,85754863 -1594343,43455136
-1535426,83930303 -2023900,82747243 -1591544,88962478
-1534752,83204179 -2016558,39946815 -1588100,02847808
-1534389,92145344 -2042592,81170367 -1585257,14886061
-1531580,02221086 -2033412,32999856 -1581344,45016266
-1531217,11162252 -2005085,26496646 -1578696,00852895
-1529984,31637139 -1961777,39803863 -1575967,53151372
-1529074,99848549 -2010994,58346936 -1573859,76291976
-1528147,32690464 -2005231,6390365 -1571176,02370709
-1527277,77536943 -1985892,56049481 -1568909,32774951
-1525186,92584842 -2000561,66205797 -1566806,13131169
-1523332,30081603 -2014393,14477657 -1564519,15698486
-1519885,35797476 -2071180,21127031 -1561018,61560738
-1515725,84263312 -1961278,91103982 -1558820,67261336
-1512278,89979185 -2021719,77415672 -1556919,55217865
-1508971,55698357 -1967757,17138525 -1554630,1205569
-1505259,87495159 -2037614,00428518 -1552862,36028382
-1504086,4529625 -1982748,69612964 -1551190,82112938
-1501545,45948228 -1974521,3813792 -1548800,02796201
-1500372,03749319 -1937469,17963024 -1545973,59859616
-1499813,40599055 -1941289,86827549 -1543811,32478462
-1499037,89002837 -1958986,58280986 -1541640,09333223
-1495714,66389588 -1888435,13520376 -1539470,30123866
-1493446,05725975 -1974119,46200901 -1538215,70425516
-1490122,83112727 -1863730,74487235 -1536396,56727378
-1488079,76250297 -1907541,0899209 -1534618,74437301
-1485612,57246945 -1861254,91948516 -1532109,30584034
-1483648,86469855 -1979018,41206752 -1529868,64543686
-1483187,25231006 -1953641,04092 -1527522,0104244
-1470008,25937101 -1964010,09024347 -1525058,11502531
-1466164,0964044 -2034441,85638908 -1522428,16826654
-1463919,95640668 -1943367,12083683 -1520952,48743849
-1462911,85851907 -1989381,1305625 -1519365,14168573
-1462439,69516565 -1975130,61513062 -1516929,42143984
-1461623,33147046 -1984895,19010911 -1515365,46538028
-1458878,87864144 -1999850,67167316 -1513015,163576
-1458101,06851617 -1849338,82053177 -1510988,55827149
-1454003,92568444 -1930888,77684596 -1509537,41302625
-1450401,22074685 -1977903,81246247 -1507405,25376318
-1446598,00536696 -1984003,97920556 -1505134,79361394
-1443530,01314166 -2025481,85699116 -1502805,81610371
-1441277,82538466 -1899600,49979727 -1501064,15984242
-1436231,07936228 -1930951,29003332 -1499095,55297028
-1434514,92630045 -1878934,81160827 -1497238,11214566
-1434514,92630045 -1900678,08653835 -1495584,27242323
-1433186,18538603 -1934197,71131401 -1493550,63536201
-1428908,86995786 -1968365,32883093 -1490785,51632706
-1428908,86995786 -1954968,78691169 -1488374,31356537
-1425182,05793432 -1945574,25514261 -1486179,92871384
-1422289,35734529 -1975627,27446117 -1484239,96460521
-1418442,74560908 -1894406,39735963 -1482926,42728157
-1416859,83873542 -1881774,96197376 -1479655,1908924
-1415440,12014512 -1823933,69333405 -1477921,8270787
-1413510,280167 -1878013,97179221 -1475559,41161221
-1411224,72885694 -1894532,22257754 -1473261,96127978
-1408460,31130759 -1958975,82749109 -1471459,24163455
-1406290,36055621 -1879373,21717031 -1470010,92778347
-1405692,89721381 -1988108,30193308 -1468815,15869591
-1402959,96916394 -1840022,26982227 -1467323,14795576
-1399975,31228937 -1915963,52984698 -1464853,12107427
-1399226,51687263 -1838756,28623424 -1463347,49448949
-1398695,46554382 -1890244,59806326 -1461642,36089658
-1397946,67012708 -1800824,52749053 -1460242,08847333
-1396846,55352263 -1862236,74605853 -1458727,61749948
-1395903,81846101 -1884858,04416811 -1457105,14819859
-1393721,92631829 -1847636,24006888 -1455926,84723183
-1391807,95604687 -1898681,11500467 -1454575,25209913
-1390713,88891091 -1887864,39356804 -1453547,59327249
-1390215,6279626 -1950693,90837318 -1451981,27927906
-1389756,5420768 -1856712,04627992 -1450396,80198335
-1389756,5420768 -1851978,50740512 -1449091,86478017
-1389756,5420768 -1899769,25779126 -1447269,92863307
-1388781,97778517 -1879900,51153993 -1446077,17224743
-1388215,16081166 -1911734,69284782 -1444057,53580833
-1386249,458763 -1848635,35987026 -1442316,90969648
-1384847,68162516 -1822890,87194692 -1440535,89759912
-1382208,07749785 -1851295,2912554 -1439192,82071945
-1382129,29831115 -1818039,62880501 -1438195,60431036
-1380716,13856782 -1800821,8418068 -1436579,68280794
-1380619,84736604 -1828881,33301979 -1435009,55532937
-1379436,08170724 -1857140,73590272 -1433596,81792256
-1378744,79970852 -1854731,17142673 -1431965,38524196
-1378105,57549686 -1861597,02535485 -1430735,92427897
-1376355,38386771 -1852681,04352556 -1428760,76109647
-1375607,43701347 -1845130,31305549 -1427365,17604029
-1373857,24538432 -1783811,6364753 -1426218,03166865
-1372382,72726854 -1884617,49601547 -1424248,59575841
-1371781,97592105 -1874975,47706109 -1422236,19895186
-1370912,29797099 -1830556,35768764 -1420802,8070428
-1369096,55053065 -1851043,52112091 -1419556,39275116
-1367577,39458156 -1833594,92339108 -1418444,73570047
-1366143,13355783 -1907098,72872806 -1417090,38577155
-1365101,40922648 -1909812,32728323 -1416098,60722141
-1364625,25427399 -1891916,96075819 -1415328,44261869
-1363083,89721139 -1908089,82466332 -1413926,83145927
-1361914,32372615 -1818782,86967686 -1412889,97863639
-1361081,73561406 -1786310,92355769 -1412191,26249499
-1359414,32372615 -1821374,22806542 -1410040,93900015
-1358564,22359898 -1771840,38425302 -1409477,28777455
-1357963,47225148 -1857415,64136706 -1408098,51665202
-1357963,47225148 -1740043,51690566 -1407247,30321801
-1357173,72627336 -1847808,66309162 -1406360,20531917
-1356531,60046508 -1846272,07176971 -1405357,47937773
-1356531,60046508 -1847692,3021187 -1403413,88747616
-1355741,85448696 -1877256,64934657 -1400130,02780877
-1355741,85448696 -1819047,1522743 -1399637,1742681
-1354505,78650946 -1752741,62121098 -1398379,25788149
-1353741,85448696 -1851345,89007197 -1396673,8636088
-1352165,23225669 -1848810,79217112 -1395651,02566778
-1352099,14787607 -1821864,75000164 -1394823,48325994
-1349599,14787607 -1843377,5821458 -1393271,83011107
-1347556,6187209 -1778646,9349734 -1392194,79117868
-1347556,6187209 -1722692,05180965 -1390015,44520732
-1346718,89638107 -1768033,96268928 -1388574,65195687
-1346470,85670096 -1823473,12702404 -1388068,61199522
-1343915,83499533 -1845932,46335318 -1387257,12987245
-1343567,6376174 -1818093,70754557 -1383709,36645551
-1339453,30347298 -1749425,02483045 -1382748,05615848
-1335339,8422152 -1712166,36558575 -1381053,02985129
-1332501,50522089 -1706837,98161046 -1379700,72261225
-1332493,85546176 -1789069,18420155 -1378333,311388
-1332307,64580317 -1769553,34816203 -1376800,16469248
-1331342,48639545 -1680563,8523991 -1375672,56960557
-1331145,368143 -1655519,69766977 -1374584,23660449
-1329761,82801233 -1663760,65016336 -1373128,13045513
-1328599,55035216 -1667744,01936728 -1371977,9164131
-1327414,62189533 -1705875,10981334 -1370207,78860427
-1326239,91453766 -1707948,95085662 -1368616,23242926
-1324570,87302564 -1741400,57284389 -1366991,37429244
-1322211,23721114 -1733110,60585037 -1365761,05997176
-1320727,34071993 -1851061,12531407 -1364544,89013771
-1317883,59185025 -1778478,25849644 -1363091,20031418
-1315622,71208975 -1659443,64871533 -1362102,45570506
-1313683,20456624 -1721106,97526364 -1359963,31503422
-1306377,94880742 -1734382,27200309 -1358090,51428147
-1302457,97617887 -1773416,79624737 -1355781,82120535
-1299863,14017032 -1787981,41138805 -1354517,49761836
-1298557,85751915 -1732617,62879595 -1353692,45383003
-1298557,85751915 -1713754,58994687 -1353083,54119826
-1297863,14017032 -1704992,20121392 -1352369,71729232
-1296557,85751915 -1712461,01734701 -1351206,93682348
-1295976,71868907 -1699819,5124584 -1350642,32480816
-1295892,19463649 -1653008,23321595 -1349469,09311372
-1294673,94305133 -1680024,87413927 -1348550,80301716
-1294673,94305133 -1709742,76381072 -1347909,83742488
-1287592,34682201 -1765485,3547773 -1346427,26120671
-1287592,34682201 -1771224,82573531 -1345905,20698855
-1287556,2929638 -1621644,67903112 -1345395,08719027
-1285887,89927043 -1665336,66587807 -1344706,78686962
-1283796,32159781 -1684862,16908257 -1343129,93609924
-1282127,92790445 -1662637,8004109 -1342210,26162926
-1278673,86114267 -1785397,92908257 -1341229,60760586
-1278673,86114267 -1688132,18870917 -1340291,22094748
-1278673,86114267 -1631709,80044328 -1339165,6835514
-1278604,44142735 -1693366,77893955 -1338303,44774739
-1278604,44142735 -1800238,19522824 -1337723,3873018
-1274157,8809993 -1715439,07374758 -1336615,84830166
-1273515,9089832 -1751955,25826883 -1334964,30606001
-1273098,64465286 -1812110,06517042 -1334065,93727015
-1272456,67263676 -1769262,36757637 -1333326,35157265
-1271663,4798339 -1687193,21879588 -1332659,84567947
-1271610,40798789 -1704040,74926909 -1331377,44539459
-1271000,50502984 -1682926,21026045 -1330078,60255447
-1270710,45587493 -1703365,80094106 -1329451,29975982
-1269880,06853059 -1701864,34454228 -1328610,78131319
-1269345,92527299 -1697907,82751882 -1327649,3245749
-1269210,78836953 -1633795,74185589 -1326802,47277575
-1268976,31640385 -1659310,40884985 -1325870,93828052
-1266426,30751634 -1692507,50467768 -1324947,95596073
-1265904,28363712 -1641111,45832148 -1323855,07602827
-1265132,14665537 -1647906,11797889 -1323424,52042065
-1264755,98182782 -1740444,45017763 -1322187,88224639
-1263836,34485477 -1769604,92544737 -1321263,58207886
-1263836,34485477 -1786648,22728032 -1320220,26083723
-1262131,89730319 -1769636,26691132 -1318379,41689568
-1262131,89730319 -1778105,02406362 -1317343,83639036
-1259931,0201777 -1769853,16060847 -1316373,97487541
-1258252,57249922 -1788233,2893314 -1315206,6586101
-1257217,03460973 -1756166,02674244 -1314272,42239227
-1257019,88150635 -1772896,24044785 -1312941,14046066
-1255984,34361687 -1702591,84769157 -1312338,67338103
-1255924,77727128 -1728406,29980289 -1311330,70433124
-1255924,77727128 -1686148,15019393 -1310907,05521622
-1255924,77727128 -1656669,50739088 -1309996,12917298
-1255924,77727128 -1740350,33378342 -1309178,43671411
-1253751,78088499 -1792295,10699021 -1308060,91046332
-1253751,78088499 -1592655,97913843 -1307080,58843339
-1253751,78088499 -1717647,12552176 -1306284,76504294
-1253751,78088499 -1754888,94871764 -1305779,57867217
-1253273,05056737 -1707159,81149293 -1305119,63100055
-1252606,8394513 -1722006,71528027 -1303974,57272133
-1252128,10913368 -1711992,61538633 -1303473,69343076
-1252128,10913368 -1633472,17529048 -1302073,88655504
-1251887,26806845 -1593182,90575103 -1301409,38334255
-1251887,26806845 -1639708,64813367 -1301093,85877492
-1251757,09854887 -1591080,49824873 -1300710,56911771
-1250919,35307361 -1663192,27367735 -1300210,80178579
-1248977,4798855 -1676981,0846141 -1299663,94876633
-1248620,61993731 -1690536,32332098 -1299150,96307983
-1246603,77563435 -1708564,06711841 -1298646,53207664
-1245635,86063951 -1720985,65975733 -1297013,57216218
-1243433,78105481 -1687311,456715 -1296581,14044262
-1243433,78105481 -1720520,96730914 -1295641,64873113
-1243433,78105481 -1682841,62410798 -1294703,78786104
-1243433,78105481 -1689505,76814328 -1294162,21105138
-1243433,78105481 -1658965,974759 -1293362,22501872
-1243433,78105481 -1651852,77032138 -1292492,04356346
-1243433,78105481 -1739447,32707237 -1291011,33380166
-1241183,3898937 -1738820,08641811 -1290548,3786407
-1241183,3898937 -1596879,33245469 -1289976,00258095
-1241183,3898937 -1631142,5499738 -1289535,1743785
-1241183,3898937 -1705341,51589866 -1289283,32289351
-1239464,35940256 -1673504,92499165 -1288423,62082553
-1239464,35940256 -1688593,54718088 -1287994,95712743
-1238811,30674038 -1715319,72543431 -1287545,204133
-1236478,12744754 -1654843,90166388 -1286887,09361313
-1235825,07478536 -1643252,26526981 -1286229,49949014
-1235064,67614066 -1697315,56957288 -1285657,04471657
-1235064,67614066 -1616553,41597443 -1284946,97381872
-1234420,89165091 -1739820,52883622 -1284620,35801348
-1234094,6628089 -1646940,96048986 -1284337,76885027
-1233235,23387309 -1680976,95758081 -1283818,83795043
-1232265,22054133 -1564855,99029275 -1283548,19967932
-1231297,30554648 -1672052,03838569 -1282864,03078161
-1229305,57840146 -1756476,99586434 -1282137,82708991
-1228974,06150861 -1707064,78413615 -1281888,22130672
-1228676,32162505 -1692764,65760561 -1280880,32796664
-1228344,8047322 -1553948,50601194 -1280523,68694097
-1228344,8047322 -1610335,6778815 -1279827,64875381
-1228344,8047322 -1724433,98520426 -1279259,14055091
-1228344,8047322 -1686747,5398344 -1279100,14045847
-1228344,8047322 -1702494,86096834 -1278310,59648
-1224158,62175559 -1588681,4174205 -1277427,26119087
-1224158,62175559 -1643434,40165745 -1276188,10248196
-1224158,62175559 -1564456,40803226 -1275856,21386276
-1223877,62580046 -1565529,29570005 -1275723,87393934
-1223877,62580046 -1562429,0616408 -1275333,76235372
-1223877,62580046 -1592033,86385273 -1274770,59888386
-1223877,62580046 -1606800,93606357 -1274537,14542133
-1223877,62580046 -1702507,06972178 -1274324,79808728
-1223877,62580046 -1672313,75411305 -1274089,75053529
-1223320,89941576 -1609587,2176648 -1273526,34880624
-1222715,34814029 -1628880,16921228 -1272934,25910081
-1221877,62580046 -1685803,79939216 -1272245,32410824
-1221877,62580046 -1549914,60497232 -1271872,73206541
-1221877,62580046 -1539801,72101 -1271160,17430294
-1221877,62580046 -1542655,19695624 -1270687,93886648
-1221877,62580046 -1532828,64984449 -1269689,02173804
-1221877,62580046 -1539199,33573235 -1269280,54375898
-1221529,42514271 -1594135,2602985 -1268795,03470538
-1220825,99396638 -1638929,78852491 -1268606,59086678
-1220477,79330863 -1540447,25382617 -1267946,41273461
-1220477,79330863 -1620018,10191537 -1267515,22632417
-1220477,79330863 -1724471,61344553 -1266588,3957036
-1217633,06083879 -1533396,64247328 -1265667,55282057
-1215872,24203317 -1533872,41854361 -1265207,39635789
-1215872,24203317 -1532743,32108621 -1264814,18545891
-1215872,24203317 -1536900,01915075 -1264206,27148203
-1215872,24203317 -1541240,19848415 -1263787,01529271
-1215775,95083138 -1568767,98882876 -1263227,79820833
-1215775,95083138 -1663767,97987958 -1262984,90132193
-1215775,95083138 -1640720,94894886 -1262830,67366064
-1215775,95083138 -1534458,1592433 -1262724,28359759
-1215775,95083138 -1529405,10624744 -1262224,72765649
-1215775,95083138 -1531362,79701466 -1261805,97535386
-1215775,95083138 -1530614,3750129 -1261091,66053038
-1213789,40254326 -1548226,8514146 -1260664,49395397
-1213789,40254326 -1619628,95975177 -1260472,31972651
-1213072,41197723 -1545623,6974436 -1259756,19907274
-1212675,3317349 -1530622,93096143 -1259581,68009738
-1211958,34116887 -1541905,99071101 -1259121,34972486
-1211611,57571836 -1695518,56755622 -1258318,36882664
-1211291,37532899 -1617476,05107538 -1258212,60198929
-1211171,79251896 -1621205,98731472 -1257844,60898372
-1209639,70751381 -1646425,67482767 -1257338,23737088
-1209319,50712444 -1606707,02345614 -1257221,78853215
-1209319,50712444 -1654069,53711519 -1256886,87143791
-1209319,50712444 -1662284,82807991 -1256096,73556649
-1209319,50712444 -1680962,87433838 -1256053,94960684
-1209319,50712444 -1734421,76080167 -1256053,94960684
-1209319,50712444 -1676058,87023313 -1255206,07498624
-1209319,50712444 -1622179,94892569 -1255061,02596192
-1208500,96484038 -1667072,66056784 -1254979,17173352
-1208500,96484038 -1725658,31244948 -1254834,26313209
-1207362,65792518 -1655597,11793104 -1254493,29140927
-1207362,65792518 -1520513,63752078 -1254294,44161166
-1206769,29697793 -1521829,93023902 -1253656,86614259
-1206769,29697793 -1537186,58985165 -1253521,10760449
-1205797,69032834 -1691260,64268722 -1252891,5065227
-1205797,69032834 -1562754,69588231 -1252474,26959521
-1205797,69032834 -1514537,21912413 -1252289,22669034
-1205797,69032834 -1509867,1434821 -1251880,55319804
-1205715,69753377 -1513278,68416681 -1251112,59353323
-1205715,69753377 -1510369,33907011 -1251032,14925347
-1205641,90721644 -1515053,30053472 -1250548,70073495
-1205641,90721644 -1519552,64523875 -1250294,20185143
-1205641,90721644 -1516536,95285255 -1249678,36532004
-1205641,90721644 -1512078,9498183 -1249664,58262814
-1205189,28539997 -1526561,43194494 -1249499,75930936
-1205189,28539997 -1516320,75163284 -1249309,56935263
-1205121,05823925 -1520135,18736791 -1248761,55472744
-1204632,55901527 -1517429,3483526 -1248712,70480505
-1204564,33185455 -1505202,06650991 -1248452,42783764
-1204564,33185455 -1514569,29875583 -1248175,21223568
-1204564,33185455 -1512396,10790932 -1248130,75793147
-1204564,33185455 -1517537,73669676 -1247863,45740678
-1204564,33185455 -1566614,0915722 -1247655,96305582
-1203751,38846955 -1575558,33067012 -1247514,84435322
-1203751,38846955 -1509211,58754669 -1247390,78731772
-1203751,38846955 -1514693,6301719 -1247300,66892744
-1203751,38846955 -1612774,36329294 -1247100,88133321
-1203751,38846955 -1531162,98592799 -1246835,25414231
-1203751,38846955 -1516235,61498347 -1246296,19567712
-1203751,38846955 -1511434,8932857 -1246037,26015682
-1201751,38846955 -1620422,26110737 -1245762,97489383
-1201751,38846955 -1632856,01001134 -1245462,67096065
-1200516,22263695 -1516270,75197913 -1244959,55281087
-1200516,22263695 -1590809,10036656 -1244959,55281087
-1200516,22263695 -1508920,73208697 -1243972,00392362
-1200516,22263695 -1513057,07463781 -1243796,82787949
-1200516,22263695 -1624216,9597548 -1243489,17148102
-1199119,62860911 -1618959,35697776 -1243187,13992838
-1199119,62860911 -1703368,29738039 -1242692,80721627
-1199119,62860911 -1640385,83618442 -1242543,84845299
-1198846,46823702 -1510104,82537389 -1242210,59878101
-1198846,46823702 -1515186,28603843 -1242166,81901735
-1198846,46823702 -1519914,42747411 -1241836,97495342
-1198811,15380234 -1520618,91994507 -1241646,8970889
-1198685,812174 -1617994,62195027 -1241409,95824207
-1179683,72767741 -1526999,96513181 -1238761,58908552
-1179523,07161439 -1570606,99576037 -1238699,93539731
-1179523,07161439 -1504796,69194301 -1238583,7076313
-1179523,07161439 -1562446,96153275 -1238477,42679244
-1179501,59519995 -1509057,84363878 -1238319,12960826
-1179501,59519995 -1517775,46072908 -1238258,57448071
-1178663,87286012 -1505559,54501486 -1238174,80224673
-1178663,87286012 -1513999,15559415 -1238165,17312655
-1178663,87286012 -1502414,02364872 -1238070,53857563
-1178663,87286012 -1516770,94931978 -1237900,17343542
-1178663,87286012 -1509552,95159843 -1237840,61699044
-1178663,87286012 -1504917,80325487 -1237395,00971269
-1178663,87286012 -1507925,83494675 -1236753,59925738
-1178663,87286012 -1556195,37844452 -1236658,14244199
-1176438,64305198 -1700800,54527724 -1236435,61946117
-1176438,64305198 -1698807,0988094 -1236350,74864763
-1175843,97402334 -1499425,60533824 -1236291,28174476
-1175699,66923053 -1512414,13391522 -1236160,71453521
-1174112,07265712 -1508958,351473 -1236001,95487787
-1174112,07265712 -1536437,61237364 -1235991,59667016
-1174112,07265712 -1575076,94977982 -1235696,17336456
-1174112,07265712 -1614234,06019999 -1235290,24453624
-1174112,07265712 -1597675,69185202 -1235087,55357213
-1174112,07265712 -1640100,58287859 -1233958,16490698
-1173378,07143276 -1639139,3857915 -1233518,45305039
-1173378,07143276 -1555876,42881019 -1233293,19782122
-1173378,07143276 -1634818,13299773 -1233258,81049785
-1173378,07143276 -1605395,34191663 -1232917,13391067
-1170607,26695452 -1625434,3020941 -1232390,787852
-1170607,26695452 -1611109,21205101 -1231941,76923586
-1170607,26695452 -1680694,0933416 -1231745,68056947
-1170607,26695452 -1684775,59750232 -1231537,88055816
-1170607,26695452 -1588543,63061076 -1231337,45563401
-1170607,26695452 -1610303,97192953 -1231337,45563401
-1169330,28544133 -1683188,75632389 -1230849,72768879
-1169330,28544133 -1532386,30350281 -1230739,80834635
-1169330,28544133 -1586411,24494097 -1230571,89242072
-1169330,28544133 -1551849,88901885 -1229837,05965263
-1169330,28544133 -1496557,50241122 -1229245,97068518
-1169330,28544133 -1583648,2209867 -1229122,39956646
-1169330,28544133 -1633905,66377714 -1228913,49125169
-1169330,28544133 -1623455,68314842 -1228740,904469
-1169330,28544133 -1507445,86053084 -1228715,02426492
-1169330,28544133 -1502751,80861764 -1228544,75420351
-1169330,28544133 -1503845,85463212 -1228499,16612161
-1169330,28544133 -1496629,25564814 -1228499,16612161
-1169330,28544133 -1506203,14198245 -1228499,16612161
-1169330,28544133 -1502674,49606909 -1228450,00708809
-1169330,28544133 -1501911,33642924 -1228450,00708809
-1169330,28544133 -1495246,61434252 -1228305,93072273
-1169330,28544133 -1626273,80983691 -1228305,1702715
-1169330,28544133 -1624771,8031676 -1228288,37055732
-1169330,28544133 -1597985,86087807 -1228137,81497424
-1169330,28544133 -1504301,24922899 -1228022,89308018
-1169330,28544133 -1500759,34215297 -1227997,17619758
-1169330,28544133 -1500024,30370863 -1227615,76830565
-1169330,28544133 -1501086,87822434 -1227608,73103693
-1169330,28544133 -1493499,31254589 -1227331,99716303
-1169330,28544133 -1501629,23195849 -1226865,08173358
-1169330,28544133 -1500454,47745487 -1226295,93286827
-1169330,28544133 -1511561,22104932 -1226295,93286827
-1169330,28544133 -1502605,91058389 -1225970,77736892
-1169330,28544133 -1498818,81580941 -1225970,77736892
-1169330,28544133 -1496511,90685206 -1225919,01379438
-1169330,28544133 -1501670,49648955 -1225443,55946968
-1169330,28544133 -1492708,0746728 -1225343,55946968
-1169330,28544133 -1507425,07812598 -1225343,55946968
-1169330,28544133 -1506420,56671668 -1225169,81895499
-1169330,28544133 -1505034,65377035 -1225169,81895499
-1168174,61740328 -1498765,13451379 -1224858,83747266
-1168174,61740328 -1496935,53583044 -1224726,86581198
-1167674,61740328 -1498044,95912338 -1224605,07162365
-1167674,61740328 -1505524,21862442 -1224592,81841339
-1167674,61740328 -1494174,37077131 -1224446,25192576
-1167674,61740328 -1493328,49455932 -1224402,58674732
-1167674,61740328 -1492892,42295687 -1224324,58040274
-1167674,61740328 -1506610,62496453 -1224025,70155882
-1167674,61740328 -1486048,82706028 -1224016,53646631
-1167674,61740328 -1497928,77710415 -1224016,53646631
-1167674,61740328 -1509618,42866137 -1223237,77009663
-1167674,61740328 -1504131,60588926 -1223043,90359442
-1167674,61740328 -1492872,05188732 -1222789,83750708
-1167209,13707189 -1493171,59290255 -1222258,05417512
-1167209,13707189 -1491985,16873232 -1222140,61086497
-1167209,13707189 -1485347,16543005 -1222140,61086497
-1167209,13707189 -1492666,14557123 -1221920,03539928
-1167209,13707189 -1492027,49147086 -1221915,09319975
-1167209,13707189 -1489337,60548955 -1221489,76120496
-1167209,13707189 -1494939,98866487 -1221489,76120496
-1167209,13707189 -1485250,14422059 -1221489,76120496
-1167209,13707189 -1495262,89528502 -1221193,18603651
-1167209,13707189 -1493153,41996269 -1221193,18603651
-1167209,13707189 -1496327,03144282 -1221129,55390625
-1167209,13707189 -1491753,45436611 -1220939,67525815
-1167209,13707189 -1499013,06046984 -1220939,67525815
-1167209,13707189 -1563313,47545075 -1220939,67525815
-1167209,13707189 -1496729,90331714 -1220939,67525815
-1167209,13707189 -1487058,20393854 -1220939,67525815
-1167209,13707189 -1495333,11841252 -1220762,58107996
-1167209,13707189 -1495783,0361761 -1220442,41197206
-1167209,13707189 -1497614,3223268 -1220442,41197206
-1167209,13707189 -1489860,46039092 -1220416,82791705
-1167209,13707189 -1491672,86961076 -1220286,42314885
-1167209,13707189 -1500749,31753315 -1220286,42314885
-1167209,13707189 -1491918,60522365 -1220001,21751433
-1167209,13707189 -1489860,2517914 -1219941,14524855
-1167121,40328228 -1492177,92280757 -1219932,37186959
-1166794,92350952 -1488888,3664739 -1219810,57342062
-1166707,1897199 -1575899,15064533 -1219801,80004166
-1165985,67571329 -1493364,19626951 -1219729,648641
-1165985,67571329 -1490281,13369962 -1219705,75951256
-1165985,67571329 -1493790,96826805 -1219088,47203109
-1165985,67571329 -1530080,59842084 -1219088,47203109
-1165985,67571329 -1500587,03987299 -1219007,79607708
-1165985,67571329 -1489878,50501891 -1218931,35543568
-1165985,67571329 -1491637,11015931 -1218854,72259275
-1165985,67571329 -1488248,11475804 -1218854,72259275
-1165985,67571329 -1494321,54634078 -1218774,30362351
-1165985,67571329 -1493103,72162679 -1218660,30269292
-1165985,67571329 -1486258,29660716 -1218660,30269292
-1165985,67571329 -1489362,64174754 -1218660,30269292
-1165985,67571329 -1487791,06240633 -1218516,6920196
-1165985,67571329 -1497544,21113193 -1218222,75171412
-1165985,67571329 -1488054,39588717 -1217775,24929885
-1165194,95537107 -1486182,51724589 -1217673,67708941
-1164634,57030177 -1493144,21979959 -1217611,59959298
-1164634,57030177 -1499161,28603196 -1217611,59959298
-1164634,57030177 -1491815,73886424 -1217507,02965227
-1164634,57030177 -1493955,98126721 -1217507,02965227
-1164634,57030177 -1494251,61475179 -1216880,1794933
-1164634,57030177 -1492220,88133579 -1216880,1794933
-1164634,57030177 -1498251,99632147 -1216746,64423209
-1164634,57030177 -1491216,25916935 -1216688,08076736
-1164634,57030177 -1502985,57794511 -1216688,08076736
-1164634,57030177 -1487018,5844975 -1216630,94497213
-1164634,57030177 -1598544,77129847 -1216630,94497213
-1164634,57030177 -1580229,84687102 -1216471,80043676
-1164634,57030177 -1584998,37030387 -1216469,37025215
-1164634,57030177 -1538911,03402232 -1216469,37025215
-1164634,57030177 -1487583,97007355 -1216469,37025215
-1164634,57030177 -1489446,1317983 -1216399,3631586
-1164634,57030177 -1494350,01955831 -1216353,46467652
-1164634,57030177 -1490166,50084642 -1216295,64695875
-1164634,57030177 -1487705,35416903 -1216252,10815549
-1164634,57030177 -1491122,94430397 -1216252,10815549
-1164634,57030177 -1495367,3533088 -1215958,78173546
-1164634,57030177 -1507945,43158908 -1215819,49314122
-1164634,57030177 -1580752,12591631 -1215615,64427154
-1164634,57030177 -1525516,57586235 -1215615,64427154
-1163467,71369883 -1488908,97269785 -1215248,95861124
-1163467,71369883 -1489653,50326671 -1215248,95861124
-1163467,71369883 -1487566,06065413 -1215248,95861124
-1163467,71369883 -1482894,35234086 -1215248,95861124
-1163467,71369883 -1499759,5472414 -1215222,57462393
-1163467,71369883 -1495184,83192895 -1214895,51224221
-1163467,71369883 -1483250,6400237 -1214895,51224221
-1163467,71369883 -1495555,46997506 -1214645,69839387
-1163467,71369883 -1496718,13166784 -1214613,84392329
-1163467,71369883 -1491984,5500442 -1214524,54027143
-1163467,71369883 -1491618,63278604 -1214518,12704229
-1163467,71369883 -1499759,5472414 -1214510,74801055
-1163467,71369883 -1517728,90859304 -1214389,48462644
-1163467,71369883 -1652660,11334528 -1214389,48462644
-1163467,71369883 -1574810,98314139 -1214341,11866153
-1163467,71369883 -1542496,51199793 -1214337,08435199
-1163467,71369883 -1490103,3712644 -1214336,82585562
-1163467,71369883 -1491199,88668648 -1214336,82585562
-1163467,71369883 -1480160,6054098 -1214336,82585562
-1163467,71369883 -1495347,9495586 -1214334,96674205
-1163467,71369883 -1497053,66922801 -1214334,96674205
-1163467,71369883 -1485038,55743311 -1214234,67060118
-1163467,71369883 -1488649,24985702 -1214059,22368742
-1163467,71369883 -1497556,59743336 -1214059,22368742
-1163467,71369883 -1482644,32846511 -1213783,05891156
-1163467,71369883 -1495629,18403218 -1213783,05891156
-1163467,71369883 -1617725,68815123 -1213695,18820508
-1163467,71369883 -1574655,27450342 -1213695,18820508
-1163467,71369883 -1499386,38565648 -1213599,31858984
-1163467,71369883 -1501824,43575746 -1213599,31858984
-1163467,71369883 -1604670,09631342 -1213544,72103709
-1163467,71369883 -1569047,20005624 -1213273,19565886
-1163467,71369883 -1593616,61872716 -1213228,50002601
-1163467,71369883 -1584402,48532119 -1212845,26926317
-1163467,71369883 -1571128,99491912 -1212817,82461063
-1160263,47825369 -1574555,08919544 -1212383,8716015
-1160263,47825369 -1477854,69812269 -1212321,94516876
-1159706,75186898 -1568451,79413088 -1212266,27253029
-1159706,75186898 -1505680,86243653 -1212121,35913575
-1159706,75186898 -1491799,92409598 -1212121,35913575
-1159706,75186898 -1481349,87911674 -1212121,35913575
-1159706,75186898 -1494570,90078657 -1212121,35913575
-1159706,75186898 -1489662,4095252 -1212074,38961009
-1159706,75186898 -1480122,38734454 -1212074,38961009
-1159706,75186898 -1500003,5346932 -1212053,02745321
-1159706,75186898 -1492305,28690501 -1212053,02745321
-1159706,75186898 -1491254,6958989 -1212053,02745321
-1159706,75186898 -1479877,24091186 -1211989,83257956
-1159706,75186898 -1489039,57212434 -1211930,27613458
-1159706,75186898 -1496705,27823736 -1211790,83126213
-1159706,75186898 -1493357,07678862 -1211709,99950391
-1159706,75186898 -1499145,61609903 -1211650,44305893
-1159706,75186898 -1493186,73627358 -1211650,44305893
-1159706,75186898 -1491947,60140029 -1211438,34019579
28035,7941163707
