141579,3 318557,2 156158,5
135647,4 332238,2 147593,8
132484,7 323502,8 144070
133559,1 329320,1 139594,1
124994,4 315479,3 137023,7
130295,5 320381,6 136421
124668,4 315524,6 131579,3
123919 315963,4 131130
120835,5 312567,3 131284,1
123447,3 311983 129493,1
120880,2 324576,1 127302,7
107077,4 318544,1 122981,6
107114 310794,8 123507
116923,2 313219,1 124272,6
106904,4 318003 120399,2
108391,1 309749,2 118184,7
107245,4 319419,5 116563
107097,7 306783,2 120528,3
111699,2 305328,7 119466,8
113255,9 332124,1 119571,5
105639,3 306587,9 117641
107270,1 307248,3 114899,3
107292,5 304841,5 114116,5
103272,1 296932,8 112113,3
102678,2 304644,3 114026,3
106895,8 307140,3 114850
105472,6 306638 111941,6
106660,2 301201,1 111704,1
105085 307085,3 110356,7
102126,4 300787 109119,1
99828,13 304203,9 109555,2
104858,2 304671,6 111288,2
103121,7 307804,3 110142,2
98596,6 296820,1 106401,3
94414,57 306552,6 107905,3
96560,73 304512,9 108679,8
99503,02 303078,3 109295,1
95828,66 294500,8 106047,5
96479,68 304083,7 105279,6
99564,7 294264,8 104269,8
97083,86 294243,6 105158,6
92610,51 298870,9 103357,1
94946,85 291474,5 103563,9
93403,29 294454,8 104113
92442,98 304092,4 102342,3
89222,13 290717,8 101609,8
87366,22 308729,8 100408,6
92585,45 298870,1 100484,4
95206,95 293661,8 99716,02
92482,23 295971,9 101026,1
91444,48 297591,5 99827,45
90155,48 290985,2 98951,55
88003,78 291984,5 98285,16
89526,41 291486,2 97795,64
90197,97 290788,6 97743,12
87159,31 294951,3 94886,5
86856,54 291855,8 96560,86
87439,22 286129,9 97561,15
81432,58 292231,3 95454,67
85402,16 290760,5 95832,46
84494,91 286922,6 95691,85
83626,81 284460,8 94909,39
80918,7 297824,7 93697,07
78540,32 301541,1 92539,08
79486,68 277097,3 90482,42
78426,43 296126,3 90240,3
79050,74 284301,8 89756,13
78134,34 287839,9 87746,66
71806,66 294734,1 86758,2
74258,23 289544,1 85578,25
71652,69 270115,4 85160,94
70344,67 285864,4 83900,26
68945,97 273095,6 81473,61
69055,79 283190,4 80083,82
66730,47 284656,1 79772,62
65690,86 283514,7 78929,76
65051,21 289207 79915,98
62443,09 279266,6 77365,03
61662,46 274751 76159,43
62115,49 277956,3 75063,88
60945,39 269674 74611,3
57565,99 273273,9 73762,34
57757,42 271901,9 72349,09
57257,86 253763,5 72222,86
57008,67 267067,1 71980,88
57240,45 271269,6 71125,49
56151,15 253044 69835,17
55274,59 259143,6 69735,77
55696,54 252855,2 68124,38
54282,47 254682,7 67190,52
53899,19 253244,4 67217,88
53899,19 254616,8 65798,37
53625,09 256590,5 64934,48
53238,72 248688,7 64243,11
53039,93 236231,5 63885,89
52597,75 243254,2 62680,16
51873,45 227134,9 62027,04
51873,45 236286,7 61476,71
51601,71 229928,7 61242,04
51047,57 239413,5 60179,4
