-106795,4 -292889,3 -135408
-106447 -329261,9 -120436,7
-102440,1 -318099,3 -112586,9
-89274,13 -315843,8 -102871,6
-89685,63 -312741,6 -95936,2
-84797,81 -305581,4 -90091,53
-79045,08 -313906,9 -85665,21
-75507,84 -306020,7 -81710,83
-73169,13 -302486,4 -77462,84
-64297,3 -292451,9 -71833,06
-62851,68 -288132 -69436,68
-63667,81 -282859 -66639,48
-60069,27 -285222,8 -64092,6
-55568,3 -277650,8 -62173,66
-54581,77 -286921,2 -60392,98
-53112,7 -268339,6 -58368,9
-52694,01 -259642,3 -56953,39
-52997,7 -264580,6 -55228,77
-48852,48 -272423,3 -53686,67
-47973,54 -264435,4 -51854,13
-46623,93 -247286,1 -50326,11
-45789,76 -239721,2 -48769,3
-44413,6 -237947,5 -46727,7
-43521,06 -238573,3 -45936,95
-42994,43 -224245,5 -44574,82
-41842 -212415,6 -43611,46
-41020,59 -211581,9 -42492,77
-38741,68 -210523,5 -41491,16
-38515,13 -210523,5 -40802,99
-36891,98 -196543 -39857,1
-36041,67 -191298 -38978,86
-34672,71 -185814,3 -38276,11
-34235,6 -170655,8 -37602,55
-33565,13 -179271 -37173,7
-32699,36 -182229,6 -36876,87
-32374,98 -181417,7 -36570,47
-32053,52 -161308,8 -36405,05
-31428,54 -181246,6 -36137,23
-30794,05 -167373,6 -35904,45
-30436,46 -168452,9 -35708,84
-30227,16 -167507,1 -35634,97
-30016,91 -157294,3 -35459,01
-29917,46 -173083,8 -35280,81
-29815,6 -167830,6 -35256,13
-29487,43 -168629,8 -35154,8
-29467,97 -176257 -35082,13
-29467,97 -171749,5 -35075,46
-29467,97 -170996,9 -35063,43
-29467,97 -158778,7 -35016,5
-29467,97 -161010,2 -35010,22
-29467,97 -168055,2 -35010,22
-29467,97 -163332,5 -34994,5
-29467,97 -178514,6 -34956,88
-29467,97 -154891,1 -34935,72
-29467,97 -169895 -34935,72
-29179,16 -174622,2 -34880,19
-29179,16 -164333,5 -34854,77
-29105,82 -177927,1 -34821,12
-28862,41 -162312,4 -34789,44
-28793,93 -162496,4 -34756,04
-28515,47 -158457,9 -34727,21
-28447 -170835,5 -34720,37
-28407,67 -157523 -34676,67
-28068,67 -170560,9 -34615,94
-28029,35 -165919,4 -34571,66
-27778,44 -174711,7 -34518,05
-27778,44 -170108,4 -34420
-27778,44 -173559,4 -34272,73
-27778,44 -167631,8 -34229,94
-27778,44 -165642,5 -34229,94
-27778,44 -179594,6 -34229,94
-27778,44 -161455,5 -34038,18
-27778,44 -163866,2 -34038,18
-27778,44 -164767,7 -33911,9
-27778,44 -162354,7 -33911,9
-27778,44 -177739,4 -33904,79
-27778,44 -164090 -33904,21
-27778,44 -170816,4 -33880,3
-27778,44 -167070,9 -33871,6
-27778,44 -164039 -33806,7
-27778,44 -155494,4 -33806,7
-27778,44 -146608,4 -33806,7
-27778,44 -162615,4 -33711,88
-27778,44 -168415 -33711,88
-27778,44 -149440,8 -33658,34
-27778,44 -162827,4 -33618,02
-27778,44 -166881,6 -33598,76
-27778,44 -163524,2 -33593,86
-27778,44 -167771,6 -33519,78
-27778,44 -161611,7 -33519,54
-27686,43 -155772,2 -33479,47
-27686,43 -167736,6 -33468,39
-27686,43 -165696,7 -33454,36
-27686,43 -168719,5 -33435,7
-27686,43 -157699,6 -33435,7
-27686,43 -163098,9 -33417,37
-27686,43 -168942,8 -33417,37
-27686,43 -158171,4 -33247,97
-27686,43 -157195,5 -33247,97
-27686,43 -167083,6 -33247,97
