-17316141,5490678 -20465074,2247708 -17721757,9207931
-17111532,5739978 -19835392,5529404 -17391509,8306748
-16989673,7473071 -19525315,9802598 -17181337,7494637
-16725732,0173077 -19146071,4497019 -16901502,5970707
-16395770,8152543 -19103421,0262194 -16613285,9725508
-16055938,7225399 -18665558,308745 -16333542,3649334
-15809093,612235 -18451083,0304163 -16158745,405151
-15739355,9414602 -18352955,8343077 -15985739,2076405
-15439764,772371 -18229588,4133555 -15739711,4884214
-15353385,5727609 -17844180,9290168 -15618690,1005611
-15231723,1346935 -17791050,2448414 -15456661,01671
-15118437,7131027 -17686790,6464805 -15355791,0343645
-14863961,0845095 -17479900,0685087 -15197562,0150624
-14475570,6097977 -17324547,3816147 -15014443,3206094
-14378511,160713 -17861666,3907923 -14869302,0880767
-14150946,6966357 -16983404,5499366 -14653669,9966396
-13840538,0907265 -17090839,0624959 -14540071,8683733
-13745988,7912931 -16962398,9720941 -14454529,6534309
-13625081,2756997 -16601391,2376054 -14271871,7813816
-13387947,0800145 -16699183,2554963 -14177107,8155238
-13267648,9940386 -16627537,418246 -14020000,1055083
-13249842,3658859 -16360089,3027245 -13933735,1529669
-13133581,9991186 -15937011,8435137 -13749110,2905599
-13038710,06938 -15204700,8650461 -13677417,8994316
-12831683,2772684 -15181885,9815054 -13548237,3350571
-12680823,0713865 -15272784,6128108 -13418337,9338555
-12525039,061867 -14863881,012184 -13267434,7658008
-12368492,0033477 -14847520,4840159 -13165074,0393293
-12334043,7596899 -14857149,7812052 -13073996,2935093
-12168614,1201262 -14690091,4842866 -12964135,6104997
-12129884,9318605 -14451816,0871414 -12849268,8460829
-12094213,0845527 -14284257,7119527 -12738068,6693799
-11970099,0890572 -14113002,758755 -12681408,3661318
-11849459,7034952 -14058673,3430607 -12575542,3249389
-11736656,0679386 -13866879,7880268 -12457360,8259523
-11706642,4753988 -13687609,9760924 -12380150,4835817
-11641568,3760266 -13540272,2300274 -12295251,3531634
-11550786,7256155 -13494484,7284209 -12201095,7250193
-11479524,0569996 -13479854,6155713 -12115918,0592659
-11418008,8809143 -13382564,8301863 -12016315,8564654
-11394547,6758196 -13653272,9941822 -11937517,253239
-11299296,7356191 -13401705,8421691 -11856876,7240451
-11237348,5381474 -13287778,0478463 -11772752,7654827
-11182711,1305143 -13173592,7674128 -11711589,6334671
-11120043,9518827 -13034903,8435455 -11616302,7771447
-11052573,451942 -12954701,1558369 -11497234,6804311
-10980373,874313 -12805490,2745764 -11452809,6086901
-10897151,5519448 -12693608,7430404 -11348548,0852727
-10827439,2119801 -12639273,8041223 -11266494,3158045
-10744333,2647322 -12561196,5890992 -11148814,1898573
-10637100,2328828 -12542074,807005 -11097897,2978777
-10563100,9938732 -12384894,9094448 -11028262,0694536
-10473460,2196047 -12325530,8943687 -10939562,0190328
-10473460,2196047 -12214674,5378358 -10887559,6404589
-10359110,8957471 -12170596,4499611 -10802277,429686
-10334476,1312521 -12139917,461313 -10742212,5695733
-10217958,3532948 -12079019,4643262 -10663583,8158164
-10312607,9609542 -11829833,5593785 -10610187,8251723
-10218191,2182815 -11750791,2873019 -10540694,1952797
-10168048,4484904 -11746902,0399233 -10469120,9280281
-10092089,7962104 -11655041,2292194 -10414946,1255974
-10025500,0880352 -11552155,2216888 -10329075,1339495
-9985744,06201625 -11572102,9637012 -10288411,8645816
-9945359,93603111 -11457654,714369 -10224856,1101271
-9933130,03051266 -11474251,1380718 -10171651,0279121
-9881114,91043814 -11264888,8836538 -10120494,9539674
-9796025,4305049 -11297934,6772287 -10061602,2359881
-9790211,61650462 -11347485,5264049 -9983578,80062731
-9704773,63804142 -11263063,3627459 -9916444,03951222
-9601263,11315562 -11133729,1317324 -9864217,57710991
-9499910,94059362 -11154680,5745965 -9773390,83449056
-9427786,40339931 -11024297,3372511 -9732896,88737058
-9427786,40339931 -10895517,9966712 -9687001,8656393
-9347538,01073525 -10819710,9717388 -9622034,85823031
-9343758,84209039 -10820924,0961104 -9572058,0871931
-9321587,72273082 -10822551,6848923 -9522277,51090852
-9274754,16660496 -10589254,5896749 -9473862,55598726
-9198071,62807477 -10473170,4178207 -9433398,99166407
-9139689,37537418 -10464466,8371703 -9381570,77088638
-9052808,84337412 -10384432,6916344 -9338413,75031212
-8933849,56307277 -10207672,5404598 -9282745,61649809
-8916725,42758576 -10235588,2948961 -9242381,19456844
-8911299,14653868 -10239658,202062 -9204848,54145645
-8876098,49490257 -10240810,3997682 -9139858,88268824
-8873621,20306937 -10206801,3939273 -9100655,29709078
-8804025,09463989 -10174509,8567803 -9059213,18924884
-8759687,8177737 -10041914,2072059 -9011597,49283771
-8605794,6999497 -10098646,7796027 -8962553,1029359
-8605794,6999497 -9956092,24025351 -8923045,87220135
-8586400,70731877 -9927143,57308233 -8881076,00927085
-8559817,62192998 -9852602,93576534 -8833603,3881597
-8479951,58750606 -9936379,42774207 -8798161,28669808
-8430065,80410025 -9884947,87119645 -8746967,11027588
-8414496,20121336 -9784511,77177144 -8706948,6471576
-8374969,9095355 -9766080,91404437 -8659482,74294241
-8355292,21375328 -9671354,91768368 -8642209,10075901
-8320065,05470179 -9720673,46110771 -8592277,32132117
-8288214,65768495 -9555308,35767584 -8557852,28113132
-8221021,14855437 -9677639,54313933 -8496226,67947241
-8181116,41739851 -9613642,0677441 -8465487,22202946
186500,508876209
