233727,815020784 190005,185357374 231302,365528665
235069,288812241 -32064,0702565877 232568,534310868
235069,288812241 -30554,5172208601 233802,728266848
236166,700350687 -29921,5423267738 234796,123458198
238302,785567255 -31159,1840158096 235875,834653753
237410,019832417 -30968,7440793371 236585,075312941
239027,989590481 -30474,9019899468 237184,664917024
239266,940172499 -29403,7319351425 237953,851416861
240191,519730255 -29875,3741334464 238506,112983137
241313,992976489 -28525,7888453917 239602,20935918
242204,719444796 -29673,4808012473 239770,104200465
242397,843614764 -30023,7641356087 240471,453752054
242397,843614764 -27979,3495585937 240797,700168918
242756,367888138 -29314,1007426627 241242,65799418
243338,906589652 -27454,2795365878 241752,963690385
244488,219144052 -27878,7390146925 242509,026574595
245000,934545978 -27529,9250726077 243267,477315369
245000,934545978 -25941,1023468988 243656,975395232
245990,375205072 -27138,0226186941 244117,095821891
246517,797017225 -26671,0619487627 244655,607391702
246632,244289421 -28287,6306980631 244844,110430434
247232,522787637 -26892,6415663417 245460,713429223
247251,131251061 -25757,0303106451 245607,804765008
247988,741101337 -27522,7976982794 246218,554656876
247863,755897117 -26284,3880888124 246610,060215087
248205,072741946 -24258,3419031793 247087,613590517
248472,285653494 -23355,713570959 247233,240080709
249754,31638364 -24019,576677332 247724,218568297
249754,31638364 -21954,2468107877 248088,056032578
249806,295118307 -23542,9197899547 248420,334586833
250373,543645684 -22263,1465375325 248865,028239119
250523,781094199 -22982,6978094451 249115,411992009
250797,498991075 -22567,6465383065 249289,920090722
251234,41172329 -22323,5502347212 249663,513496431
251288,169113809 -23769,1800580357 250236,005791069
252156,328014862 -20353,702758952 250477,591829578
252135,690971468 -20018,202287004 250691,678192025
252450,629876427 -19256,3338438995 250977,356607229
253018,240862007 -19160,3973577302 251286,357522159
253412,349114469 -19142,2522348746 251473,156260661
253576,638616946 -19324,0402617131 251736,79559508
253917,420490116 -18670,3133177839 252024,408501511
254179,598130086 -18312,8094585206 252276,31806807
254113,325652266 -18244,6318346866 252406,634361076
254226,197588691 -17773,2132360649 252670,724560982
255284,978494142 -17450,3656197614 252889,170022842
255284,978494142 -16938,9264404358 253109,760423454
255359,050736695 -16975,2700852264 253305,357060991
256022,902437831 -16870,5054803852 253486,826383107
256036,541713037 -16579,423520869 253765,665521688
256036,541713037 -15956,6589401996 253842,932001094
256556,520810503 -16120,9336487103 254058,005782132
256880,451176609 -15295,772411509 254279,12263478
256939,074884424 -16238,8995381484 254447,548238741
257029,805776844 -15024,8490350083 254618,984281209
257216,195277574 -15388,9226467476 254835,426444134
257216,195277574 -15560,297988352 254899,125353471
257399,161778361 -15641,9452844404 254999,638662332
257545,06174936 -15386,9662938391 255149,790131127
257545,06174936 -15594,9332840111 255276,827193942
257879,44125931 -14900,5436291246 255391,013069018
257879,44125931 -14818,5450398664 255519,09245535
257886,968194668 -15630,294569092 255636,302852683
258057,406964676 -14936,9556952242 255709,709746545
258274,729866041 -14708,2748703965 255818,698865385
258362,763883073 -14537,7052963027 255938,494194225
258483,318750116 -15117,8739290454 255986,779925359
258483,318750116 -14527,0645572448 256057,106204512
258858,367254101 -14719,612018707 256175,646679859
258858,367254101 -15144,6767641874 256218,566166447
258858,367254101 -14182,4407837425 256278,925588617
258972,938487134 -13740,8077519868 256365,678867344
259143,302651072 -14515,6047036353 256505,203197905
259143,302651072 -15365,3447098382 256574,6466474
259186,572033396 -13817,865879178 256623,01872951
259277,493055975 -14471,9849415058 256728,363439773
259480,780929331 -14253,0473266443 256819,42902189
259586,84436464 -13303,4846706292 256905,644195936
259586,84436464 -13378,8412017323 257003,069820795
259586,84436464 -13793,8019390849 257056,469286565
259615,225757339 -12596,466851304 257146,844735698
259775,459909718 -13684,2505181617 257225,748789709
259775,459909718 -13132,1995184602 257262,48687588
259796,358006256 -13686,5235413719 257319,266232831
259796,358006256 -13441,8222593786 257352,551554723
259800,011874702 -13308,0293794755 257440,082236342
260016,829785082 -13444,3703849691 257530,482569973
260039,988184411 -12999,0343255559 257586,326804166
260064,540149395 -13409,2893569069 257644,548035559
260064,540149395 -13246,950733456 257754,518755775
260064,540149395 -12586,8472566673 257774,834002383
260064,540149395 -12624,7422538616 257890,887553527
260064,540149395 -12369,6163595236 257942,020234823
260064,540149395 -12477,6451330291 257990,737888281
260064,540149395 -12581,3430686415 258095,129434875
260102,372756333 -13190,3511115891 258148,797939207
260102,372756333 -13285,4367912863 258198,902931309
260102,372756333 -12110,6482658964 258299,626343286
260102,372756333 -12278,3100060868 258330,245395532
260139,84968473 -12882,3168891267 258385,104334296
721,509875473566
