140771 328851,2 152780,1
134773,6 329802 149018,9
139186,9 342625,4 150298,3
127648,9 333932,3 141648,8
133885,7 324225 143216,2
120637,8 324184 135935,6
125496,1 317082,2 136379,7
123395,1 326175,2 138729
122309 324810,7 134838,5
122481,6 328009,1 132014,2
121106 312158 130763,6
122220,7 321037,1 129296,5
118837,7 316861,9 130051,1
118415,5 314356 129297,9
108923,9 312290,2 123427,4
111501,8 307941,2 129108,1
113766,1 312815 124598
110732,9 308752,3 124211,4
115300,9 304728,3 122723,6
112222,9 312771,1 121381,2
115980,9 312927,7 122217,4
103974,8 310945,7 117379,2
110133,5 306983,5 118659,4
110741,4 308984,1 120399,6
113656,2 311274,3 120673,2
103494 321117,8 117838,9
108849,5 301297,1 119131,4
99515,03 300082,8 117521,6
105937,5 302970,5 118915,6
106464,3 298326,2 118142,9
107496,1 299710,9 118359,4
94623,96 301760,7 113183,5
102669,9 306442,9 113812,5
107254,5 296311 115944,2
102171,9 307532,4 116167
98844,27 303522,2 114501,5
98581,85 300631,7 113718,5
99946,95 297088,5 112311,5
99485,33 293824 111212,5
99485,33 301795,1 111787
103114,3 298350,6 111657,8
98966,19 305921,9 111068,3
98955,45 308193,6 111649,7
96956,84 300900,8 111989,1
102112 303601,1 111516,1
92497,3 305693,7 110790,4
101750,7 309520,3 109899,9
101750,7 307162,5 112502,8
101688,6 303433,4 110307,5
97560,56 296686,2 110897,2
100816,8 304577,9 109997,6
100780,8 306539,3 112051,1
100008,3 307503,8 111445,3
100003,5 298745 112833,9
99785,07 298393,2 110069,2
102217 310139,1 109386,1
99295,83 302381,4 109695,3
100421,3 311069,8 109513,7
101278,2 316361,1 109769,3
99843,64 300456,1 108349,4
98828,11 297284,8 108764,5
96501,45 299990,6 105467,1
97702,16 304132 107498,1
94852,8 296497 108373,3
92609,98 295328,8 107056,4
92661,66 306507,8 103724,8
93066,02 300929,2 106246,5
95676,18 294694,9 105452,3
91574,27 302261,8 106366,2
92096,4 296313,8 104024,2
92618,11 302433,7 104248,4
81246,41 292963,8 101677
81733,2 292982,4 102287,8
89122,21 302441 106398,1
94987,41 291309,6 103416,8
88302,48 302832,5 103006,5
95312,96 302580,4 103243,8
93774,47 301143,1 103623,9
87299,17 304487,3 99759,92
90484,98 310569,7 100794,9
89734,35 299136,4 101884,8
86055,98 301418,4 102527,5
86517,16 296976,1 100801,4
87866,37 311008,8 101362,9
85281,71 299384,5 102548,1
87951,16 298756,9 102013,7
84363,8 295718,9 100915,8
85009,96 293258,8 102349,9
84653,71 321424,2 100445,8
80950,09 319756,3 98673,98
78442,3 327100,8 98261,27
80937,78 306730,7 98776,55
79210,59 299381 98768,27
77240,41 304621,1 98454,81
77240,41 307640,1 98524,86
77682,72 295768,4 99388,37
76596,98 284846,5 96200,49
76403,77 318368 96985,41
76158,5 314696,2 95729,22
75729,27 297131,3 96085,41
