29334,2276258309 1870,15414311543 27249,8829320111
29057,8102697828 -32161,4367815997 28375,4454757898
30945,8075261751 -30185,1903243478 29907,357880576
31648,0938699234 -28849,3783072023 30727,3710879417
32635,6021885777 -28016,1611133358 31547,0115651519
34076,1573070467 -26912,0274176847 32696,8970867348
34276,2446229736 -26520,0373216157 33745,1599790575
35433,7065832432 -25193,1585625729 34322,2208478301
35628,3852287045 -24662,7980962092 34942,9616897094
36606,0072424666 -23325,5243983202 35741,7629700725
37119,6075924488 -22959,8971350836 36250,7858157687
37867,5855134273 -22121,1778637464 37010,8075544985
38608,711771641 -21890,7897360357 37486,7468810069
38992,6157427892 -21252,6784002548 37792,31313338
38709,8237308461 -20861,9962750086 38124,5196427458
39797,1394067027 -19986,5721644665 38666,9420172093
39982,7578705638 -19227,9280587047 39148,4524167441
40238,4299114706 -19248,409677 39471,9718076731
40495,0918915 -18473,982406295 39706,4863045017
40885,8846255723 -17669,4643616626 39954,9270217388
41006,9972300956 -18501,291882258 40256,0049102151
41515,1687379622 -17607,7242347483 40715,6530071704
41910,8466803765 -17464,5041598703 40966,9034408727
42120,0798608373 -17374,6719990301 41210,6249150174
42208,0259632248 -16748,0549720248 41371,054329885
42610,7666685748 -16546,8855812378 41649,9037274707
42705,3302353058 -16617,7147358844 41895,8844884073
42984,7771331395 -16354,4526495638 42141,4088556876
43138,8235568249 -15954,6911023278 42367,7378173233
43247,2728439175 -16006,3982564204 42518,7541738606
43630,6494636365 -15396,7324869404 42722,6598755098
43801,9819489814 -15197,8755321057 42882,0513503854
44079,1041519261 -14736,4273041647 43074,5638381015
44123,5573206071 -14881,7295877344 43301,4506815463
44257,7004419632 -14992,9454501901 43431,2168192735
44298,7841536256 -14489,9699194293 43549,7013217894
44425,9759446816 -14309,9258361321 43686,7659432616
44723,4440514107 -14533,872300152 43822,1560459876
44723,4440514107 -13789,2017452119 43977,9274786127
44723,4440514107 -13771,9487599659 44083,0521627432
44939,039004709 -13094,2479942601 44201,0848339393
44939,039004709 -13472,3180206449 44323,7394677155
45015,6259849183 -13047,3050516844 44385,3730700369
45272,1496090852 -13697,0706961365 44503,7441235217
45272,1496090852 -13083,8970387859 44584,3312060724
45320,1086941915 -13525,2157006314 44727,6344424429
45504,3269987071 -12824,519987063 44797,6065827646
45504,3269987071 -12416,430617605 44886,6188975269
45516,1119354163 -12607,5510280352 44964,9469230115
45670,6920630529 -12310,4635642497 45026,5934346652
45722,3405585456 -12507,565258119 45079,7391274967
45785,8165383062 -12812,4147027932 45126,5515383759
45793,6197213384 -12982,1347295238 45177,5990203535
45793,6197213384 -13083,057308766 45272,1189590331
45837,9583600603 -12018,2108431367 45300,9324315867
45848,5490033832 -12247,1446892743 45340,2679262017
45865,4651354529 -12599,6898239373 45425,5340441823
45881,9289788413 -12130,8175077845 45442,5926780319
45927,202462028 -11655,5532659896 45494,1781786736
45927,202462028 -11750,7311740029 45542,4281937345
45964,0490510331 -11832,3700733173 45573,6105718793
45989,6052833832 -11503,374683261 45611,7502729397
46028,0517979259 -12030,0386081927 45666,2177066815
46028,0517979259 -11442,7750002196 45725,3988489622
46075,4860892519 -11614,4840798165 45763,6916700643
46107,2337242548 -11653,8509001749 45785,1355224576
46107,8106271675 -11897,1009678387 45826,2466495332
46158,2612681488 -11385,7677748979 45872,1551234119
46171,4759115204 -11623,204348145 45900,2343410711
46188,7123868882 -11680,3935030077 45932,0458548824
46158,2612681488 -10752,7419970036 45945,0064481883
46158,2612681488 -11274,1008319464 45969,1185487184
46182,1410396079 -11263,7431968028 46003,5953314889
46307,9875897748 -11083,879006893 46036,5958877273
46182,1410396079 -11683,1900375786 46038,058651152
46182,1410396079 -10998,8326854574 46048,9478034735
46182,1410396079 -11550,3781444709 46059,7718673317
46237,7870717241 -10844,9184886289 46086,2666563953
46237,7870717241 -11179,8206059704 46092,0983156442
46244,5401130923 -11410,5600705918 46104,6971730606
46244,5401130923 -10950,2437204485 46148,6126845279
46244,5401130923 -11037,9110737322 46162,818674799
46252,5828975006 -11332,9216334934 46170,6277663132
46309,9679868274 -11311,439202569 46209,779885263
46309,9679868274 -11123,4168817204 46191,6547945349
46309,9679868274 -11223,8242098156 46193,5054979443
46309,9679868274 -10954,7565458179 46209,4601937829
46309,9679868274 -11284,9006968035 46210,3156532223
46375,082209893 -11031,3564335661 46224,6574306281
46375,082209893 -11177,9664074843 46236,3342287781
46408,7258557804 -11184,9454832276 46244,8609730192
46408,7258557804 -11171,9832052138 46247,7265302362
46408,7258557804 -11284,9006968035 46254,6018161816
46424,9481518425 -10973,1593210848 46278,662367721
46410,1844677397 -11141,8231169873 46260,5378698061
46410,1844677397 -10684,2842504332 46264,3673045252
46431,7022539229 -10888,7062430206 46266,5190831436
46431,7022539229 -11155,7343228058 46282,1685856657
46431,7022539229 -11062,9986912188 46293,1412469173
46431,7022539229 -10695,4406296642 46293,9705339737
66,6681331983629
