-30266,7798497802 -87714,4464759364 -31369,4593208535
-23365,4364858332 -82087,8758512902 -24779,4139861914
-23850,3118613503 -79429,7030624787 -24851,0633124531
-23866,4037545861 -81791,6912724954 -24565,602745484
-23590,5849007984 -81684,0869844095 -24510,1898497181
-23858,7588933551 -77862,5770650254 -24395,1058784834
-23110,2553850597 -77738,9474073596 -23946,8044911352
-22698,1248986088 -84313,5161516725 -23971,9280616673
-23000,9821349006 -74292,138155109 -23912,935467286
-22913,823072472 -79361,5902964587 -23553,7199650797
-23079,4674003434 -80883,8014065987 -23548,6492661922
-21797,5714667429 -82264,7518899563 -23306,6288629441
-22080,9409007778 -81796,6851688124 -23064,9029033867
-21801,436778041 -79339,8949194213 -22963,4997161764
-21539,3990453759 -80125,6018789634 -22785,982909469
-21290,0759091095 -69926,7238812323 -22547,0858669809
-20783,9199362367 -69676,8723278004 -22372,6570313824
-20994,0375883336 -78296,3422539307 -22529,1317627856
-21381,9627838 -72502,0598870466 -22520,1054106799
-21722,9994935316 -70509,1446308672 -22485,815285029
-20695,7849801913 -70253,5366825113 -22169,6996490967
-20924,1399536887 -70492,4151434744 -22019,8958123579
-20425,9385137287 -81416,2357879903 -22374,2096000003
-20424,0134646051 -76756,2148661619 -21708,7314966229
-19844,0239973408 -70842,145703839 -21679,039932289
-20146,7506753821 -74432,6891378674 -21873,2736772627
-20146,7506753821 -68689,1497248032 -21653,5021105228
-20547,6182864863 -71492,1658909412 -21652,3533381201
-20756,6416055733 -67940,3825630064 -21855,5228693939
-20330,1881546307 -75527,9471382626 -21385,500603633
-19991,595386199 -68340,4444927047 -21424,304631068
-19237,0421986038 -71947,5677401913 -21315,58675881
-19539,9093150774 -70069,110954796 -21078,7455889558
-20064,3642637811 -73157,5618509316 -21406,2348247243
-19742,4785447573 -67677,3083391817 -21313,856706319
-20109,7305394522 -79745,5525508493 -21137,3458445235
-20099,2755903432 -71501,8485093043 -21012,6639310628
-19927,3398284172 -66278,4987662382 -21001,6413432142
-19874,6495335635 -79634,3711765026 -21328,5779270561
-19820,2706274156 -71786,516034879 -21065,3060343889
-18618,3139201058 -65323,5424572475 -20646,4246187659
-19673,2112089131 -73995,8732551515 -20917,7558809578
-19515,7387502128 -68691,8669909941 -20854,3585448353
-19794,8301002891 -69533,7183634734 -21068,8510629227
-18635,0855573521 -68710,7385528887 -20710,7044886875
-19773,9949112483 -68580,9941753933 -20936,8624101427
-19773,9949112483 -64445,378539787 -20653,1963006907
-19767,277020246 -69235,2621094106 -20800,2171117048
-19140,6417388998 -68503,4585208784 -20575,7226965483
-19136,0039249575 -68357,2960686651 -20417,7754276486
-17526,7796889534 -69807,4968039117 -20333,4781083978
-18546,8937013474 -69275,3479027086 -19931,7071802233
-18812,1445361152 -65233,838455042 -20129,9271109243
-17331,868727219 -67088,6389274992 -20131,5958351816
-18446,375770199 -64470,4697210847 -19749,4498938051
-18837,3422634856 -66005,918556414 -20002,695389376
-19137,9996774285 -64642,6879723134 -20090,5022578628
-18520,2116544287 -71928,835659459 -20363,6922251408
-19128,9574052367 -67721,6216031606 -19893,8892782161
-17465,6016763325 -65223,7082488781 -19749,6540397785
-17201,8032982179 -72958,7357379211 -19540,002441154
-17763,7607981687 -68127,5461078114 -19330,9528213613
-18028,1253667614 -70952,4514500525 -19421,7976583194
-17616,2418815141 -68465,414326302 -19074,8713908691
-16598,4899107957 -65026,4420460762 -19224,1686201019
-18345,271422963 -71198,1659256014 -19296,6343359046
-18068,1112710844 -68073,9143903147 -19353,8429597836
-16334,516182993 -69545,6549545901 -19025,953283637
-18375,6927129679 -64706,4071341786 -19035,6223728637
-17334,135694262 -65473,8726884934 -19018,7762612736
-16038,5748372473 -71151,9616502376 -18896,4686831603
-17417,2605509763 -67867,6309883417 -19282,107315406
-16590,3224649037 -69376,5287855817 -19036,7874194885
-16746,310614127 -68872,4738765816 -18724,0584990767
-17005,6107024517 -62578,162776634 -18600,0773141498
-17916,952390198 -74996,0339982627 -19060,9524939019
-17434,6833341853 -60831,7875475381 -19068,8514488378
-17757,972257451 -63291,9967308092 -19318,0611341668
-17463,9685741542 -64103,5507570277 -19150,4420003776
-17701,4182458117 -65709,1243034522 -18891,3457320579
-17620,8999135281 -74752,8840499093 -19287,7212956317
-16866,5205411397 -71273,3327300289 -18489,1839614244
-16866,5205411397 -65759,3340452328 -18731,5116810698
-17317,1490129879 -67253,130133071 -18919,079433517
-16839,9999936581 -66059,829296541 -19009,2038307362
-16923,8781056472 -66736,1259953316 -18763,8275054897
-17112,1632954025 -66104,6852597839 -19047,3215236022
-17786,4114559226 -71071,6151289666 -19291,1973657647
-17112,8234751176 -64149,89905153 -19175,2954079761
-16837,4333060616 -69895,2702582334 -19156,2659575725
-16784,3119595633 -69555,2327126691 -18904,296979453
-17493,0098556066 -71835,7912409662 -19181,4384303757
-16255,6563812457 -65899,0214412057 -19085,3007121688
-17387,5510131735 -73508,8414641785 -18912,5217468992
-17788,2807564799 -68981,5672870738 -19175,4608162728
-17006,3506225313 -62894,9797047741 -19078,8067489431
-17537,8341825739 -61716,0804164092 -19028,5995764251
-17009,2886009674 -72083,0277695682 -18977,9055944787
-17392,136109534 -64651,4646472412 -19076,1137653636
-16072,113927247 -65929,0685453585 -19161,2899362119
1440,95456924423
