-28386,037342984 -87368,7022855694 -30934,9851739075
-23383,5666157232 -80579,372685463 -24431,7988531213
-23825,6867795509 -81829,7268606804 -24728,1183426059
-23465,544224805 -83989,2919252175 -24311,0801883744
-23207,3335197533 -79127,7369660953 -24120,4199216632
-22669,5863792889 -78048,9135605744 -23842,5777758645
-22271,9917875093 -79787,6870957507 -23477,8947031862
-21279,0657946195 -73404,2791223702 -23214,4294971412
-21845,9171447884 -81371,257567277 -22979,835964067
-22224,7921227394 -76117,1996273008 -22961,9091240746
-21932,3730821822 -74735,7017863131 -22708,8697404406
-21540,7491313176 -73267,6765798755 -22496,7684832871
-21004,992052227 -71909,0728412245 -22220,7385605432
-20697,9498146867 -73646,0234875882 -21725,932235842
-20387,0739310793 -67770,018620042 -21838,801937032
-20805,7444140449 -66397,7646696811 -21660,1523716193
-19703,4232792689 -70448,6723443128 -21561,0844759742
-20168,5477155722 -73687,302661438 -21387,5378175765
-18923,1447513946 -68904,2043442188 -21098,8056654417
-19357,7532447959 -67504,1442627489 -21039,0583262145
-19236,779027689 -65423,3904933682 -20889,5960972599
-18783,1876588587 -70001,374278115 -20348,7223888669
-17213,09377448 -63113,108638313 -20251,0076079338
-15567,6171894746 -67025,1155658836 -19720,8393283191
-18098,0985954921 -69587,7954248563 -19978,1847352965
-15567,6171894746 -74158,1730673324 -19379,346438669
-17077,7029745324 -63270,7198370242 -19447,6332852946
-17887,5838704328 -69056,4706468006 -19296,1972088249
-16459,4830300391 -67076,4955572326 -19079,1613618046
-17522,7196725045 -67876,0690363411 -19020,454696343
-17473,4130591729 -72795,9839858509 -19225,8718416015
-16257,9032772552 -65161,1484759187 -18583,2295111816
-16098,1470549669 -64435,7950392746 -18450,5104392533
-17443,735411781 -62679,200157973 -18585,8722150725
-16830,3864110228 -66637,8655590177 -18269,0271770779
-16358,2445175535 -67490,2907203709 -18296,072004505
-16605,3782294817 -60945,5561170471 -17846,8678727331
-15929,6039267394 -62327,1121778239 -17542,9245040293
-16605,3782294817 -59545,3793092566 -17736,676140815
-15748,858423666 -70006,5449837442 -17939,6244854224
-15676,2331437548 -58286,5015926474 -17432,6877974978
-15577,3760288131 -63413,2855162783 -17445,0534050094
-16202,4621171502 -63907,3865039965 -17515,8724142286
-15805,7725862778 -64076,7273254328 -17592,6031685011
-15979,1599376035 -60360,949204669 -17356,2353600931
-16255,3428699842 -57351,6725109538 -17293,7011113524
-16184,6102879536 -58087,714095839 -16818,6136055407
-16127,064862406 -63363,3794683716 -16925,8030451568
-14931,4864341298 -70950,2783437686 -16529,4096436357
-15290,4552447487 -69520,9796819869 -16620,6994475139
-16228,4736413999 -58401,3154803904 -16701,7111501845
-14908,9026131028 -61901,5614905149 -16658,460862506
-15079,6843093289 -73042,326528314 -16673,4796431965
-14718,2174022084 -60107,6310121373 -16344,9643717616
-15245,1778588802 -55707,8871659242 -16559,2457308578
-14333,6998528439 -60349,2975736087 -16341,0996177309
-14869,3987328658 -56141,0267830288 -16468,3886634357
-13603,8999410679 -74137,8149174729 -16338,0740797858
-13727,7955104036 -59994,2289053268 -16028,4336095183
-12837,087257879 -61102,3555396566 -15529,1475698398
-12744,0501042959 -59343,4550934218 -15592,7150196334
-13727,7955104036 -53637,9795443383 -15813,052647937
-12877,4775463831 -56117,904223742 -15433,8890176534
-13459,2651191182 -59918,9691726802 -15513,0214121684
-13252,1417068272 -64973,1712888248 -15740,3863567958
-13462,5263405379 -55048,6416912616 -15468,5775879782
-13610,2946424317 -61345,9547285189 -15558,0598458607
-11889,8265826468 -55724,3266102531 -15477,6260491044
-11975,2624529071 -57022,7067875285 -15186,8868449524
-11199,7178779846 -55545,3192248287 -15052,2970550354
-13049,2332571442 -60589,1016410855 -15158,3602035074
-13902,7075966814 -57887,891312743 -15258,7276646208
-12557,549216451 -58885,4637151766 -14870,5132187322
-12615,2200815188 -53421,1507096045 -15128,0748619639
-12733,1385647458 -65009,6600602701 -15029,1323999618
-12076,8238615782 -56663,3159026701 -14828,4150792394
-12353,5250119193 -59925,839262168 -14680,3019696308
-12785,657914086 -63762,4408869876 -14906,3952241485
-12060,3691746408 -61522,9714126163 -14724,7814595771
-11749,8543990814 -61547,2724828102 -14455,4082775374
-12406,584157826 -58028,9952365112 -14671,3107695007
-12366,2077490914 -54205,0687974716 -14490,6895868204
-12590,3668222703 -58284,1156597087 -14298,3141538809
-11971,6385456262 -58678,7544526502 -14192,2604434221
-12400,9449433151 -49508,212777173 -14265,3986329849
-11978,4912491944 -53988,5784557625 -14217,1780484876
-12420,4294786601 -55662,4739961562 -14178,4971900748
-11953,1947616001 -51841,2775750703 -14131,3810266708
-12327,3484950193 -58306,0772102801 -14182,6548797429
-11636,1938682632 -53183,4954487693 -13772,048500686
-12387,1627965388 -54209,2956747997 -13979,0003935593
-12418,7601086986 -54551,1811910347 -13894,8715939719
-11691,6926569208 -63933,1475467794 -13588,9882767578
-11511,1713734035 -65703,8343637935 -13655,9180410717
-11636,1938682632 -59978,619693183 -13492,3434780649
-12189,7317994852 -55046,1287076813 -13521,616933497
-11543,2867119463 -55266,7929735461 -13326,8194796608
-11369,7393673354 -54652,6167337763 -13312,1083146635
-11655,0024131958 -50453,9078065975 -13220,2111052982
-11304,5423846978 -54424,1108535378 -13284,252120597
1196,41606927082
