-105127 -282411,2 -114550,8
-93093,8 -333049,9 -102769,9
-78672,73 -327635,1 -90730,91
-70462,54 -327384,4 -84926,75
-67746,83 -314631,3 -78067,7
-64793,84 -304248,4 -73107,27
-62975,45 -315769,3 -68760,23
-59089,8 -301349,8 -63711,88
-52453,5 -300920,3 -57107,24
-52278,36 -290398,1 -56384,05
-51576,1 -293785,8 -54174,15
-47974,97 -281785,3 -50603,63
-44713,02 -281339,1 -48337,33
-43214,83 -278531,3 -47076,27
-40901,41 -272751,9 -44762,66
-33670,83 -274177,9 -41926,84
-33670,83 -256266,5 -40382,37
-32152,96 -255203,5 -38525,98
-30832,93 -261619,7 -36830,89
-29758,86 -239255,8 -35316,15
-28464,53 -237668,3 -34125,86
-27766,16 -238553,9 -32557,2
-26729,49 -236401,7 -31635,66
-26421,2 -236014,1 -30208,58
-25077,61 -229896,6 -29193,53
-24253,66 -225134,1 -28515,47
-23537,54 -219672,3 -27414,33
-23007,09 -216692,9 -26918,66
-22304,25 -203482 -26178,35
-21893,19 -199147,9 -25706,1
-21346,19 -189940,5 -25004,54
-21073,12 -191424 -24642,95
-20783,84 -184432,9 -24236,12
-20677,1 -185540,2 -23920,84
-20197,13 -183214,7 -23583,09
-19550,14 -165751,8 -23272,42
-19499,91 -172590,1 -22988,34
-19489,75 -176886,8 -22828,95
-19058,2 -163967,9 -22630,37
-18658,58 -171600,4 -22425,09
-18544,83 -176301,8 -22236,11
-18461,57 -176496,6 -22054,95
-17957,81 -162506,6 -21900,93
-17091,96 -180899,4 -21673,83
-17087,13 -160333,3 -21640,42
-16659,71 -178588,3 -21525,06
-16289,38 -155512,6 -21438,98
-16289,38 -166357,2 -21390,49
-16223,4 -156637,7 -21234,25
-16223,4 -163206,9 -21204,69
-16223,4 -168959,2 -21153,76
-16223,4 -162503,9 -21152,68
-16223,4 -148928,5 -21104,38
-16007,2 -153292,6 -21076,11
-16007,2 -165820,9 -21033,56
-15839 -164346,4 -20980,92
-15839 -160470,6 -20961,44
-15839 -169570 -20928,36
-15839 -156552,8 -20892,38
-15839 -162294 -20889,43
-15839 -140067,7 -20880,11
-15839 -152499,8 -20880,11
-15839 -164852,2 -20858,58
-15839 -151444,8 -20858,58
-15839 -156967 -20858,58
-15839 -163799,9 -20858,58
-15839 -153874,7 -20858,58
-15839 -153114,4 -20858,58
-15839 -165312,7 -20829,76
-15839 -164210,3 -20720,22
-15839 -153866,8 -20715,81
-15839 -166305,5 -20715,81
-15839 -157613,5 -20715,81
-15839 -162350,9 -20715,81
-15839 -163948,1 -20715,81
-15839 -151274,7 -20700,18
-15573,62 -158757,1 -20673,64
-14983,99 -174103,4 -20614,68
-14983,99 -160027,9 -20614,68
-14983,99 -151030,7 -20614,68
-14983,99 -161199,6 -20560,77
-14983,99 -148749,5 -20560,77
-14983,99 -154851,3 -20560,77
-14983,99 -150662,8 -20535,15
-14983,99 -164456,2 -20535,15
-14983,99 -164077,9 -20535,15
-14983,99 -158512 -20472,29
-14983,99 -163078,8 -20472,29
-14983,99 -155037,4 -20472,29
-14983,99 -151560,4 -20472,29
-14983,99 -163454,9 -20439,7
-14983,99 -160169 -20439,7
-14983,99 -160554 -20363,82
-14983,99 -157034,8 -20363,82
-14983,99 -157141 -20327,33
-14983,99 -165632,4 -20206,19
-13999,97 -152723,7 -20094,36
-13999,97 -160636,5 -20078,93
-13999,97 -165280,1 -20065,27
-13999,97 -151551,4 -20056,96
