-90652,24 -243003,5 -94825,13
-73644,34 -332559,7 -81162,88
-65671,48 -324059 -73031,06
-54501,39 -319087,4 -63765,73
-48713,31 -317689,3 -59549,04
-40327,99 -315507,8 -52472,33
-43082,95 -310136,6 -48535,39
-40274,46 -306036,8 -44334,71
-34661,99 -293506,4 -41109,14
-33502,46 -286746,8 -38418,68
-30301,68 -303617,8 -35401,22
-30112,44 -271362,8 -33647,04
-26283,48 -269036,2 -31820,01
-23659,78 -272985,3 -29497,63
-23659,78 -274628,3 -28056,35
-21310,9 -270989,6 -26611,81
-20619,22 -252362 -25358,31
-18554,09 -251083,3 -24304,75
-17713,37 -244144,4 -22713,04
-16528,65 -230485,3 -21762,51
-15038,19 -224331,9 -20387,32
-13512 -216944,1 -19415,09
-12827,52 -213429,4 -18814,23
-12376,36 -211651,5 -17999,07
-11985,36 -198344,2 -17343,11
-10980,17 -193571,4 -16533,81
-10627,36 -204482,7 -15725,86
-9864,336 -189012,1 -15081,46
-9562,602 -181397,2 -14588,21
-9117,504 -183749,3 -14132,15
-8815,844 -176099,7 -13778,56
-8755,355 -181487,5 -13498,12
-8393,574 -167068 -13231,21
-8329,203 -166273,7 -12961,65
-7842,969 -158819,4 -12712,32
-7612,422 -166842,2 -12470,3
-7231,496 -181264 -12309,39
-7231,496 -174514,3 -12244,82
-7140,613 -159027,1 -12166,67
-7140,613 -170258,4 -12091,06
-7140,613 -159567,9 -12017,36
-7140,613 -155548,9 -11953,21
-7140,613 -167096,3 -11924,61
-7140,613 -156499,1 -11863,72
-7140,613 -168156,2 -11710,91
-7140,613 -143148 -11666,12
-7140,613 -153049,5 -11625,78
-7140,613 -169169 -11436,27
-7140,613 -164540,2 -11374,35
-7140,613 -174082,4 -11314,07
-7140,613 -150413,5 -11257,32
-7140,613 -157244,4 -11139,23
-7140,613 -144285,7 -11078,61
-7140,613 -153163,8 -11050,32
-7140,613 -153017,6 -11004,66
-7140,613 -167810,5 -11004,66
-7140,613 -160590,6 -11004,66
-7140,613 -150712,6 -10968,29
-7140,613 -154882,9 -10924,29
-7140,613 -160080,2 -10924,29
-7140,613 -154567,5 -10924,29
-7140,613 -150879,9 -10924,29
-7140,613 -151000,7 -10713,99
-7140,613 -152999,2 -10713,99
-7140,613 -161702,9 -10713,99
-7140,613 -160120,6 -10713,99
-7140,613 -157763,2 -10713,99
-7140,613 -149991,3 -10611,06
-7140,613 -152718,5 -10611,06
-7140,613 -148043,6 -10610,64
-7140,613 -158984,3 -10569,93
-7140,613 -171204,9 -10569,93
-7140,613 -150772,8 -10533,61
-7140,613 -175722,6 -10506,09
-7140,613 -137783 -10427,18
-7140,613 -161633 -10400,8
-7140,613 -149610,9 -10398,5
-7140,613 -143293,5 -10377,65
-7140,613 -143514,7 -10328,12
-7140,613 -144696,4 -10328,12
-7140,613 -167037,2 -10312,78
-7140,613 -146387,3 -10279,88
-7140,613 -162738,6 -10279,88
-7140,613 -151946,2 -10237,32
-7140,613 -149737,3 -10226,13
-7140,613 -154681,7 -10207,84
-7140,613 -148760,9 -10184,71
-7140,613 -158529,5 -10184,71
-7140,613 -145188,6 -10166,91
-7140,613 -155154 -10053,99
-7140,613 -155529 -9929,575
-7140,613 -165182,3 -9895,302
-7140,613 -146480,6 -9870,723
-7140,613 -150480,2 -9848,702
-7140,613 -157400,6 -9828,317
-7140,613 -157509,1 -9826,397
-7140,613 -135639,4 -9815,37
-7140,613 -141816,6 -9799,089
-7140,613 -155534,6 -9797,143
-7140,613 -144628,8 -9762,18
