144843 317943,9 154754,3
138546,5 324700,8 148061,9
131361,6 327067,8 141553
127292,8 317408,3 134405,2
121163,5 327418,7 130759,4
113535 329624,5 126065
114657,6 328709,3 124858,1
113563,4 306474,7 120640
105994,8 305013,9 116049,3
101313,3 305363,3 111150,5
100833,4 305126,1 111718,1
97780,52 303341,9 108521,2
96166,8 300597,7 105517,3
94748,58 296415 103384,1
90037,46 303305,8 100971,4
90231,63 298960,5 99384,29
87115,54 302247,9 96574,16
85435,05 293794,8 93523,34
83454,48 300691,1 91365,52
81404,11 279639,6 89971,23
78243,66 280794,6 88583,86
77381,03 270647,7 85844,64
74929,13 269154,7 84175,27
73368,91 253391,7 81577,22
70392,22 262957,2 79406,5
68788,48 261155,8 76868,59
67782,87 254970,4 75813,19
66549,38 242522,7 74952,42
65419,5 233183,8 73538,55
63501,55 233861 72442,63
62412,61 230598,7 70541,41
61041,27 222974,5 69513,14
60625,02 222097,3 68519,92
59299,03 232856,6 67310,77
57839,37 220972 66166,95
57374,69 214438,6 64893,61
56031,41 208015,4 63692,39
55045,86 205051,3 62643,89
54536,83 198103,6 61970,35
54329,55 191393,9 60951,52
52927,77 191103,8 60189,68
52869,8 191796,9 59759,1
52151,27 178379,3 59228,55
51219,18 176840,9 58706,71
50853,1 174854,4 58152,18
50486,92 175149,8 57648,29
50295,95 180397,9 57155,76
50053,75 176597,8 56732,11
48503,25 168496,6 56034,91
48390,22 174293,8 55428,34
47860,94 173295,4 54878,88
47778,25 171691,5 54509,45
47566,07 163008,2 54148,29
47489,7 167709,8 53633,91
47198,94 161112,7 53242,77
47198,94 166692,6 53040,6
47198,94 164476,9 52569,01
46975,37 157369,5 52386,21
46975,37 160856,8 52079,67
46975,37 162238,9 51876,44
46975,37 158947,6 51739,3
46595,65 162338 51536,74
46595,65 155816,3 51474,27
46595,65 161655,6 51151,13
46595,65 153381,6 51101,41
46595,65 156402,5 50912,89
46345,5 154298,5 50824,96
46345,5 159003,1 50743,91
46345,5 152002,3 50672,43
46345,5 153784,6 50575,91
46311,14 156598,3 50518,47
46311,14 158467,3 50445,07
46302,04 152798,1 50416,48
46302,04 155084 50361,04
46267,67 163413,3 50273,73
46267,67 158659,9 50193,34
46267,67 151548 50169,18
46267,67 153834,8 50101,67
46267,67 159456,2 50072,33
46267,67 155427,7 50042,69
46163,23 159551 49995,76
46163,23 154816,9 49923,35
46163,23 151531,8 49878,3
46032,84 150784,9 49838,19
45928,4 156218,3 49675,2
45928,4 157256,8 49581,2
45928,4 154301,2 49529,34
45928,4 149584,6 49422,63
45928,4 156419,1 49422,6
45928,4 147929,5 49354,32
45928,4 152011,7 49354,32
45928,4 153646 49322,84
45928,4 147267 49317,46
45928,4 154844,6 49215,89
45928,4 153997,5 49215,27
45928,4 153987,2 49192,05
45928,4 155096,5 49184,45
45928,4 154844,6 49183,74
45928,4 152625,3 49140,23
45928,4 152406,6 48986,74
