-26632,6635270201 -90066,0192113912 -30475,4480116549
-23107,9803317851 -80441,0255210032 -24197,9484292243
-23479,7814543794 -83025,4857353297 -24435,4525905918
-23387,7997235045 -82205,5692552641 -23859,1123029429
-21512,282955205 -78432,197935029 -23606,7348835194
-21814,9428627851 -71664,4617702752 -23405,6897829145
-21814,9428627851 -80921,4287480335 -23228,8560328301
-21367,1464010576 -71042,1944339246 -22770,6297593908
-20823,9616289749 -72469,7740870126 -22304,1007092286
-18900,6291798493 -68970,4119763284 -21622,955189352
-19996,2424356575 -74849,2041154771 -21178,3288971998
-19039,9636084477 -68797,4423326608 -20653,3834799373
-18348,5692333201 -72269,8745480823 -20104,4608814283
-17535,3175692516 -72752,4013086512 -19481,3197791565
-16803,280183532 -61984,9922373465 -18937,930195594
-16006,8832059003 -60503,0021949993 -18410,4444568839
-15791,0123170177 -63749,121648431 -18090,4888000839
-16035,8028715674 -66845,5485003759 -17996,4304931563
-15349,6507069645 -50860,6697653104 -17353,3015761388
-14455,8713640189 -51859,7647878524 -16706,8508940769
-13833,3070786269 -55158,6300760993 -16380,3838760414
-12976,5097934075 -50006,1366750685 -15859,341410966
-13871,1732205498 -57369,1273816153 -15620,521080897
-12976,5097934075 -54884,3479552899 -15166,7498781009
-12976,5097934075 -52022,0976010786 -14725,2355178995
-12976,5097934075 -48665,2414929156 -14492,4043783464
-11817,5895800256 -47540,4887578952 -14050,0424826838
-11384,530742307 -49830,2846330733 -13537,6693855942
-11724,6122536971 -44680,7111312847 -13260,5957313456
-11817,5895800256 -52091,1934703158 -13049,6141356111
-11503,9846720473 -47638,4529702039 -12815,1526859178
-11076,1943645725 -50910,4345661689 -12639,2870512547
-10795,6217988464 -44303,6659710943 -12142,3997765255
-10551,249514533 -44703,7021874861 -12010,1303890176
-10137,2435115138 -43469,6905705074 -11865,451520283
-9730,90022540323 -43158,6021193584 -11333,6419807501
-9429,26474229394 -39333,5231842515 -11199,1324056746
-8996,82863079397 -37179,6783887134 -10822,2936002598
-8996,82863079397 -35934,4730818109 -10815,0898734397
-8612,51428918264 -34689,3915420223 -10540,1155432378
-8647,36315654854 -51205,5373874439 -10467,7012145138
-8647,36315654854 -40515,6857411197 -10185,527283853
-8843,39463133626 -34934,301834169 -10167,5021073499
-8739,94383532518 -43583,7601843836 -9903,64082406544
-8708,98742241412 -38218,8617044158 -9722,66492300086
-8520,37284005829 -33133,8895466675 -9482,72831990174
-8322,03361096779 -41911,8374566069 -9361,62920375551
-7973,338282729 -32855,3376294134 -9116,62903088472
-7669,61836103663 -46041,4966959257 -8967,53023254141
-7669,61836103663 -32963,625359119 -8859,91384348014
-7669,61836103663 -37147,6942088637 -8785,49624154921
-7776,70365629595 -35269,1437670609 -8674,73534022965
-7288,94902140328 -38068,7643510858 -8531,44013479308
-7010,42043373545 -32790,7577613002 -8348,16596651446
-7100,83720890676 -28941,4233610765 -8184,95087247425
-6749,8994804794 -35029,3320479433 -8048,84895905117
-6662,77428812531 -33546,3283018377 -7920,33724035256
-6553,89340111232 -36553,4496785022 -7832,74798253333
-6124,09733782611 -29759,9410494981 -7687,32486542946
-6124,09733782611 -28332,3028010913 -7624,57285660481
-6123,09526209511 -33219,6248743483 -7504,96907095673
-6085,45490379496 -31146,9651672333 -7418,08669168601
-5972,88797314459 -24638,6046497939 -7363,08812504956
-5862,34375463487 -34403,4352687847 -7280,5028987495
-5808,16864717401 -30138,6703317765 -7232,15516222047
-5739,51901709573 -28454,4432947152 -7145,47037452303
-5674,51552203163 -30568,1104944315 -7039,2970949379
-5678,69894346498 -29656,1062353364 -7004,75141343516
-5490,56704751502 -30712,1964362579 -6877,87677144594
-5398,2508029129 -22683,6016017974 -6850,7394705272
-5349,09882133313 -29725,4465333639 -6730,26562326861
-5330,45970803924 -32797,0039186548 -6663,81675192932
-5330,45970803924 -32431,9243580758 -6625,0631021262
-5255,61513616677 -27648,8177191552 -6599,38451269256
-5202,86542104169 -26828,5949253064 -6489,94324611898
-5202,86542104169 -25104,4949385428 -6440,25217546596
-5147,76952637718 -26288,7672183606 -6354,68711905668
-5147,76952637718 -26304,5032902939 -6299,36318015646
-5142,73250489175 -28205,0732276098 -6245,62975958171
-5121,92038408215 -27333,419507665 -6196,79743720532
-4917,08312663968 -28041,0178457189 -6131,69574558208
-4915,65371695311 -28912,3471252392 -6084,60624874766
-4915,65371695311 -28326,2383111287 -6060,09398458497
-4915,65371695311 -27031,9337650432 -6018,18251439845
-4915,65371695311 -25850,7298544536 -6005,52030771383
-4915,65371695311 -27925,7347217381 -5975,08352826209
-4915,65371695311 -25889,1398746516 -5937,482016712
-4894,59303108349 -24943,2114914216 -5886,32290153525
-4894,59303108349 -26921,5216784876 -5821,5379328855
-4915,65371695311 -25387,3044891391 -5792,403892772
-4856,02630484809 -24189,8515932819 -5784,53630406052
-4825,10625596881 -27868,4385233186 -5770,10063230392
-4825,10625596881 -29802,4544811443 -5711,59068574532
-4825,10625596881 -24005,9735943561 -5683,68453181876
-4657,79754455683 -28602,7615255003 -5638,76178145085
-4657,79754455683 -25152,5280497902 -5599,58164232343
-4589,12174638554 -26428,2907414561 -5553,67946857885
-4546,03786839752 -24728,649378791 -5539,89366221323
-4477,36207022623 -25717,515440401 -5513,3262571682
-4477,36207022623 -23008,6519867267 -5493,63799115541
558,27947080055
