141506,1 335473,8 157475,3
126137,5 336466,6 146635,8
136080,8 332155,5 145825,6
132548,9 332707,8 142273,2
132793 325946 141854,7
126359,9 328577,8 136605,1
118470,2 329735,9 133561,1
123082,1 325423,8 136259,4
124692,7 319356 134139,2
129215,8 323242,2 135437,2
123908,6 313991 130738,2
115246,6 327471,7 130416,1
115246,6 314683,8 129406,1
120541,8 317938,7 128949,9
113435,3 329138,7 123631,8
115789,8 328492,1 126162,9
114408,7 312755,7 124643
116147,3 313613,2 126152
108134,4 318343,4 121000
104724,1 299711,4 121296,6
104111,1 313884 122027,6
101131,4 308754,4 119807,3
100692,8 307210,7 117528,1
102120,3 302288,1 121943,4
111062,6 301166,7 117911,7
103038,9 300808,8 118998,5
103501,8 308880,2 114722,2
99849,28 300801,2 113768,4
101673,5 307862,9 115110,7
101062,9 297954,6 116450
100282,2 292629,2 113063,6
106187,1 299434,8 114208,1
109181,4 298979,5 116235,6
103165,2 296269,2 115390,8
110455,4 305590,1 118390,7
103859,5 306121 113832,1
90294,91 307039,7 112871
93113,52 290858,2 112006,8
95676,4 294701,5 113805,6
103288,9 303963,7 112745,1
94552,01 301349,8 108175,3
99165,89 294732,4 109534,3
96682,82 291849 109058,8
93314,26 300189,3 108239,7
88468,91 293991,6 109572,9
96458,05 298447,9 110916,9
97266,92 306944,4 109723
98955,22 297666,6 109945,8
96462,98 295537,4 108923
100917,7 308776,3 109196,1
97476,75 298748,6 109243,9
95721,66 297111,9 108355,5
97440,23 302752,5 108985,7
91757,34 292965,6 107923,9
97879,27 288808,2 108742,7
93340,77 300528,2 108336,6
85598,73 304895,4 107540,3
87227,67 291198,2 108943,9
87438,94 287522,8 106309,1
87678,18 287065,2 103863
93525,13 294959 106097,2
91331,19 285370,4 106611,7
91986,03 286216,8 105819,9
86583,1 285947,4 104039,7
89825,16 284288 106025,4
85302 286908,8 102256,9
85610,51 277193 105137
90298,33 288250,7 102790,7
84193,64 292224,7 105529,9
85245,12 284044,9 105431,8
84784,89 294543,1 105395,9
86911,09 285610,8 103722
79440,42 287730,7 102119,1
82324,81 287727,3 100553,1
83923,17 285680,4 100698
80546,93 280368,9 100825,7
79094,75 290079,9 100048
79094,75 312365,7 100142,3
75933,54 279071,1 99250,39
76729,85 283016,1 100875,1
74551,19 284493,8 98617,31
74551,19 284410,8 99467,77
74756,5 276844 98884,29
73949,34 280433,5 97083,61
72943,83 281590,1 96166,8
73261,81 281243,8 96555,64
73168,43 278700,1 95655,5
72337,8 297486,7 94125,33
71101,88 286907,7 94715,08
71572,84 276690,7 95047,34
69671,16 270597,1 92605,21
67521,77 267688,8 91083,15
68523,74 287010,3 91353,88
68711,05 267242 92055,36
66359,65 285169 90635,67
65920,53 273612,4 90025,82
64099,59 270126,7 89531,11
64101,69 281351,8 88861,8
63708,6 269477,8 87528,23
63913,73 266131 87157,86
