-7428,39927493332 -47218,6009842936 -10012,0572832295
-2491,90573925387 -45738,9654334127 -2787,84563873256
-2186,18933437369 -46916,0007862023 -2554,89467790413
-2186,18933437369 -45917,9607694831 -2394,86095380335
-2101,9196188038 -44469,8902819126 -2351,25712607666
-2101,9196188038 -44282,5886566736 -2345,82690898603
-2101,9196188038 -46436,402120445 -2327,46311887817
-2095,58561293692 -43002,3373686059 -2242,05699271292
-2095,58561293692 -42284,2716912181 -2214,37483230487
-2089,62940429558 -41693,7399156535 -2219,59084202343
-2089,2782005578 -38688,3351715576 -2218,37977257471
-2083,34694753226 -45904,8048575586 -2212,91451015144
-2082,99721453705 -39309,3793846455 -2180,50232589675
-2082,99721453705 -38032,0116582444 -2177,1980042773
-2082,99721453705 -39886,3969903098 -2140,37053628806
-2082,99721453705 -38926,9758357787 -2130,17101555536
-2076,7424891428 -40006,8625784097 -2124,40755399925
-2076,7424891428 -37477,9881010527 -2121,98412329407
-2076,7424891428 -36163,7618544411 -2112,23036068427
-2070,51386002612 -37122,4476441727 -2110,46844673173
-2070,51386002612 -39072,3806949729 -2107,89424000443
-2070,51386002612 -38510,7244827773 -2106,50404308617
-2064,31116420665 -36906,2638725053 -2099,23423646538
-2064,31116420665 -38191,0391806455 -2082,44295510608
-2058,47818151117 -40670,8978044518 -2094,220325097
-2058,47818151117 -34442,117416765 -2079,88652507304
-2058,13424005836 -38602,326763207 -2077,14487991734
-2058,13424005836 -39078,5252415781 -2077,14487991734
-2051,98292729554 -40106,2457287869 -2073,48644454725
-2045,85706695889 -37544,8939198942 -2071,55323569116
-2046,88888915579 -33052,3777859423 -2069,03983747867
-2045,85706695889 -38622,8641652108 -2067,1967671168
-2039,75650140188 -36579,8458438733 -2064,73317137593
-2039,75650140188 -34249,5805712708 -2062,24329664429
-2033,68107427719 -34364,0021361694 -2059,09022307407
-2033,68107427719 -37890,0343111463 -2056,69489597853
-2033,68107427719 -33967,2809860049 -2056,0189798566
-2027,63063052335 -38281,8448843502 -2052,40311466796
-2027,63063052335 -40199,0063010029 -2051,82404129719
-2021,60501635158 -39806,2726079326 -2048,18492382656
-2015,60407923274 -35958,5783709566 -2045,67916235705
-2015,60407923274 -39806,2726079326 -2044,45604509197
-2015,60407923274 -31809,4550614945 -2042,09313492374
-2015,60407923274 -40125,1434845002 -2039,57136347496
-2015,60407923274 -38295,8270545268 -2038,31211574519
-2015,60407923274 -37537,0814273328 -2036,48400964567
-2009,62766788446 -38295,8270545268 -2034,12893112392
-2003,67563225842 -40642,5633278793 -2030,5746207733
-2003,67563225842 -36419,8700675702 -2028,01828522012
-2003,67563225842 -39078,5252415781 -2025,5872107304
-1998,07790022777 -37242,0186475511 -2024,38676661627
-1998,07790022777 -34795,9811394183 -2022,65456429086
-1998,07790022777 -38281,8448843502 -2020,99575407875
-1997,7478235278 -35152,7379277441 -2019,67177783878
-1992,17283059851 -39078,5252415781 -2016,66075820763
-1991,8440940749 -37930,4894124505 -2016,02540566061
-1986,29170197161 -37029,0407956936 -2013,5663544557
-1985,96429747884 -38281,8448843502 -2011,22154322832
-1986,29170197161 -39806,2726079326 -2010,6140350756
-1986,29170197161 -35587,1228797338 -2008,16184580769
-1980,43436904507 -40412,7325672808 -2006,50208280052
-1974,60068769032 -40889,3864187854 -2004,69205185004
-1974,60068769032 -39806,2726079326 -2003,43784338962
-1974,60068769032 -36382,3121285098 -2001,0345541603
-1974,60068769032 -34683,5156714377 -1998,15920358749
-1974,60068769032 -40566,4967866801 -1997,48642642447
-1968,7905149404 -34476,6237077911 -1995,16859233008
-1968,7905149404 -38281,8448843502 -1992,78153228491
-1963,0037089783 -32097,4678521969 -1991,04963653616
-1957,24012912543 -34723,8797539426 -1988,11857108513
-1963,0037089783 -40817,0108735412 -1987,51178904266
-1963,0037089783 -44584,5255988457 -1985,15401322375
-1957,24012912543 -37457,2706163029 -1982,81593325799
-1957,24012912543 -37945,5340192987 -1982,21798761491
-1957,24012912543 -36487,8419409275 -1979,29401064783
-1951,49963583018 -37590,2834735146 -1979,26602485682
-1951,49963583018 -38240,706650854 -1976,35847491728
-1951,49963583018 -39571,9296914911 -1975,184789417
-1945,7820906567 -39819,8073194631 -1972,97033029995
-1945,7820906567 -33904,2858447083 -1971,22040169571
-1945,7820906567 -36184,2381945553 -1969,43831183556
-1940,08735627373 -41394,225321056 -1967,09626430483
-1940,08735627373 -39452,1067530604 -1964,85632486557
-1940,05426650986 -42469,7631513125 -1963,63826958529
-1935,05471330197 -36357,5398812327 -1960,92365641325
-1934,41529644365 -38285,6713800311 -1959,10718623257
-1934,41529644365 -39806,2726079326 -1957,30263228586
-1934,38233845316 -37119,1871255204 -1954,97065570507
-1934,38233845316 -38670,6306791002 -1953,18470795392
-1928,76577601157 -37029,0407956936 -1950,94055854932
-1928,73294900888 -36387,9150051349 -1950,40668776399
-1923,77301212962 -39409,4604531614 -1951,04869480758
-1923,77301212962 -37251,1342610692 -1948,17607371072
-1923,1059641004 -37590,2834735146 -1945,90714024309
-1923,1059641004 -37379,1651740355 -1943,61315975346
-1923,1059641004 -35324,8484005112 -1941,94582870501
-1923,1059641004 -34615,1987080681 -1941,26485016354
-1923,1059641004 -38670,6306791002 -1940,04358996048
-1923,1059641004 -34900,2513178502 -1938,39906728544
-1923,1059641004 -37765,6104665219 -1937,75667147377
12,1991826591143
