-28722,2043339324 -87265,0847323943 -31339,1780862211
-22216,9525533552 -81414,7274779608 -24208,8997315339
-22519,7778318475 -85258,6881853716 -24265,3264415841
-22519,7778318475 -88339,3095964381 -24203,8022769977
-20888,003102722 -82660,6096966981 -23951,2031778631
-20035,8285995385 -80280,8355778049 -23749,8146952263
-20035,8285995385 -82048,5545025493 -23410,2729276977
-20035,8285995385 -88384,70030227 -23063,6672101305
-20035,8285995385 -84120,2272351564 -23050,3761125701
-20035,8285995385 -86141,3566419392 -22551,5705478047
-20035,8285995385 -76223,148730635 -22422,1596201829
-19711,2966555221 -77133,8054809812 -22251,4858391317
-19656,8870143587 -77729,9478021885 -21910,6115397687
-19653,2640463098 -78047,2623008882 -21800,4394230913
-19656,8870143587 -74941,9030831573 -21723,1656174258
-19252,2319479956 -89769,3421801543 -21325,0651288089
-18951,1732560807 -80103,8776867628 -21309,7695285031
-18951,1732560807 -75014,9001615893 -20922,5972195877
-18951,1732560807 -83271,5039596223 -20852,4999817095
-18835,0649617424 -83776,6738245311 -20726,6167122138
-18648,3479775885 -85647,227727079 -20352,5564582544
-18247,5871501494 -70791,6078255517 -20005,0018021412
-17982,9989693223 -72952,8665079004 -19920,6030940922
-16966,810360573 -73623,5066028066 -19648,2633177061
-16321,6097760461 -70177,9267321948 -19631,5759196698
-16321,6097760461 -71391,746585646 -19372,5524553265
-16242,2641426708 -63069,6346178207 -19088,2860158396
-15879,8666276948 -70536,2060515909 -18933,603858455
-15793,6517007348 -77835,0970182548 -18776,1228351077
-15653,7368250102 -78189,1312473345 -18578,4048310296
-15386,239230673 -74405,8041022246 -18612,3123014586
-13837,5485219795 -64550,0040561919 -18192,4451801566
-13905,7383644762 -67574,9197302793 -18127,3918105218
-14031,8966710409 -64414,3174773029 -17975,4846875648
-13691,9833873903 -64093,6095278564 -17765,3261774455
-13339,8966300669 -65547,2327231847 -17539,9539974715
-12728,4683142472 -66438,8759619231 -17431,4209594235
-12167,7342279205 -68171,5347603131 -17129,640502156
-12167,7342279205 -70914,4890653041 -17166,9030663635
-12028,4665105952 -67785,5987362592 -16976,2734414369
-11635,9539830873 -69275,6844329066 -16763,7768235245
-11557,0044781587 -67008,0060310131 -16608,1292598414
-11136,5139280882 -67984,6016965567 -16467,0318315843
-10819,8397924755 -64809,0687081723 -16355,5178771013
-10867,5945954453 -69372,8771312701 -16222,6538981983
-10512,4298946873 -70433,3587938151 -16050,2047900959
-10166,9358882173 -65103,5043884812 -15822,3631239054
-9856,08455706394 -62291,3480684163 -15628,0956161737
-9859,07232724624 -66663,2422474024 -15590,6117150357
-9595,36474920618 -77232,7967861008 -15393,9904407505
-9549,68671112196 -71671,8712961172 -15315,2191547206
-9549,4923164454 -66818,783799174 -15134,0585937952
-9469,54346898756 -69125,5755147802 -14960,3548949386
-9201,98229730365 -70295,3261000112 -14821,6466036052
-9149,8251639391 -70770,6746745337 -14739,9178245926
-9282,72283820151 -77598,7622510278 -14627,2440714654
-9169,97208633662 -74139,1037281579 -14520,0212671094
-9090,97688164508 -57902,9834124311 -14428,1009295858
-9090,97688164508 -64107,5421763466 -14412,3245969099
-9064,58623888062 -57058,9086430606 -14231,5915095551
-9169,50146920381 -67326,152679848 -14165,8314075435
-9023,1921521752 -52876,1539452836 -14073,8307453442
-8908,03697419446 -63004,7315727019 -14094,5052321027
-8746,80706887381 -63710,8454175035 -13929,6471808045
-8908,03697419446 -57475,8618197863 -13813,6498681791
-8841,04781925428 -54775,191720836 -13671,3156541982
-8841,04781925428 -60332,267023132 -13557,2869965106
-8839,43960766891 -58153,3545857194 -13485,9602462116
-8798,43305912392 -56007,7298781672 -13308,6900301867
-8758,03166371261 -63779,0792888147 -13267,18996041
-8713,99567686824 -52834,4008581297 -13197,0093442778
-8371,02634535808 -57264,554232565 -13078,5686673052
-8265,33977208625 -52697,0009800479 -12868,3389644378
-8199,64824575588 -53524,577319034 -12685,9150133084
-8199,64824575588 -52857,2426865752 -12634,4547089477
-7895,88522836889 -49687,8917465294 -12403,5958751658
-7820,76234628538 -59082,5469038841 -12273,6508248124
-7786,42401725365 -70171,8046715799 -12131,3521397972
-7734,91942762202 -56727,137958994 -12044,9494704227
-7640,28220097705 -59165,2955765436 -11926,3581188301
-7640,28220097705 -52583,3527981926 -11697,4946843428
-7640,28220097705 -45527,3964411017 -11671,7607760433
-7573,3594875832 -48519,0906526895 -11614,4443918296
-7484,67952926195 -48734,9102352273 -11470,8738905803
-7432,3870788946 -45180,2820048053 -11402,9761232345
-7432,3870788946 -49847,6295069566 -11158,272042447
-7104,25095771137 -45529,9009641081 -11113,3138842044
-7265,81089775019 -44119,9436032939 -10868,3391823769
-7104,25095771137 -47348,4662684659 -10676,2250090858
-7104,25095771137 -42259,9957018914 -10695,5231792229
-7104,25095771137 -45087,9640654783 -10662,3188388488
-7015,57099939012 -42716,1735526953 -10529,7931969029
-7015,57099939012 -44370,7417660666 -10458,4528809407
-7001,49941392025 -37052,950529491 -10451,099866546
-6993,02256658911 -44233,9619677038 -10359,8920574375
-6958,26210304956 -40188,3340041613 -10294,0459082234
-6950,63262332749 -43797,2735099283 -10233,5033578666
-6876,02425047611 -36188,1377771346 -10124,1225979244
-6876,02425047611 -43647,9159949479 -10063,9179590567
-6876,02425047611 -45849,1872607 -9914,21845421743
2019,52984177958
