-28882,3058133165 -28882,3058133165 -30695,5936544839 -30204,5714071904
-28358,7505911829 -28358,7505911829 -29688,3258838152 -28833,755984367
-28008,4303690503 -28008,4303690503 -28877,2488383731 -28393,9792787507
-27999,8566030658 -27999,8566030658 -28601,1866929225 -28203,0826914998
-26836,9148091982 -26836,9148091982 -29668,8670030706 -27986,3547617813
-26836,9148091982 -26836,9148091982 -29224,2606828766 -27556,137762362
-26084,4415822528 -26084,4415822528 -27679,5368005197 -27172,9845595811
-25728,4028165246 -25728,4028165246 -27786,0151418429 -26439,2034168935
-25728,4028165246 -25728,4028165246 -27078,8997643077 -26240,1997246786
-25206,9185278956 -25206,9185278956 -27625,3811687664 -25902,915189328
-24699,8559769649 -24699,8559769649 -25644,117516047 -25143,7991132257
-24264,8048669631 -24264,8048669631 -25949,6214977765 -24770,3328897986
-24246,3254820924 -24246,3254820924 -25949,5930146569 -24748,838247456
-23900,6942166839 -23900,6942166839 -25804,99397053 -24443,5616636632
-23894,7656476308 -23894,7656476308 -25789,0971974646 -24475,2606589095
-23724,4350972868 -23724,4350972868 -25198,1895794865 -24247,7485075587
-23724,4350972868 -23724,4350972868 -25057,6458328925 -24188,1697388503
-23184,0577935601 -23184,0577935601 -24695,0488954286 -23874,8824566328
-23048,4038146338 -23048,4038146338 -23585,7469932556 -23290,5344593171
-22331,9341602646 -22331,9341602646 -23900,7608147537 -23128,4655876601
-21762,7364675321 -21762,7364675321 -23296,9661565879 -22479,7498088998
-21333,5673447578 -21333,5673447578 -23558,7340513013 -22200,7751820826
-21333,5673447578 -21342,0085731107 -22126,4367624881 -21711,0445947597
-21309,2801989664 -21309,2801989664 -22645,4325049663 -21809,5587972836
-21309,2801989664 -21570,5784422842 -23314,0505546401 -21637,0993906569
-21309,2801989664 -21553,6200114649 -22637,9248520082 -22023,0273516468
-21309,2801989664 -21371,7932792475 -22701,8434589304 -21869,6637543734
-20905,5727828269 -20905,5727828269 -22659,2158809227 -21605,6617176754
-20380,3883333329 -20380,3883333329 -21933,5084169807 -21051,6163419181
-19566,3713163609 -19566,3713163609 -21630,1538541444 -20667,4389143304
-19102,6823014898 -19102,6823014898 -21205,361040927 -19903,6701787748
-18752,5431019219 -18752,5431019219 -20254,5187172497 -19477,4522121558
-18534,0252411362 -18534,0252411362 -20434,9611501797 -19385,1759007423
-18243,1468353804 -18243,1468353804 -19900,3227545132 -18752,8784087834
-18212,6335411189 -18212,6335411189 -19888,3388968773 -18623,9777287985
-17781,3631778319 -17781,3631778319 -19238,8476594452 -18485,8556662778
-17635,762391388 -17635,762391388 -19749,5788974934 -18180,3848032672
-17595,1504319668 -17595,1504319668 -18739,8242616126 -18038,4072742281
-17488,5763190558 -17488,5763190558 -18898,4421344515 -18014,1180804556
-17103,3965211889 -17103,3965211889 -18999,4243961232 -17994,8322594108
-17017,8979554707 -17017,8979554707 -19073,4302851887 -17685,134645442
-16826,7348254716 -16826,7348254716 -17877,5302857229 -17191,5391365157
-16469,6863390937 -16469,6863390937 -17636,6525501066 -17092,4068883943
-16162,623778897 -16162,623778897 -17393,4662823879 -16766,9461299116
-16013,1644149416 -16013,1644149416 -17845,0418271548 -16617,8851260353
-16013,1644149416 -16044,2384761284 -17778,1656424691 -16845,2621384215
-16013,1644149416 -16071,925379961 -17320,8551792956 -16316,4268300085
-16013,1644149416 -16051,4358844277 -17569,8103408392 -16458,2860115631
-15889,3294261907 -15889,3294261907 -17995,7861628137 -16514,6782125781
-15889,3294261907 -15930,0055604623 -17174,9099318596 -16577,8159333622
-15889,3294261907 -15930,0055604623 -18028,9985107766 -17024,544980799
-15889,3294261907 -15930,0055604623 -17635,1704222997 -16694,5844585857
-15774,8183060927 -15774,8183060927 -18249,0243551709 -16476,1218646599
-15316,8131532491 -15316,8131532491 -17817,6006117575 -16617,7628605366
-15316,8131532491 -15316,8131532491 -16794,3693926894 -16092,8949164744
-15316,8131532491 -15316,8131532491 -16479,8672212409 -15845,7519667023
-15042,0973837173 -15042,0973837173 -16720,9886295238 -15635,5860068801
-14789,1367769463 -14789,1367769463 -16559,0266348428 -15665,4844620253
-14789,1367769463 -14789,1367769463 -15697,4901329419 -15213,2382823806
-14601,2563143549 -14601,2563143549 -16428,1265015125 -15359,0165020349
-14601,2563143549 -14601,2563143549 -16862,9480948997 -15240,6718342103
-14563,8495731763 -14563,8495731763 -15788,4751160691 -15014,5063430404
-14563,8495731763 -14563,8495731763 -15914,4845109791 -15283,1874227097
-13644,2707467371 -13644,2707467371 -16203,1777856866 -15102,6623322226
-13514,8474114574 -13514,8474114574 -15288,0877313361 -14268,9183808195
-13487,0051261077 -13487,0051261077 -15263,9585647168 -14021,1421504592
-13487,0051261077 -13487,0051261077 -15406,0132179519 -14207,4245689306
-13487,0051261077 -13487,0051261077 -15934,0937970464 -14387,131199268
-13363,1756906966 -13363,1756906966 -14601,5160815558 -13868,849564127
-13355,3983340064 -13355,3983340064 -14144,5645787924 -13602,1268493451
-13317,113631748 -13317,113631748 -14634,3278185504 -13757,3487589283
-13317,113631748 -13318,8488372381 -15572,7309604191 -14151,5274891676
-13317,113631748 -13319,9150847841 -14960,7312606638 -14243,5084572536
-13249,4124076789 -13249,4124076789 -16112,5838855959 -14183,1909043866
-12965,0596824214 -12965,0596824214 -14614,2625867392 -13639,1664010842
-12813,7236566647 -12813,7236566647 -14503,5091800858 -13783,0552887076
-12805,4655788778 -12805,4655788778 -14292,9285359913 -13412,18991769
-12730,9775132444 -12730,9775132444 -15582,9497729816 -13450,5616687399
-12726,6075993255 -12726,6075993255 -14604,4466554033 -13756,347863261
-12726,6075993255 -12726,6075993255 -14527,779335541 -13473,7350011102
-12672,0823090192 -12672,0823090192 -14188,7333212246 -13507,4344267533
-12631,6895145946 -12631,6895145946 -13662,366268806 -13124,7611056779
-12573,4310503629 -12573,4310503629 -14887,3068432656 -13428,3836003491
-12573,4310503629 -12573,4310503629 -13457,2722507665 -12952,2241133
-12424,4645341304 -12424,4645341304 -13702,212525082 -12919,7869067629
-12358,9610315018 -12358,9610315018 -14262,2000854099 -13168,99234875
-12358,9610315018 -12358,9610315018 -14136,3425898033 -12990,0282112454
-12358,9610315018 -12358,9610315018 -15151,6298323136 -13555,5332153276
-12358,9610315018 -12358,9610315018 -14658,0880919415 -13191,9668794825
-12358,9610315018 -12358,9610315018 -13266,5991348752 -12780,900084923
-12358,9610315018 -12358,9610315018 -13869,2477495904 -13002,2249733403
-12358,9610315018 -12358,9610315018 -13515,1488187089 -12896,7005278168
-12358,9610315018 -12358,9610315018 -14134,2661226168 -12882,5737509217
-12174,4332554055 -12174,4332554055 -13947,0566928563 -13095,095169073
-12163,5611531956 -12163,5611531956 -13708,3471035948 -12931,7063222331
-12045,0703758162 -12045,0703758162 -14097,6839710739 -12827,1306124277
-12045,0703758162 -12188,6777816672 -14955,363726219 -13055,4724590854
-12045,0703758162 -12188,6777816672 -13893,9148113016 -12781,6539923792
-11987,7323514421 -11987,7323514421 -13170,3979342674 -12476,8269949045
-11846,6478968774 -11846,6478968774 -14217,9698124896 -12926,9924966035
-11846,6478968774 -11846,6478968774 -13069,1612803626 -12401,9512384477
-11846,6478968774 -11912,151399506 -13624,0402444828 -12483,5189823073
-11846,6478968774 -11893,3918682844 -13203,6358782745 -12394,2232988967
-11846,6478968774 -11893,3918682844 -13908,6223844523 -12650,9870462935
-11846,6478968774 -11893,3918682844 -12991,5294667065 -12406,50209357
-11808,7371450407 -11808,7371450407 -14377,7704209587 -12496,1361496604
-11808,7371450407 -11822,2574095143 -13324,2210098662 -12301,3327119343
-11808,7371450407 -11822,2574095143 -13689,3999701208 -12506,4665437501
-11615,1205224567 -11615,1205224567 -12434,2454302745 -12097,3064965743
-11615,1205224567 -11615,1205224567 -13513,9373019 -12352,6324572098
-11615,1205224567 -11615,1205224567 -13099,636880201 -12422,2670056926
-11613,2658452516 -11613,2658452516 -12742,3778569025 -12191,7882825953
-11232,4814128472 -11232,4814128472 -12840,0187349614 -12097,7116796605
-11232,4814128472 -11232,4814128472 -13007,7865039622 -11783,690388204
-11232,4814128472 -11232,4814128472 -12873,5392272158 -12013,4012660755
-11232,4814128472 -11232,4814128472 -12410,0736830922 -11781,9148908697
-11232,4814128472 -11232,4814128472 -12876,6913508097 -11917,9117462288
-11170,8677533978 -11170,8677533978 -13261,9806830917 -11803,8346047479
-10870,2249329011 -10870,2249329011 -13480,6988931141 -11907,2494686257
-10870,2249329011 -10870,2249329011 -12668,8348780829 -11984,8798067247
-10870,2249329011 -10870,2249329011 -12006,051237901 -11266,6711837723
-10870,2249329011 -10870,2249329011 -13268,8874685924 -11578,6239504176
-10838,2335018973 -10838,2335018973 -12650,5398590956 -11697,7298320911
-10654,5305330575 -10654,5305330575 -13075,4056648349 -11663,5762272416
-10654,5305330575 -10654,5305330575 -11810,9006016923 -11240,1223779875
-10654,5305330575 -10654,5305330575 -12606,4421460033 -11583,212565936
-10654,5305330575 -10658,4245245467 -12827,6759492491 -11364,0953772601
-10654,5305330575 -10658,4245245467 -12224,6736790176 -11141,3920326878
-10654,5305330575 -10658,4245245467 -11876,7488173662 -11135,8187466406
-10654,5305330575 -10658,4245245467 -12958,6111673247 -11663,4919308492
-10654,5305330575 -10680,9021843516 -12652,3980489209 -11252,0687509673
-10654,5305330575 -10655,9219853757 -12431,4580529307 -11568,5310756077
-10654,5305330575 -10655,9219853757 -12693,2991960647 -11404,4882569169
-10412,7585636929 -10412,7585636929 -12545,7298522252 -11396,4284899952
-10412,7585636929 -10412,7585636929 -11668,1101596316 -10951,1993243565
-10412,7585636929 -10412,7585636929 -12233,9580609927 -11455,3130682331
-10245,0087585069 -10245,0087585069 -11581,3869604548 -10963,1628962927
-10245,0087585069 -10245,0087585069 -12643,6712941982 -11258,431400199
-10196,0932372541 -10196,0932372541 -11421,2436151327 -10765,3324562441
-10196,0932372541 -10196,0932372541 -13106,3865876569 -11077,2879435343
-10196,0932372541 -10196,0932372541 -11997,2649734696 -11059,9102758164
-10184,3059905097 -10184,3059905097 -12082,2453030549 -10807,0006745305
-10184,3059905097 -10184,3059905097 -12156,2536429577 -11281,3229532828
-10184,3059905097 -10184,3059905097 -11711,2945742698 -10895,9789920537
-10166,7548264352 -10166,7548264352 -11154,4065084514 -10678,635502473
-10166,7548264352 -10166,7548264352 -11490,3827348952 -10825,6713245915
-10166,7548264352 -10166,7548264352 -11173,887449714 -10717,9107278581
-10166,7548264352 -10166,7548264352 -12437,1525918197 -11042,3814400595
-10166,7548264352 -10166,7548264352 -12015,2881934015 -10843,3308829779
-10166,7548264352 -10166,7548264352 -12437,1525918197 -10930,4312408873
-10166,7548264352 -10166,7548264352 -11828,5315774752 -10999,5392314978
-10166,7548264352 -10166,7548264352 -11626,7809035041 -10882,9196835867
-10064,5754533556 -10064,5754533556 -12081,5997579903 -10999,3057978555
-10064,5754533556 -10064,5754533556 -11449,6365330287 -10709,0348426414
-10032,0607792274 -10032,0607792274 -11293,7233927922 -10722,5134271893
-10032,0607792274 -10032,0607792274 -11731,9889739573 -10572,5556483839
-10032,0607792274 -10032,0607792274 -11966,1835971056 -10747,5084242987
-10032,0607792274 -10032,0607792274 -11612,6371889069 -10661,9171141661
-10032,0607792274 -10074,5204838848 -12205,5741911966 -10750,4543013467
-10032,0607792274 -10074,5204838848 -11749,0561805524 -10729,4974423009
-10032,0607792274 -10100,3066842957 -12222,4436560555 -10847,9581675783
-10032,0607792274 -10100,3066842957 -11839,1538301713 -11092,3579552575
-10032,0607792274 -10100,3066842957 -11189,7661023599 -10659,5995473961
-10032,0607792274 -10100,3066842957 -11372,7009659022 -11087,4163119216
-9970,1666892851 -9970,1666892851 -11632,9455888993 -10714,3612735803
-9970,1666892851 -9970,1666892851 -12741,8989652127 -11238,30744627
-9970,1666892851 -9970,1666892851 -12084,8704425011 -10760,1018406747
-9970,1666892851 -9970,1666892851 -12837,0538100195 -10998,8772214646
-9932,80279478323 -9932,80279478323 -11115,7143746764 -10465,5494614781
-9859,87977268896 -9859,87977268896 -12004,3165144357 -10980,6730864706
-9859,87977268896 -9859,87977268896 -11413,7359827146 -10261,4501084726
-9859,87977268896 -9859,87977268896 -10634,3602363209 -10264,0504348365
-9859,87977268896 -9859,87977268896 -10846,9557640283 -10464,6140886213
-9859,87977268896 -9859,87977268896 -12278,8704403699 -10443,4043205181
-9807,34217338699 -9807,34217338699 -11283,9324243811 -10436,4920019
-9807,34217338699 -9809,85545340761 -12681,2130344548 -10636,541426047
-9807,34217338699 -9809,85545340761 -12421,1889073682 -10827,3843760633
-9807,34217338699 -9809,85545340761 -11724,7003849627 -10677,5250491991
-9807,34217338699 -9809,85545340761 -12110,0420961856 -10701,2725445437
-9807,34217338699 -9820,30327257853 -12266,1426388848 -10619,128964359
-9807,34217338699 -9820,30327257853 -10756,5282475913 -10213,7295123603
-9807,34217338699 -9885,78710063047 -11477,5713444581 -10453,8732607969
-9807,34217338699 -9885,78710063047 -11576,1207403261 -10574,2385677342
-9807,34217338699 -9885,78710063047 -12597,0431693325 -10786,7037380298
-9807,34217338699 -9875,33928145955 -11881,3035376684 -10910,6286941814
-9807,34217338699 -9875,33928145955 -12175,5259242375 -10787,8927769209
-9807,34217338699 -9809,85545340761 -11429,1954914851 -10341,1887724045
-9807,34217338699 -9809,85545340761 -12200,4927458274 -10905,7143380043
-9807,34217338699 -9809,85545340761 -11227,6215231107 -10323,6790650266
-9807,34217338699 -9809,85545340761 -11758,6215462409 -10513,444707352
-9760,60828726843 -9760,60828726843 -11760,9449129752 -10705,5890357995
-9760,60828726843 -9760,60828726843 -11402,7500032723 -10440,5188491956
-9755,75829630336 -9755,75829630336 -11756,1247243063 -10824,3024530895
-9755,75829630336 -9755,75829630336 -12371,845686564 -11190,3806695906
-9755,75829630336 -9755,75829630336 -11727,7059487514 -10740,8772298004
-9741,94163178895 -9741,94163178895 -11536,8977470103 -10438,3528255659
-9741,94163178895 -9748,91466672426 -11009,6411118104 -10373,2532706183
-9741,94163178895 -9756,97575271524 -11042,3606402544 -10240,4958410469
-9741,94163178895 -9756,97575271524 -11511,3475430206 -10430,225417585
-9741,94163178895 -9756,97575271524 -11237,5676634312 -10234,6679175332
-9741,94163178895 -9748,12464065201 -11012,0300068509 -10204,8628683908
-9741,94163178895 -9748,12464065201 -12203,0543992072 -10480,5701420768
-9741,94163178895 -9748,12464065201 -12525,6088347557 -10519,325690613
-9741,94163178895 -9748,12464065201 -11752,2411815247 -10652,1625105368
-9741,94163178895 -9748,12464065201 -11282,2505789376 -10573,1097145432
-9741,94163178895 -9748,12464065201 -11558,5987619355 -10681,2195277631
-9741,94163178895 -9748,12464065201 -11884,5071033292 -10608,9771891651
-9741,94163178895 -9764,88052009611 -10760,5122978701 -10234,5432170087
-9741,94163178895 -9764,88052009611 -12148,0153476651 -10623,523328545
-9741,94163178895 -9764,88052009611 -12483,8151815932 -10774,0575484815
-9741,94163178895 -9764,88052009611 -11917,23446587 -10825,4516356668
-9741,94163178895 -9764,88052009611 -11776,2574391257 -10724,8180425344
-9741,94163178895 -9781,56850971926 -11391,5869478434 -10373,5718346799
-9741,94163178895 -9781,56850971926 -11616,0596701068 -10432,7022596239
-9741,94163178895 -9781,56850971926 -11667,72057552 -10616,8631166138
-9741,94163178895 -9781,56850971926 -10839,7012817604 -10484,8020820468
-9741,94163178895 -9781,56850971926 -10940,1058318315 -10443,4725943482
-9741,94163178895 -9781,56850971926 -11598,4603979753 -10800,3522078009
-9741,94163178895 -9768,50570455169 -11796,7990258872 -10739,2525365158
-9697,79750114982 -9697,79750114982 -12144,8854781637 -10505,9479369583
-9697,79750114982 -9697,79750114982 -11311,8783649745 -10354,2368532415
-9697,79750114982 -9697,79750114982 -11473,1025922648 -10414,647556124
-9697,79750114982 -9697,79750114982 -11488,5867913991 -10469,3077405771
-9697,79750114982 -9697,79750114982 -11339,9392171537 -10300,1471551813
-9697,79750114982 -9697,79750114982 -12154,084686627 -10573,0085319763
-9697,79750114982 -9697,79750114982 -11352,0319624008 -10374,1053649355
-9697,79750114982 -9697,79750114982 -10902,3892747623 -10267,3388510214
-9697,79750114982 -9697,79750114982 -11338,8553155184 -10537,1295366513
-9697,79750114982 -9697,79750114982 -11452,1692914552 -10360,1991651021
-9697,79750114982 -9697,79750114982 -11591,9869045182 -10536,4059589251
-9697,79750114982 -9697,79750114982 -10757,3341350498 -10201,7059811756
-9685,29605435485 -9685,29605435485 -11017,6310686993 -10092,9880911647
-9685,29605435485 -9685,29605435485 -10754,0461314011 -10284,7636006946
-9602,57302059758 -9602,57302059758 -11303,3024755675 -10262,4237596052
-9602,57302059758 -9602,57302059758 -11685,3745442781 -10694,1799976496
-9568,24080155004 -9568,24080155004 -10935,4564490611 -10022,7890959902
-9568,24080155004 -9568,24080155004 -11248,9579774429 -10268,9441143047
-9568,24080155004 -9568,24080155004 -11129,4336979881 -10409,3808771599
-9561,46981072225 -9561,46981072225 -11122,6391195925 -10163,3910345172
-9362,83199633632 -9362,83199633632 -11856,5060863963 -10370,1119698493
-9362,83199633632 -9362,83199633632 -11239,4085600387 -10269,0535884744
-9299,30614252441 -9299,30614252441 -10770,1764594141 -9757,04927917452
-9259,90880241118 -9259,90880241118 -10424,9728638087 -9819,06637043805
-9259,90880241118 -9259,90880241118 -11153,6284417173 -10074,8451325373
-9259,90880241118 -9259,90880241118 -11170,7922706728 -10016,3845378393
-9259,90880241118 -9277,92431170284 -10891,6895154402 -9778,47660024942
-9259,90880241118 -9277,92431170284 -11596,0282392052 -10188,278433961
-9259,90880241118 -9277,92431170284 -10934,295555811 -10051,2891789573
-9259,90880241118 -9326,7475803599 -11316,4629633846 -10110,0131308374
-9259,90880241118 -9326,7475803599 -11218,6621185887 -10111,4652548014
-9259,90880241118 -9326,7475803599 -11717,3848727797 -10398,7814111179
-9259,90880241118 -9326,7475803599 -11151,7558061699 -10180,9131175032
-9259,90880241118 -9326,7475803599 -11416,0171212418 -10306,9025251921
-9259,90880241118 -9326,7475803599 -10912,8258989834 -10016,4553899959
-9259,90880241118 -9326,7475803599 -11241,592511915 -10295,8017873456
-9259,90880241118 -9326,7475803599 -11087,2168501321 -9855,46540925568
-9259,90880241118 -9326,7475803599 -10694,4801841658 -10142,9903527187
-9259,90880241118 -9326,7475803599 -11597,1453457444 -10207,3206646949
-9259,90880241118 -9326,7475803599 -10842,4845654793 -10031,0856657862
-9259,90880241118 -9326,7475803599 -10971,8267007444 -9960,71386264645
-9259,90880241118 -9326,7475803599 -11416,0171212418 -10067,4759005104
-9259,90880241118 -9326,7475803599 -11158,6988593616 -10226,8490378428
-9259,90880241118 -9326,7475803599 -10423,6600648919 -9877,01789212079
-9259,90880241118 -9326,7475803599 -10991,8271557107 -10039,8489148173
-9259,90880241118 -9326,7475803599 -11305,7950043355 -10250,3712823574
-9238,34998012472 -9238,34998012472 -11066,7004959921 -9947,65075878181
-9238,34998012472 -9238,34998012472 -11475,8761354491 -10275,2540978668
-9080,96252152402 -9080,96252152402 -10449,0635381345 -9615,61753725184
-9050,38841479098 -9050,38841479098 -11347,5354618031 -9780,88701249182
-9050,38841479098 -9050,38841479098 -9874,41870581228 -9639,69965565735
-9050,38841479098 -9050,38841479098 -10673,6783121898 -9850,09723019464
-8787,77599075208 -8787,77599075208 -11960,6817651938 -9897,70133293484
-8787,77599075208 -8787,77599075208 -10378,2984806203 -9655,91584531487
-8779,47122622197 -8779,47122622197 -9830,10981595025 -9348,45930572487
-8779,47122622197 -8779,47122622197 -11374,6942979462 -9788,57605559455
-8779,47122622197 -8779,47122622197 -11646,3583469564 -9612,82193240491
-8779,47122622197 -8779,47122622197 -11106,8740336503 -9842,22658761435
-8779,47122622197 -8779,47122622197 -10897,2706764522 -9679,74225502927
-8779,47122622197 -8779,47122622197 -9721,42813176688 -9314,1326774989
-8779,47122622197 -8779,47122622197 -10819,7084800062 -9789,22298781592
-8779,47122622197 -8779,47122622197 -10009,0660097075 -9377,66623195822
-8779,47122622197 -8779,47122622197 -11250,0500747342 -10022,9734054507
-8779,47122622197 -8779,47122622197 -10470,7100409461 -9572,45364620868
-8779,47122622197 -8779,47122622197 -11035,088554893 -9764,25535169628
-8779,47122622197 -8779,47122622197 -11049,8689916065 -9841,00238236548
-8779,47122622197 -8779,47122622197 -10288,9714078354 -9709,63826362954
-8779,47122622197 -8779,47122622197 -10558,8169983473 -9470,22984803085
-8779,47122622197 -8779,47122622197 -10673,1908655281 -9685,65368365637
-8779,47122622197 -8779,47122622197 -10107,9471627337 -9369,66447069239
-8779,47122622197 -8779,47122622197 -11235,7584116991 -9515,25918880493
-8779,47122622197 -8779,47122622197 -11106,8740336503 -9563,36637462423
-8779,47122622197 -8779,47122622197 -10694,7841763188 -9811,15559074761
-8779,47122622197 -8779,47122622197 -11395,5586164826 -9900,61650069414
-8457,32855085317 -8457,32855085317 -10656,0477899244 -9222,91876333705
-8457,32855085317 -8457,32855085317 -10112,8092340781 -9227,675663696
-8457,32855085317 -8465,63331538327 -10399,8870169908 -9333,8742897488
-8457,32855085317 -8465,63331538327 -10093,4749142716 -9102,49016525701
-8457,32855085317 -8465,63331538327 -9847,68249459686 -9024,71692483541
-8457,32855085317 -8465,63331538327 -10172,4179284128 -9292,86511133246
-8457,32855085317 -8465,63331538327 -9865,56414526607 -9050,51151983191
-8457,32855085317 -8465,63331538327 -10367,9585998082 -9194,91262719174
-8457,32855085317 -8465,63331538327 -11184,5679768804 -9558,88002375778
-8457,32855085317 -8465,63331538327 -9810,91038922394 -9229,30293075923
-8457,32855085317 -8465,63331538327 -10727,3250959281 -9225,91284859039
-8457,32855085317 -8465,63331538327 -10014,3928361886 -9267,33400310783
-8457,32855085317 -8465,63331538327 -10505,8705691675 -9336,80101227622
-8457,32855085317 -8465,63331538327 -11184,5679768804 -9487,63245796342
-8457,32855085317 -8465,63331538327 -10553,5070674924 -9220,78653180049
-8457,32855085317 -8465,63331538327 -10107,3739378296 -9263,41363261807
-8457,32855085317 -8465,63331538327 -10255,4820478124 -9289,66945175284
-8457,32855085317 -8465,63331538327 -10487,8922593525 -9263,52248133411
-8416,96999476673 -8416,96999476673 -10848,7681429523 -9148,33423244393
-8416,96999476673 -8416,96999476673 -9996,93800228208 -9095,6335617568
-8416,96999476673 -8416,96999476673 -10290,5782834239 -9366,43361065871
-8416,96999476673 -8416,96999476673 -9788,1231640638 -8914,47420579699
-8416,96999476673 -8416,96999476673 -10059,1117107706 -9312,9637045962
-8416,96999476673 -8416,96999476673 -10929,855691757 -9482,90639904514
-8416,96999476673 -8416,96999476673 -9981,00162988024 -9538,50102388951
-8416,96999476673 -8416,96999476673 -10088,6272672941 -9102,13040182055
-8416,96999476673 -8416,96999476673 -10109,1503634473 -9322,04881815948
-8416,96999476673 -8416,96999476673 -10103,2889600793 -9235,59268397756
-8410,84057575702 -8410,84057575702 -10553,352457444 -9532,15628760784
-8410,84057575702 -8410,84057575702 -10685,8097538875 -9159,20306523298
-8410,84057575702 -8410,84057575702 -9748,26603102858 -9087,0509660952
-8410,84057575702 -8410,84057575702 -10721,5743421776 -9356,9363449356
-8410,84057575702 -8410,84057575702 -9902,9307315169 -9188,4470136538
-8330,06693779382 -8330,06693779382 -10189,2683777877 -9314,14220016291
-8330,06693779382 -8330,06693779382 -9679,11700150745 -8934,25693659441
-8330,06693779382 -8330,06693779382 -10044,5927871174 -9012,26751351119
-8330,06693779382 -8330,06693779382 -10605,0361159243 -8878,61079477088
-8330,06693779382 -8330,06693779382 -10298,5689230752 -9246,12993704316
-8330,06693779382 -8330,06693779382 -9770,38700925893 -9024,59499524039
-8330,06693779382 -8330,06693779382 -10232,3922222187 -9273,79810813822
-8330,06693779382 -8330,06693779382 -9863,6782520845 -9080,09248475964
-8330,06693779382 -8330,06693779382 -10345,2974539617 -8961,48470150954
-8330,06693779382 -8330,06693779382 -11107,5511318976 -9172,01132154856
-8330,06693779382 -8330,06693779382 -9616,67710738493 -9136,8992093837
-8330,06693779382 -8330,06693779382 -10134,2239758712 -9223,70932726384
-8330,06693779382 -8330,06693779382 -10557,5500551791 -9182,95556447607
-8330,06693779382 -8330,06693779382 -11203,9377988616 -9297,02789928521
-8330,06693779382 -8330,06693779382 -10219,8748046434 -9397,72659177856
-8330,06693779382 -8330,06693779382 -9774,28205744225 -9107,94842405241
-8330,06693779382 -8330,06693779382 -9827,95189867193 -9034,9432616621
-8330,06693779382 -8330,06693779382 -10713,2017653629 -9442,5677928116
-8330,06693779382 -8330,06693779382 -10462,3420142199 -8898,86995192895
-8330,06693779382 -8330,06693779382 -11127,8389597613 -9030,67505355775
-8330,06693779382 -8330,06693779382 -9727,7828010289 -9027,02212167725
-8330,06693779382 -8330,06693779382 -10379,7444427764 -9218,98988391267
-8330,06693779382 -8330,06693779382 -11203,9377988616 -9355,19701319222
-8330,06693779382 -8330,06693779382 -10126,4400145551 -9360,80033932088
-8330,06693779382 -8330,06693779382 -9524,18897213801 -9052,29343832263
-8330,06693779382 -8330,06693779382 -9294,15362268113 -8812,25654898383
-8330,06693779382 -8330,06693779382 -10639,8980775101 -9318,7732688415
-8330,06693779382 -8330,06693779382 -10640,8007042144 -9477,28501230168
-8330,06693779382 -8330,06693779382 -10282,9952132417 -9063,55329967567
-8321,14114606318 -8321,14114606318 -9563,20208457676 -8817,00089260502
-8321,14114606318 -8321,14114606318 -10639,2450735656 -9171,86617949305
-8321,14114606318 -8321,14114606318 -9884,27941384621 -9301,25766315387
-8321,14114606318 -8321,14114606318 -10356,8720186512 -9365,39750389388
-8321,14114606318 -8321,14114606318 -10776,0709046184 -9158,41543060405
-8321,14114606318 -8321,14114606318 -11231,434496466 -9401,6392241202
-8321,14114606318 -8323,6544260838 -10094,7667365176 -8973,13829451824
-8321,14114606318 -8323,6544260838 -9393,370259629 -8917,74474450169
-8321,14114606318 -8323,6544260838 -10460,036888761 -9190,79618007117
-8321,14114606318 -8322,51985959449 -10434,4802437154 -9193,12190066863
-8321,14114606318 -8322,51985959449 -10479,0040679457 -9387,87999433396
-8321,14114606318 -8322,51985959449 -10643,0756335357 -9288,71287083948
-8321,14114606318 -8322,51985959449 -10306,0599245113 -9027,95529191926
-8321,14114606318 -8322,51985959449 -10086,0242483242 -9086,82172846403
-8321,14114606318 -8322,51985959449 -9704,56903880807 -8891,09395517474
-8321,14114606318 -8322,51985959449 -10584,2116401393 -9355,64948378126
-8321,14114606318 -8322,51985959449 -9377,10735866927 -8882,47066202514
-8321,14114606318 -8322,51985959449 -10283,3567895284 -9332,64210905213
-8321,14114606318 -8322,51985959449 -10208,6719253952 -9274,47006876783
-8321,14114606318 -8322,51985959449 -10252,6035892741 -8939,68268557561
-8321,14114606318 -8322,51985959449 -9510,03287369098 -9118,111994021
-8321,14114606318 -8322,51985959449 -9815,10404180763 -8902,93878653458
-8321,14114606318 -8322,51985959449 -9940,55602026174 -9093,60045561129
-8321,14114606318 -8322,51985959449 -10500,5303574693 -9125,43551001594
-8321,14114606318 -8322,51985959449 -9510,40943650204 -9009,57715567835
-8321,14114606318 -8322,51985959449 -10291,0218448759 -9023,34257662772
-8321,14114606318 -8322,51985959449 -9850,42556440598 -8988,173267509
-8321,14114606318 -8322,51985959449 -11120,2918815619 -9146,4815675203
-8321,14114606318 -8322,51985959449 -10102,834785789 -9246,2248165176
-8321,14114606318 -8322,51985959449 -9850,42556440598 -9059,94197446979
-8321,14114606318 -8322,51985959449 -9852,61954876909 -9021,05202846204
-8321,14114606318 -8322,51985959449 -9820,63995572196 -8917,22880589375
-8321,14114606318 -8322,51985959449 -10227,9250564268 -9215,81385631864
-8321,14114606318 -8322,51985959449 -10777,4496181497 -9237,23486977459
-8321,14114606318 -8331,76812683635 -10424,9895710312 -9400,90859267985
-8321,14114606318 -8331,76812683635 -10488,546391773 -9193,88892205842
-8321,14114606318 -8331,76812683635 -10274,3265929739 -9198,18231792817
-8321,14114606318 -8331,76812683635 -10326,3934431704 -9116,30067999151
-8321,14114606318 -8331,76812683635 -10719,5732816644 -9508,7527321455
-8321,14114606318 -8331,76812683635 -10168,5821942643 -9138,90169604917
-8321,14114606318 -8331,76812683635 -9945,75616278816 -8933,08999431911
-8321,14114606318 -8331,76812683635 -9494,78229874706 -8746,10963430292
-8321,14114606318 -8331,76812683635 -9864,65906726288 -9072,24746149237
-8321,14114606318 -8331,76812683635 -10066,4791889222 -9262,3735225156
-8321,14114606318 -8331,76812683635 -10844,7166384208 -9274,99977799068
-8321,14114606318 -8331,76812683635 -9887,84525876068 -8948,35390101738
-8321,14114606318 -8331,76812683635 -9557,5925436307 -8743,02959280897
-8321,14114606318 -8331,76812683635 -10354,0270708056 -8990,84773606858
-8245,56834167227 -8245,56834167227 -8970,54286767985 -8657,5174088673
-8245,56834167227 -8245,56834167227 -10241,0847787102 -9109,48476956362
-8245,56834167227 -8245,56834167227 -9633,31219287848 -9054,38767243816
-8245,56834167227 -8245,56834167227 -10025,8832678668 -9104,86749593325
-8245,56834167227 -8245,56834167227 -10312,8598469141 -9234,62122650987
-8245,56834167227 -8245,56834167227 -10198,4966171202 -8962,13182344413
-8245,56834167227 -8245,56834167227 -9832,22797504197 -9085,85574552455
-8245,56834167227 -8246,70290816157 -10049,7253797497 -8883,48889860027
-8245,56834167227 -8246,70290816157 -10842,9022328459 -9237,17381224068
-8245,56834167227 -8246,70290816157 -10108,0706260396 -9464,9828884643
-8245,56834167227 -8246,70290816157 -9389,84633652659 -8824,01885911969
-8245,56834167227 -8246,70290816157 -10068,5327671432 -8800,82973651245
-8245,56834167227 -8268,20727016328 -9223,35285307797 -8591,33436293873
-8245,56834167227 -8268,20727016328 -10564,9944127243 -9096,02730346804
-8245,56834167227 -8268,20727016328 -10064,5803469246 -8993,5842681119
-8245,56834167227 -8268,20727016328 -9805,48000969127 -9200,16919209615
-8245,56834167227 -8268,20727016328 -9796,11297497478 -9017,07709323565
-8245,56834167227 -8268,20727016328 -9853,61916002347 -9156,75525584628
-8245,56834167227 -8262,68187672826 -9959,4460848874 -9091,01520652552
-8245,56834167227 -8262,68187672826 -10409,9937640174 -9059,38382075745
-8245,56834167227 -8262,68187672826 -10305,5611291364 -9091,6552032068
-8245,56834167227 -8262,68187672826 -9994,88792193781 -8779,19602872316
-8245,56834167227 -8262,68187672826 -10298,4127493163 -9031,6600516512
-8245,56834167227 -8262,68187672826 -10018,8622665301 -9299,95602599797
-8245,56834167227 -8262,68187672826 -10055,1898345294 -9041,20736027913
-8245,56834167227 -8262,68187672826 -10656,8512727222 -9204,62380288829
-8245,56834167227 -8250,3898498962 -9304,61464609746 -8760,70024905668
-8245,56834167227 -8250,3898498962 -10836,6326588173 -9534,8735578844
-8245,56834167227 -8250,3898498962 -10195,9815555986 -9266,80476534446
-8245,56834167227 -8250,3898498962 -9395,8607765839 -8910,33312537711
-8245,56834167227 -8250,3898498962 -10561,1236163168 -9366,40544030808
-8245,56834167227 -8251,84757422579 -10407,1681148329 -9209,57272684378
-8245,56834167227 -8282,44594031569 -10569,9515017282 -9146,40079440332
-8245,56834167227 -8282,44594031569 -10438,9301486669 -9263,36736037542
-8245,56834167227 -8282,44594031569 -10130,1631731748 -9058,0924317752
-8245,56834167227 -8282,44594031569 -9351,42768276255 -8798,50728954257
-8245,56834167227 -8282,44594031569 -10235,3742157636 -9488,88633116358
-8245,56834167227 -8282,44594031569 -9472,08728997852 -8908,19517128437
-8245,56834167227 -8282,44594031569 -10265,9860052325 -9118,98232429226
-8245,56834167227 -8282,44594031569 -10438,9301486669 -9398,42582825843
-8245,56834167227 -8282,44594031569 -10304,7048842849 -8923,35813416637
-8245,56834167227 -8282,44594031569 -10370,3196924248 -9570,74453446282
-8245,56834167227 -8282,44594031569 -10254,193016045 -9170,1087761328
-8245,56834167227 -8282,44594031569 -9578,20494985578 -9086,34548418629
-8245,56834167227 -8282,44594031569 -10112,4157304846 -8871,38435034635
-8245,56834167227 -8282,44594031569 -10393,2717579473 -9432,12513166909
-8245,56834167227 -8282,44594031569 -9905,33747867615 -9120,64343247171
-8245,56834167227 -8282,44594031569 -9748,59200519479 -9075,78753332514
-8245,56834167227 -8282,44594031569 -9974,62630899625 -8953,05711287959
-8245,56834167227 -8282,44594031569 -10354,922951572 -9152,08392842559
-8245,56834167227 -8282,44594031569 -10243,2828702496 -8889,12597384956
-8245,56834167227 -8282,44594031569 -9950,58674978794 -9093,41036639021
-8245,56834167227 -8282,44594031569 -10354,922951572 -9302,79693009472
-8245,56834167227 -8282,44594031569 -10156,0542289728 -9096,35194414244
-8245,56834167227 -8282,44594031569 -10717,690604784 -9328,06405870255
-8245,56834167227 -8282,44594031569 -10862,6017090549 -9401,05202255345
-8245,56834167227 -8282,44594031569 -10254,193016045 -8972,15679234053
-8245,56834167227 -8282,44594031569 -9443,40011272343 -8940,12310045359
-8245,56834167227 -8282,44594031569 -10431,651331186 -9202,93418571461
-8245,56834167227 -8282,44594031569 -9712,30696321563 -8942,17562093309
-8232,02834637425 -8232,02834637425 -9824,14283791616 -8975,80162023611
-8232,02834637425 -8232,02834637425 -9993,06570625059 -8975,88166276084
-8232,02834637425 -8232,02834637425 -9854,91988473471 -8952,13406421593
-8232,02834637425 -8232,02834637425 -10379,9515185449 -9176,39671327905
-8232,02834637425 -8232,02834637425 -9465,70512318022 -9020,76991066049
-8232,02834637425 -8232,02834637425 -10489,2816642393 -8726,81218244422
-8232,02834637425 -8232,02834637425 -9668,88788981785 -8879,84002924882
-8232,02834637425 -8232,02834637425 -9326,60215124655 -8607,51556974374
-8232,02834637425 -8232,02834637425 -9818,68797974396 -9095,50543504753
-8232,02834637425 -8232,02834637425 -11105,8992074421 -9125,15316407574
-8232,02834637425 -8232,02834637425 -9829,68050398466 -9021,42646596166
-8232,02834637425 -8232,02834637425 -9565,50550438661 -9167,31457516946
-8232,02834637425 -8232,02834637425 -10385,4553834001 -9237,39523086538
-8232,02834637425 -8232,02834637425 -9196,61427653471 -8798,90440086922
-8229,51506635364 -8229,51506635364 -10560,4422392353 -9106,09910959061
-8229,51506635364 -8240,38188485327 -9437,20221416453 -8731,47814393702
-8229,51506635364 -8240,38188485327 -10675,6265493216 -9335,41011591553
-8229,51506635364 -8240,38188485327 -10191,4713444208 -9034,48201552395
-8229,51506635364 -8240,38188485327 -9568,85782136499 -8809,40669448162
-8229,51506635364 -8240,38188485327 -10393,8089218791 -9454,32434728395
-8229,51506635364 -8240,38188485327 -10829,801240311 -9251,92348487513
-8229,51506635364 -8240,38188485327 -10122,8573987927 -9233,62336469157
-8229,51506635364 -8238,92416052367 -9895,22799187928 -8943,22671591454
-8229,51506635364 -8238,92416052367 -10657,9148282046 -9310,82466545515
-8229,51506635364 -8238,92416052367 -10146,2466850855 -9245,42956962893
-8223,15328479362 -8223,15328479362 -10234,6532029788 -9072,30662822943
-8223,15328479362 -8223,15328479362 -10130,4758093555 -9054,464291306
-8223,15328479362 -8223,15328479362 -9567,50545564513 -9060,33277189869
-8223,15328479362 -8223,15328479362 -10802,0529521407 -9033,89508337128
-8201,64892279191 -8201,64892279191 -10707,5318374679 -9243,56458587239
-8201,64892279191 -8201,64892279191 -10656,5786813471 -9199,51193477415
-8201,64892279191 -8201,64892279191 -10248,3643231494 -9239,60131631023
-8201,64892279191 -8201,64892279191 -9043,07585952276 -8698,0385491026
-8201,64892279191 -8201,64892279191 -9996,74824530217 -8896,09897834285
-8201,64892279191 -8201,64892279191 -10268,9404280337 -9079,88839325437
-8201,64892279191 -8201,64892279191 -9919,18518937883 -9170,59053151215
-8201,64892279191 -8201,64892279191 -9649,25164971434 -8938,50690422364
-8201,52494036995 -8201,52494036995 -10999,4209447594 -9136,23844095531
-8201,52494036995 -8201,52494036995 -10269,7434334008 -8754,06867018474
-8201,52494036995 -8201,52494036995 -10560,6397855635 -9046,41082343725
-8201,52494036995 -8201,52494036995 -9919,06120695687 -8948,46883378657
-8201,52494036995 -8201,52494036995 -9704,92779089269 -8822,0878517388
-8201,52494036995 -8201,52494036995 -10519,6288678723 -9276,61789501807
-8201,52494036995 -8201,52494036995 -9991,92093376866 -8927,43259480222
-8201,52494036995 -8201,52494036995 -10094,5481070859 -9018,15912904771
-8201,52494036995 -8201,52494036995 -10170,0269256513 -9043,8627600544
-8201,52494036995 -8201,52494036995 -10422,4583849952 -9229,32216121744
-8201,52494036995 -8201,52494036995 -10023,3547993515 -8970,94407286235
-8201,52494036995 -8201,52494036995 -9791,40645330831 -9166,28603921399
-8201,52494036995 -8201,52494036995 -9302,70123812219 -8695,97222513082
-8201,52494036995 -8201,52494036995 -10241,7621941542 -9226,9800952698
-8201,52494036995 -8201,52494036995 -9963,0938649581 -9097,97101553014
-8201,52494036995 -8204,03822039057 -10714,4734519544 -9295,25930750101
-8201,52494036995 -8204,03822039057 -9984,35314658509 -9100,70011227352
-8201,52494036995 -8204,03822039057 -10515,9905300025 -9363,90367025888
-8201,52494036995 -8204,03822039057 -10418,0148010226 -9486,19533153057
-8201,52494036995 -8204,03822039057 -10553,4906464725 -8827,44925903985
-8201,52494036995 -8204,03822039057 -10587,1730479596 -9173,08110252133
-8184,14360569781 -8184,14360569781 -9414,73767309474 -8740,14784659961
-8184,14360569781 -8184,14360569781 -10152,6455909792 -9300,52154526929
-8184,14360569781 -8184,14360569781 -9945,71253028596 -9074,478383583
-8184,14360569781 -8184,14360569781 -10135,2330652654 -8996,46052074011
-8184,14360569781 -8184,14360569781 -9655,05847421986 -8626,87718592364
-8184,14360569781 -8184,14360569781 -10020,9576731258 -8980,89313941159
-8184,14360569781 -8184,14360569781 -9974,93289594709 -9004,83272083982
-8184,14360569781 -8199,91448142787 -10089,5488025301 -8913,19312795855
-8184,14360569781 -8199,91448142787 -10454,0458504693 -9120,61892643405
-8184,14360569781 -8199,91448142787 -10356,398689779 -9213,23717129529
-8184,14360569781 -8199,91448142787 -9604,56176560235 -8721,50738653242
-8184,14360569781 -8199,91448142787 -9978,34228345856 -9148,7830990119
-8184,14360569781 -8199,91448142787 -9253,23998114537 -8711,91639442944
-8184,14360569781 -8199,91448142787 -10796,1138061122 -9239,02017501399
-8184,14360569781 -8199,91448142787 -10287,788233537 -8984,12566628331
-8184,14360569781 -8199,91448142787 -10222,1734253971 -8942,20646456401
-8184,14360569781 -8199,91448142787 -9741,07877623825 -8698,56888692866
-8184,14360569781 -8199,91448142787 -10268,1329744588 -8972,25004118929
-8184,14360569781 -8248,86541970668 -10211,8165639641 -9203,77172858723
-8184,14360569781 -8248,86541970668 -9317,0445841747 -8764,31836163323
-8184,14360569781 -8248,86541970668 -9903,71152673268 -8840,13617718099
-8184,14360569781 -8248,86541970668 -10243,4907360408 -9480,62980067847
-8184,14360569781 -8248,86541970668 -9778,96510888128 -8920,01343792559
-8184,14360569781 -8248,86541970668 -9848,67505621437 -8876,77549584402
-8184,14360569781 -8248,86541970668 -10295,5808200641 -9178,62295902838
-8184,14360569781 -8248,86541970668 -11046,6374416741 -9489,86504218754
-8184,14360569781 -8248,86541970668 -10540,1061917025 -9386,43162217705
-8184,14360569781 -8248,86541970668 -9983,57648179253 -9212,8259447844
-8184,14360569781 -8248,86541970668 -9576,91895785857 -8746,10271532562
-8184,14360569781 -8248,86541970668 -10560,8177293186 -9319,5242649454
-8184,14360569781 -8248,86541970668 -9790,56231730714 -8893,04805290702
-8184,14360569781 -8248,86541970668 -10014,6009981132 -9022,1529327373
-8184,14360569781 -8248,86541970668 -10336,7391718158 -9018,48812611593
-8184,14360569781 -8248,86541970668 -10385,2478823839 -8971,549903132
-8184,14360569781 -8248,86541970668 -10295,5808200641 -9144,73184046296
-8184,14360569781 -8248,86541970668 -10117,780798848 -9339,27954587439
-8184,14360569781 -8248,86541970668 -9746,98551583414 -8871,82453018827
-8184,14360569781 -8248,86541970668 -10135,0174855074 -9224,47635987298
-8184,14360569781 -8248,86541970668 -9318,58125325188 -8988,25294476998
-8184,14360569781 -8248,86541970668 -10559,5991861273 -9343,09995918236
-8184,14360569781 -8248,86541970668 -10016,3004039049 -9143,03177875804
-8184,14360569781 -8248,86541970668 -10359,6912373383 -9019,4336216739
-8184,14360569781 -8248,86541970668 -10045,238496468 -9257,55077999421
-8184,14360569781 -8248,86541970668 -10137,9830917075 -9141,48501744569
-8184,14360569781 -8248,86541970668 -10632,0002472757 -9343,68213399972
-8184,14360569781 -8248,86541970668 -9710,81921419597 -8985,48727274116
-8184,14360569781 -8248,86541970668 -10289,1026734909 -9175,74008589857
-8184,14360569781 -8248,86541970668 -9983,82820335007 -9106,737806109
-8184,14360569781 -8248,86541970668 -10502,9967887481 -9544,33903465276
-8184,14360569781 -8248,86541970668 -9822,09324768563 -8951,26586251808
-8184,14360569781 -8248,86541970668 -10287,1453340833 -9062,12417172451
-8184,14360569781 -8248,86541970668 -10256,4428150049 -9032,48243539374
-8184,14360569781 -8248,86541970668 -9954,10244934103 -9040,7921458139
-8184,14360569781 -8248,86541970668 -11159,1587701095 -9270,31579525846
-8184,14360569781 -8244,06906622575 -10860,1988736673 -9015,35033393275
-8184,14360569781 -8244,06906622575 -9922,40567907677 -9012,71464171845
-8184,14360569781 -8244,06906622574 -9215,86153125985 -8828,83384583722
-8184,14360569781 -8244,06906622574 -11154,3624166285 -9448,6738179414
-8184,14360569781 -8244,06906622574 -10603,1839114193 -9262,72237325865
-8184,14360569781 -8244,06906622574 -10354,8948838574 -9064,80341074636
-8184,14360569781 -8195,11812794694 -9583,17215316511 -8810,87200927232
-8184,14360569781 -8195,11812794694 -9946,06760033104 -8955,83652163172
-8184,14360569781 -8195,11812794694 -10263,3366209778 -8870,2278029091
-8184,14360569781 -8195,11812794694 -9984,96686037609 -9005,64477791234
-8184,14360569781 -8195,11812794694 -10578,252955516 -9006,99589040456
-8184,14360569781 -8195,11812794694 -10101,5089552674 -8924,50681251767
-8184,14360569781 -8195,11812794694 -9863,25893741918 -9137,15880788614
-8184,14360569781 -8195,11812794694 -10343,0413001176 -9050,42517353273
-8184,14360569781 -8195,11812794694 -9635,43819941205 -8987,44891613929
-8184,14360569781 -8195,11812794694 -9945,78866957262 -9120,31782784318
-8184,14360569781 -8195,11812794694 -10914,052789444 -9429,83908419181
-8184,14360569781 -8195,11812794694 -9970,42321906192 -8892,4880354938
-8184,14360569781 -8195,11812794694 -10262,4096331888 -9047,19115039504
-8184,14360569781 -8195,11812794694 -10351,6023362981 -8902,86874554452
-8184,14360569781 -8195,41443729448 -10630,3627924153 -8893,31210182575
-8184,14360569781 -8222,6710761511 -10547,8854080787 -9320,07164708617
-8184,14360569781 -8222,6710761511 -10289,9625813929 -9200,4980900005
-8184,14360569781 -8222,6710761511 -10015,3607859843 -9053,13240199159
-8184,14360569781 -8222,6710761511 -9968,70678883764 -9057,11621205367
-8184,14360569781 -8222,6710761511 -10261,2097278329 -9019,00651294474
-8184,14360569781 -8222,6710761511 -10936,4949504264 -9358,12130548084
-8184,14360569781 -8222,6710761511 -10533,0041203409 -9346,16106979479
-8184,14360569781 -8222,6710761511 -9430,35822396199 -8921,99245773992
-8184,14360569781 -8222,6710761511 -9961,51822202671 -9115,85291933893
-8184,14360569781 -8222,6710761511 -9926,49865402084 -9084,03858151321
-8184,14360569781 -8222,6710761511 -10129,9936007129 -9241,07033113268
-8184,14360569781 -8222,6710761511 -10095,6695337848 -8970,38726979664
-8184,14360569781 -8222,6710761511 -9312,15024719148 -8863,27858168353
-8184,14360569781 -8222,6710761511 -10105,5732508918 -9252,56613479352
-8184,14360569781 -8222,6710761511 -9697,1582245095 -8815,68373067474
-8184,14360569781 -8222,6710761511 -10108,8231419519 -9111,21535134198
-8184,14360569781 -8222,6710761511 -10129,4105361126 -9013,29415016421
-8184,14360569781 -8222,6710761511 -10936,4949504264 -9149,6041268528
-8184,14360569781 -8222,6710761511 -10348,7146925254 -9375,87837368124
-8184,14360569781 -8222,6710761511 -10348,7146925254 -9223,15719162591
-8184,14360569781 -8222,6710761511 -10095,1163766687 -9200,6062315933
-8184,14360569781 -8222,6710761511 -9709,94689221567 -8841,9464565346
-8184,14360569781 -8222,6710761511 -9878,27675921188 -8905,77955011003
-8184,14360569781 -8222,6710761511 -10110,8423576585 -9500,22559480095
-8184,14360569781 -8222,6710761511 -9804,26971359612 -8851,00176232102
-8184,14360569781 -8222,6710761511 -9738,56127409634 -8869,73187787013
-8184,14360569781 -8222,6710761511 -9979,33454213225 -8980,01095959571
-8184,14360569781 -8222,6710761511 -10087,2791317776 -9115,11861263131
-8184,14360569781 -8222,6710761511 -10353,4412468886 -9288,14028669549
-8184,14360569781 -8222,6710761511 -9753,69533684346 -9203,16678021439
-8184,14360569781 -8222,6710761511 -9788,92023062204 -9247,14110550761
-8184,14360569781 -8222,6710761511 -9621,60274479747 -9070,96289238025
-8184,14360569781 -8222,6710761511 -10527,1472598474 -9236,56316969869
-8184,14360569781 -8222,6710761511 -10936,4949504264 -9277,42270600085
-8184,14360569781 -8222,6710761511 -9235,90547888267 -8788,4597344842
-8184,14360569781 -8222,6710761511 -9708,64601510304 -9067,01560879977
-8184,14360569781 -8222,6710761511 -10068,8130782421 -9091,73155801784
-8184,14360569781 -8222,6710761511 -9997,97616726608 -9056,60559743481
-8184,14360569781 -8222,6710761511 -11122,5816832587 -8918,3636514397
-8184,14360569781 -8222,6710761511 -10678,9582616283 -9027,55178568953
-8184,14360569781 -8222,6710761511 -10337,3748293671 -9046,99262022235
-8184,14360569781 -8222,6710761511 -10015,1790339523 -8797,56655889081
-8184,14360569781 -8222,6710761511 -9409,88987786529 -8812,66515007272
-8184,14360569781 -8222,6710761511 -9863,60529702178 -8902,27487795924
-8184,14360569781 -8222,6710761511 -10155,8025448034 -9005,27580511462
-8184,14360569781 -8222,6710761511 -9718,94000982064 -8872,03454354094
-8184,14360569781 -8222,6710761511 -10115,6942428671 -8955,31926089718
-8184,14360569781 -8222,6710761511 -9753,69533684346 -8855,49666278333
-8184,14360569781 -8222,6710761511 -9406,82018944967 -9034,73843105971
-8184,14360569781 -8222,6710761511 -9790,19063118981 -8910,4065502872
-8184,14360569781 -8222,6710761511 -10260,9509905277 -9019,24930844766
-8184,14360569781 -8222,6710761511 -10129,4105361126 -9440,67943733663
-8184,14360569781 -8222,6710761511 -10370,5942483218 -9070,43481716679
-8184,14360569781 -8222,6710761511 -10547,1994228979 -8918,28199038532
-8184,14360569781 -8222,6710761511 -10323,361547647 -8901,50267644223
-8184,14360569781 -8222,6710761511 -9905,0891244089 -9220,35170698159
-8184,14360569781 -8222,6710761511 -9892,63452804176 -8982,92196272241
-8184,14360569781 -8222,6710761511 -9927,345635438 -8847,87342063391
-8184,14360569781 -8222,6710761511 -9737,17795090023 -8930,19565637527
-8184,14360569781 -8222,6710761511 -10061,2042027697 -9102,56427526539
-8184,14360569781 -8222,6710761511 -9867,91501738892 -9266,51789897471
-8184,14360569781 -8222,6710761511 -9812,56769139571 -8858,50412774094
-8184,14360569781 -8222,6710761511 -10129,4105361126 -9116,90315577935
-8184,14360569781 -8222,6710761511 -9227,82141519176 -8743,41229534145
-8184,14360569781 -8222,6710761511 -9507,48475197546 -8989,61121011753
-8184,14360569781 -8222,6710761511 -11054,1572995832 -9192,87613061364
-8184,14360569781 -8222,6710761511 -10584,1499681382 -9221,91026891962
-8184,14360569781 -8222,6710761511 -10499,3735050471 -9085,85355076162
-8184,14360569781 -8222,6710761511 -9822,53690053963 -8860,73251904555
-8184,14360569781 -8222,6710761511 -9800,43168528311 -9111,45024114002
-8184,14360569781 -8222,6710761511 -10381,0854816832 -9410,47070854343
-8184,14360569781 -8222,6710761511 -10615,4015489687 -9319,42206694648
-8184,14360569781 -8222,6710761511 -9645,97295813068 -8934,0759546425
-8184,14360569781 -8222,6710761511 -9412,31242581392 -8827,10383688753
-8184,14360569781 -8224,69017514309 -10377,9431551714 -8948,06130806077
-8184,14360569781 -8224,69017514309 -10017,1981329443 -9148,23600049059
-8184,14360569781 -8224,69017514309 -9467,33869586247 -8768,21529035457
-8184,14360569781 -8224,69017514309 -9981,35364112424 -8887,97093990427
-8184,14360569781 -8224,69017514309 -10265,0701322628 -9332,70473011072
-8184,14360569781 -8224,69017514309 -9974,61262794407 -9006,88542841894
-8184,14360569781 -8222,17689512248 -10219,3154914772 -9016,66461217996
-8184,14360569781 -8222,17689512248 -9718,58544974741 -8867,82918463237
-8184,14360569781 -8222,17689512248 -10193,9239708518 -9256,64695900876
-8184,14360569781 -8222,17689512248 -10534,1292047344 -9237,42959899473
-8184,14360569781 -8222,17689512248 -10218,5772418091 -9180,04474067301
-8184,14360569781 -8222,17689512248 -9297,43475892454 -8840,7429485144
-8184,14360569781 -8222,17689512248 -9987,9381340988 -9138,77230196664
-8184,14360569781 -8222,17689512248 -9819,79637125893 -9047,00622169943
-8184,14360569781 -8222,17689512248 -10322,8673666184 -9058,3384530842
-8184,14360569781 -8222,17689512248 -10310,0506472316 -9159,70637944283
-8184,14360569781 -8222,17689512248 -9915,36207134326 -8997,83348027905
-8184,14360569781 -8222,17689512248 -9762,22120307375 -8892,12954489485
-8184,14360569781 -8222,17689512248 -9242,18917732612 -8915,70925212545
-8184,14360569781 -8222,17689512248 -10833,5103490831 -9241,49118328325
-8184,14360569781 -8222,17689512248 -9529,66417255774 -8791,34688204177
-8184,14360569781 -8222,17689512248 -9787,26543784716 -8972,66723494645
-8184,14360569781 -8222,17689512248 -10566,9130163216 -8940,6938595649
-8184,14360569781 -8222,17689512248 -9926,85145440938 -9489,61325569756
-8184,14360569781 -8222,17689512248 -9421,65341433665 -8634,566395608
-8184,14360569781 -8222,17689512248 -10461,8678419174 -9300,09964110245
-8184,14360569781 -8222,17689512248 -10370,1000672931 -9123,50411751376
-8184,14360569781 -8222,17689512248 -10583,6557871096 -8856,42334029475
-8184,14360569781 -8222,17689512248 -9489,38858342659 -8884,83058950572
-8184,14360569781 -8222,17689512248 -10083,5446130005 -9018,53828650818
-8184,14360569781 -8222,17689512248 -10128,5677224429 -8946,15356504259
-8184,14360569781 -8222,17689512248 -11122,0875022301 -9354,33806663887
-8184,14360569781 -8222,17689512248 -10404,4963088365 -8939,14515920186
-8184,14360569781 -8206,40601939243 -9464,82541584185 -8745,75150444015
-8184,14360569781 -8206,40601939243 -10518,3583290044 -9259,39941871249
-8184,14360569781 -8206,40601939243 -10112,7968467129 -8965,62761892822
-8184,14360569781 -8206,40601939243 -9764,83408082428 -8908,35140322683
-8184,14360569781 -8206,40601939243 -10307,0964908883 -9121,90908729818
-8184,14360569781 -8206,40601939243 -9859,56331202918 -9214,74273858368
-8184,14360569781 -8206,40601939243 -10501,4422950665 -9006,65693395979
-8184,14360569781 -8208,91929941304 -10167,2429493263 -9343,72129898748
-8184,14360569781 -8208,91929941304 -10247,4579510948 -9080,40342448795
-8184,14360569781 -8208,91929941304 -9877,06010888529 -8922,13756297772
-8184,14360569781 -8208,91929941304 -10553,6554206121 -9116,0394697933
-8184,14360569781 -8208,91929941304 -10382,1040781224 -9170,61087757205
-8184,14360569781 -8208,91929941304 -9190,31371635296 -8709,4916398833
-8184,14360569781 -8208,91929941304 -9017,10696342532 -8709,51332309033
-8184,14360569781 -8208,91929941304 -10537,3331922741 -9047,95920980358
-8184,14360569781 -8208,91929941304 -9901,93980884169 -9191,68474420125
-8184,14360569781 -8208,91929941304 -10479,3170647975 -8938,86208951913
-8184,14360569781 -8208,91929941304 -9509,3564636121 -9029,96679097789
-8184,14360569781 -8208,91929941304 -9899,25293910865 -9082,26975800946
-8184,14360569781 -8208,91929941304 -9435,28195275124 -8782,78759543641
-8184,14360569781 -8208,91929941304 -9832,05468106431 -8959,6563226075
-8184,14360569781 -8208,91929941304 -9753,8252325686 -9071,38869409842
-8184,14360569781 -8208,91929941304 -10397,1737715363 -9323,30559393384
-8184,14360569781 -8208,91929941304 -9773,45937575822 -9034,99142295673
-8184,14360569781 -8208,91929941304 -9909,19147720646 -8909,89300024889
-8184,14360569781 -8208,91929941304 -10610,0777470507 -9163,85678948952
-8184,14360569781 -8208,91929941304 -9824,019388838 -9028,99836481897
-8184,14360569781 -8208,91929941304 -10185,2681791788 -9335,56469687753
-8184,14360569781 -8208,91929941304 -9691,73352715632 -8875,06170455011
-8184,14360569781 -8208,91929941304 -9496,34623982954 -8868,4212339461
-8184,14360569781 -8208,91929941304 -10326,7187496432 -9256,69223119605
-8184,14360569781 -8208,91929941304 -9978,62179654241 -9188,87791651072
-8184,14360569781 -8208,91929941304 -10939,4849262277 -9141,24294768885
-8184,14360569781 -8208,91929941304 -10820,2527533737 -9118,76366284804
-8184,14360569781 -8208,91929941304 -10249,2992565328 -9249,74243538547
-8184,14360569781 -8208,91929941304 -9748,96360736431 -9022,12793013853
-8184,14360569781 -8208,91929941304 -9623,5421255881 -8973,32241623723
-8184,14360569781 -8208,91929941304 -10533,4476461598 -9064,77972545566
-8184,14360569781 -8208,91929941304 -10233,1690406793 -8994,51713549439
-8184,14360569781 -8208,91929941304 -11108,8299065207 -9278,61352980253
-8184,14360569781 -8208,91929941304 -9776,43885445175 -9047,68696493514
-8184,14360569781 -8208,91929941304 -9416,23801038415 -8875,53269171084
-8184,14360569781 -8208,91929941304 -9281,35227487016 -8739,86344057892
-8184,14360569781 -8208,91929941304 -9711,29880423534 -9006,13473913486
-8184,14360569781 -8208,91929941304 -9862,07659204979 -8955,56000164221
-8184,14360569781 -8208,91929941304 -10203,5446157471 -8916,74557599031
-8184,14360569781 -8208,91929941304 -10298,5456901197 -9215,09115343035
-8184,14360569781 -8208,91929941304 -10468,3715819214 -9164,23095851991
-8184,14360569781 -8206,40601939243 -10610,0777470507 -8945,10750050352
-8184,14360569781 -8206,40601939243 -9796,30263463704 -8856,54865761151
-8184,14360569781 -8206,40601939243 -9910,23359726216 -8721,16125485946
-8184,14360569781 -8206,40601939243 -10364,8204249245 -8973,51400624638
-8184,14360569781 -8206,40601939243 -9963,07227714613 -9282,67682722074
-8184,14360569781 -8206,40601939243 -9597,90509093946 -8974,47027597371
-8184,14360569781 -8206,40601939243 -9372,94587243689 -8854,61881337545
-8184,14360569781 -8206,40601939243 -10321,1097726084 -8968,05961057834
-8184,14360569781 -8206,40601939243 -9681,82769651768 -8816,75017219802
-8184,14360569781 -8206,40601939243 -10244,685933769 -8869,07235694271
-8184,14360569781 -8206,40601939243 -10469,4372980308 -8941,94994038994
-8184,14360569781 -8206,40601939243 -10530,9343661392 -9060,43205826152
-8184,14360569781 -8206,40601939243 -10421,9410128325 -9260,47931654101
-8184,14360569781 -8206,40601939243 -9796,30263463704 -9035,11966762969
-8184,14360569781 -8206,40601939243 -10801,6290911167 -9302,24773432184
-8184,14360569781 -8206,40601939243 -10446,0969661874 -9154,22507412807
-8184,14360569781 -8206,40601939243 -9848,14664183876 -8858,93207231012
-8184,14360569781 -8206,40601939243 -10078,8255349201 -8948,2160358612
-8184,14360569781 -8206,40601939243 -9874,54682886467 -8975,22120956628
-8184,14360569781 -8206,40601939243 -9981,7111105074 -8790,89446392582
-8184,14360569781 -8206,40601939243 -9328,07734179513 -8692,18559127963
-8184,14360569781 -8206,40601939243 -9806,27184378095 -8873,49837330115
-8184,14360569781 -8206,40601939243 -10639,9487488816 -9319,73698031302
-8184,14360569781 -8206,40601939243 -9956,3284721934 -9033,58843418284
-8184,14360569781 -8206,40601939243 -10936,9716462071 -9368,38490498698
-8184,14360569781 -8206,40601939243 -9346,11836577369 -8925,19409405105
-8184,14360569781 -8206,40601939243 -9821,50610881738 -9241,40549079828
-8184,14360569781 -8206,40601939243 -9722,44284444789 -9093,40832046736
-8184,14360569781 -8206,40601939243 -10501,4422950665 -9365,56610737592
-8184,14360569781 -8206,40601939243 -9625,44824286129 -8765,41689373715
-8184,14360569781 -8206,40601939243 -10607,56446703 -9305,88870868959
-8184,14360569781 -8206,40601939243 -10294,2797715015 -9042,56046954196
-8184,14360569781 -8206,40601939243 -10510,8822030887 -9285,8532174683
-8184,14360569781 -8206,40601939243 -9673,19153213811 -8722,13987305532
-8184,14360569781 -8206,40601939243 -10999,0748202042 -9001,18458612661
-8184,14360569781 -8206,40601939243 -10052,5480214834 -9050,81210491719
-8184,14360569781 -8206,40601939243 -9526,12687836466 -8758,98843490921
-8184,14360569781 -8206,40601939243 -10558,8769901766 -9315,02633577271
-8184,14360569781 -8206,40601939243 -10230,6557606587 -8842,72958420784
-8184,14360569781 -8206,40601939243 -9466,18604684496 -8890,51007421377
-8184,14360569781 -8206,40601939243 -10230,6557606587 -9024,1601257956
-8184,14360569781 -8206,40601939243 -9937,83727689937 -9205,77363108298
-8184,14360569781 -8206,40601939243 -9981,7111105074 -9107,55369449634
-8184,14360569781 -8208,91929941304 -9498,24886125916 -8843,94953247193
-8184,14360569781 -8208,91929941304 -10045,9751265101 -8774,0680297529
-8184,14360569781 -8208,91929941304 -10471,9505780515 -8747,50310931914
-8184,14360569781 -8208,91929941304 -10570,3981914002 -9201,51651367177
-8184,14360569781 -8208,91929941304 -9538,65985358436 -9053,11032787977
-8184,14360569781 -8208,91929941304 -10097,0905809205 -9222,32576478449
-8184,14360569781 -8208,91929941304 -10154,5110051155 -8999,92542130348
-8184,14360569781 -8208,91929941304 -10601,6497722306 -9311,85554906137
-8184,14360569781 -8208,91929941304 -9336,25623063531 -8675,64773573598
-8184,14360569781 -8208,91929941304 -9782,98795068557 -8708,74042454989
-8184,14360569781 -8208,91929941304 -10229,8592545978 -9264,23269430459
-8184,14360569781 -8208,91929941304 -10247,1992137897 -9201,70722562922
-8184,14360569781 -8208,91929941304 -10665,2064848902 -9001,0537040551
-8184,14360569781 -8189,18292388672 -10247,4579510948 -9074,63377190606
-8184,14360569781 -8189,18292388672 -10161,7855206545 -9131,54737534029
-8184,14360569781 -8189,18292388672 -9708,23030098748 -9015,17429913405
-8184,14360569781 -8189,18292388672 -9522,53465754765 -8986,4992274974
-8184,14360569781 -8189,18292388672 -10042,5722920827 -9075,98525986883
-8184,09629062614 -8184,09629062614 -10296,6192950209 -8868,66136891454
-8184,09629062614 -8184,09629062614 -9623,26382259421 -8722,41350589066
-8184,09629062614 -8184,09629062614 -9779,43174448046 -8879,87314770813
-8184,09629062614 -8184,09629062614 -10342,5106961582 -9242,54018091924
-8184,09629062614 -8184,09629062614 -10090,8357505877 -9120,51299692453
-8184,09629062614 -8184,09629062614 -10423,7872374211 -9050,59585770478
-8184,09629062614 -8184,09629062614 -9647,9037016594 -8846,70739970265
-8184,09629062614 -8184,09629062614 -9391,41500159725 -8774,63875113237
-8184,09629062614 -8184,09629062614 -9785,80710792104 -8905,76230842631
-8184,09629062614 -8184,09629062614 -10508,6246373729 -9012,92469079477
-8184,09629062614 -8184,09629062614 -10560,4760642381 -9097,53993465576
-8184,09629062614 -8184,09629062614 -9670,66530666906 -8745,56964951022
-8184,09629062614 -8184,09629062614 -9830,61624027609 -8827,00497422637
-8184,09629062614 -8184,09629062614 -10284,786762122 -9069,14805438086
-8183,7999812786 -8183,7999812786 -10178,7216069602 -8679,44790597919
-8183,7999812786 -8183,7999812786 -9983,94024530648 -9023,78791108835
-8183,7999812786 -8183,7999812786 -10155,5470570079 -8867,52557486185
-8183,7999812786 -8183,7999812786 -10897,6238555539 -9482,31590802045
-8183,7999812786 -8183,7999812786 -9807,13463068201 -8933,12542472072
-8183,7999812786 -8183,7999812786 -10895,0560499806 -9288,31607419561
-8183,7999812786 -8183,7999812786 -10091,1225058404 -9144,49000126265
-8183,7999812786 -8183,7999812786 -10405,9609201516 -9188,5138880412
-8183,7999812786 -8183,7999812786 -9692,94580202424 -8680,32597169286
-8183,7999812786 -8183,7999812786 -10045,9699038794 -9167,04348434353
-8183,7999812786 -8183,7999812786 -9670,89300683008 -8692,20168974777
-8155,52111651973 -8155,52111651973 -9883,96359498743 -8945,93270345966
-8155,52111651973 -8155,52111651973 -10256,2115880156 -9082,22667017381
-8155,52111651973 -8155,52111651973 -8870,33893191329 -8503,49449805386
-8155,52111651973 -8155,52111651973 -9983,65558408981 -9030,19243764054
-8155,52111651973 -8155,52111651973 -9729,02576531719 -9011,89539872347
-8155,52111651973 -8155,52111651973 -10043,5641459594 -8687,58982202959
-8155,52111651973 -8155,52111651973 -9750,74596912043 -9175,63096501096
-8155,52111651973 -8155,52111651973 -9917,12271052914 -9205,64648410153
-8155,52111651973 -8155,52111651973 -9344,74802056534 -8533,08055656332
-8108,99122674547 -8108,99122674547 -9823,97684161438 -8903,95855398069
-8108,99122674547 -8108,99122674547 -9860,14728761329 -8830,52873142721
-8108,99122674547 -8108,99122674547 -10419,724993166 -9237,13067484324
-8108,99122674547 -8108,99122674547 -9858,91367954645 -9128,19112268086
-8108,99122674547 -8108,99122674547 -9250,36197231407 -8799,819141969
-8108,99122674547 -8108,99122674547 -10207,6137571674 -9072,09263961127
-8108,99122674547 -8108,99122674547 -9136,54073940963 -8620,86126419598
-8108,99122674547 -8108,99122674547 -10221,4682784769 -8994,26817550414
-8108,99122674547 -8108,99122674547 -9100,95715070724 -8561,96363724588
-8108,99122674547 -8108,99122674547 -9859,94069912957 -9018,2543679937
-8108,99122674547 -8108,99122674547 -9809,1548404543 -8796,5999778095
-8108,99122674547 -8108,99122674547 -9971,16114934625 -8985,04224684534
-8108,99122674547 -8108,99122674547 -9919,46534802901 -8961,00678187368
-8108,99122674547 -8108,99122674547 -10149,3711838652 -8909,80840535408
-8108,99122674547 -8108,99122674547 -9345,74927546923 -8605,18083355963
-8108,99122674547 -8108,99122674547 -9764,59690980625 -8826,36745492236
-8108,99122674547 -8108,99122674547 -9575,83325251087 -8863,39632483649
-8108,99122674547 -8108,99122674547 -9693,86295924068 -8713,65855451807
-8108,99122674547 -8108,99122674547 -9997,16250825292 -9410,67694715584
-8108,99122674547 -8108,99122674547 -10542,5339562346 -9427,97154694424
-8108,99122674547 -8108,99122674547 -9909,13149077335 -8723,07619860292
-8108,99122674547 -8108,99122674547 -10080,9388791935 -9246,39255222365
-8108,99122674547 -8108,99122674547 -9762,14851938222 -8817,68344641966
-8108,99122674547 -8108,99122674547 -10496,7963815735 -9123,91121911078
-8108,99122674547 -8108,99122674547 -10419,724993166 -9111,77928058086
-8108,99122674547 -8108,99122674547 -10437,4051196065 -8940,68157002272
-8108,99122674547 -8108,99122674547 -9394,52259388911 -8715,79880445594
-8108,99122674547 -8108,99122674547 -9750,60970209996 -8784,81053171521
-8108,99122674547 -8108,99122674547 -10704,2142984697 -8916,25597799598
-8108,99122674547 -8108,99122674547 -9485,30714685046 -8525,00757290906
-8108,99122674547 -8108,99122674547 -9423,24361764759 -8835,81969501938
-8108,99122674547 -8108,99122674547 -9276,0646110313 -8666,42524105272
-8108,99122674547 -8108,99122674547 -10144,7220993335 -8964,35016833076
-8108,99122674547 -8108,99122674547 -9642,90507493479 -8913,32930164546
-8108,99122674547 -8108,99122674547 -9852,74142398413 -8921,89255115363
-8108,99122674547 -8131,45814570083 -9904,09054925573 -8660,9972949429
-8108,99122674547 -8131,45814570083 -10519,2633005289 -8941,48867948606
-8108,99122674547 -8131,45814570083 -11031,3687528084 -9325,90994411323
-8108,99122674547 -8131,45814570083 -10126,9745827387 -9146,49354577941
-8108,99122674547 -8131,45814570083 -10019,5011751405 -9310,16515493347
-8108,99122674547 -8131,45814570083 -9812,20246992983 -9158,04347776706
-8108,99122674547 -8131,45814570083 -10128,5484015928 -9000,57153063236
-8108,99122674547 -8131,45814570083 -9254,128550027 -8548,55451268589
-8108,99122674547 -8131,45814570083 -10167,1890182888 -8920,15459676501
-8108,99122674547 -8131,45814570083 -9405,10721070346 -8749,14047573581
-8108,99122674547 -8131,45814570083 -10903,1904216285 -8995,83145970805
-8108,99122674547 -8131,45814570083 -10726,6812174251 -9221,01057057558
-8108,99122674547 -8131,45814570083 -9979,17537855996 -9181,63881447824
-8108,99122674547 -8131,45814570083 -9513,50732491442 -8956,90322318039
-8108,99122674547 -8131,45814570083 -10249,257595931 -8981,68624950957
-8108,99122674547 -8131,45814570083 -9901,1606428302 -8815,42452131831
-8108,99122674547 -8131,45814570083 -9419,24479574854 -8903,26587071427
-8108,99122674547 -8131,45814570083 -9054,91377053363 -8410,91638712828
-8108,99122674547 -8131,45814570083 -10924,1269465127 -8980,40614414457
-8108,99122674547 -8131,45814570083 -9777,97809535078 -8925,98768769376
-8108,99122674547 -8131,45814570083 -10019,5011751405 -8954,21070733276
-8108,99122674547 -8131,45814570083 -9927,83122246212 -8860,16975482834
-8108,99122674547 -8131,45814570083 -10565,00087519 -9242,34553907908
-8108,99122674547 -8131,45814570083 -10726,6812174251 -9543,57645959301
-8108,99122674547 -8131,45814570083 -10726,6812174251 -9240,66651124572
-8108,99122674547 -8131,45814570083 -10473,4593552849 -8853,93661014485
-8108,99122674547 -8131,45814570083 -9807,82108337123 -9008,5290909767
-8108,99122674547 -8131,45814570083 -10181,1356506834 -9019,12397768988
-8108,99122674547 -8131,45814570083 -10037,8489730213 -9028,88839221294
-8108,99122674547 -8131,45814570083 -9936,4607051979 -9107,12789105916
-8108,99122674547 -8131,45814570083 -9921,30687812998 -8835,15767911876
-8108,99122674547 -8131,45814570083 -10473,4593552849 -9083,10618657331
-8108,99122674547 -8131,45814570083 -10517,8553911528 -8997,63515813953
-8108,99122674547 -8131,45814570083 -9810,59822556775 -8975,75199574229
-8108,99122674547 -8131,45814570083 -9310,4550092766 -8603,89864610397
-8108,99122674547 -8131,45814570083 -10550,4488133818 -9331,82345339706
-8108,99122674547 -8131,45814570083 -10490,5729908944 -9161,48402708564
-8108,99122674547 -8131,45814570083 -9680,21766650615 -8886,27343621676
-8108,99122674547 -8131,45814570083 -10000,3735248421 -8727,11365901755
-8108,99122674547 -8131,45814570083 -9810,59822556775 -8661,42592144726
-8108,99122674547 -8131,45814570083 -9530,38981434721 -8825,42945837822
-8108,99122674547 -8131,45814570083 -10279,3813178715 -9080,79396119084
-8108,99122674547 -8131,45814570083 -9196,31768426637 -8846,58399497019
-8108,99122674547 -8131,45814570083 -9902,50559231876 -9048,03556683707
-8108,99122674547 -8131,45814570083 -9754,5935273521 -9059,14350469859
-8108,99122674547 -8131,45814570083 -9786,30425272684 -8832,17599825229
-8108,99122674547 -8131,45814570083 -9813,87619395864 -9071,36038802837
-8108,99122674547 -8131,45814570083 -9823,63851438139 -8738,2015762822
-8108,99122674547 -8131,45814570083 -9813,87619395864 -8745,54617395139
-8108,99122674547 -8131,45814570083 -10017,6102115016 -8841,16558650982
-8108,99122674547 -8131,45814570083 -9593,41194019013 -8678,15202970884
-8108,99122674547 -8131,45814570083 -10747,5455359615 -8910,19819398007
-8108,99122674547 -8131,45814570083 -9968,27221312879 -8985,22484505057
-8108,99122674547 -8131,45814570083 -9773,23126813091 -8583,69403383112
-8108,99122674547 -8131,45814570083 -10842,7142144029 -9265,89897586137
-8108,99122674547 -8131,45814570083 -9705,52679697337 -9179,78822857281
-8108,99122674547 -8131,45814570083 -10218,3570680641 -9026,91799797515
-8108,99122674547 -8131,45814570083 -9921,30687812998 -8940,52938085878
-8108,99122674547 -8131,45814570083 -10225,7451420603 -9192,55918775096
-8108,99122674547 -8131,45814570083 -10924,1269465127 -9211,15945273856
-8108,99122674547 -8131,45814570083 -10017,7366905225 -9243,8378103541
-8108,99122674547 -8131,45814570083 -10903,1904216285 -9307,8392502924
-8108,99122674547 -8131,45814570083 -10473,4593552849 -8954,23374083225
-8108,99122674547 -8131,45814570083 -10327,5538992106 -9069,22056578001
-8108,99122674547 -8131,45814570083 -9384,64665450021 -8946,31677529888
-8108,99122674547 -8131,45814570083 -9956,46637151083 -8904,0237129652
-8108,99122674547 -8131,45814570083 -10284,8851827267 -8949,03937595175
-8108,99122674547 -8131,45814570083 -10449,3450170869 -9194,46123582922
-8108,99122674547 -8131,45814570083 -9158,54749779922 -8591,52745236023
-8108,99122674547 -8131,45814570083 -10259,0186483447 -9298,42197376727
-8108,99122674547 -8131,75445504838 -9784,61543833759 -8818,73714725755
-8108,99122674547 -8131,75445504838 -10524,484927866 -9146,31163731415
-8108,99122674547 -8131,75445504838 -9668,39350443606 -8650,35882674362
-8108,99122674547 -8131,75445504838 -9786,60056207439 -9028,07626646718
-8108,99122674547 -8131,75445504838 -9568,61399849197 -8907,44130625949
-8108,99122674547 -8131,75445504838 -9846,00191204852 -8956,48760613774
-8108,99122674547 -8131,75445504838 -9921,60318747753 -8973,11867707407
-8108,99122674547 -8131,75445504838 -10021,2434292744 -9034,68351328151
-8108,99122674547 -8131,75445504838 -9746,02038256711 -8986,09624036031
-8108,99122674547 -8131,75445504838 -9597,61199321992 -8802,72569227623
-8108,99122674547 -8131,75445504838 -10460,1683479094 -9012,76984298859
-8108,99122674547 -8131,75445504838 -10189,9803980161 -9012,18004340973
-8108,99122674547 -8131,75445504838 -9956,36689361349 -8912,76288553485
-8108,99122674547 -8131,75445504838 -9902,8019016663 -8756,89644846393
-8108,99122674547 -8131,75445504838 -9420,39337353994 -8769,16739487579
-8108,99122674547 -8131,75445504838 -10452,1634343535 -9055,38242473724
-8108,99122674547 -8131,75445504838 -10257,7980714226 -9235,09559359697
-8108,99122674547 -8131,75445504838 -9207,01231885043 -8830,90163428174
-8108,99122674547 -8131,75445504838 -10170,034369425 -8983,0441261205
-8108,99122674547 -8131,75445504838 -9897,5156940247 -8881,62536311084
-8108,99122674547 -8131,75445504838 -9159,30396771254 -8768,55571259435
-8108,99122674547 -8131,75445504838 -9383,17619264096 -8623,0641325427
-8108,99122674547 -8131,75445504838 -10021,2950911676 -8876,69571503369
-8108,99122674547 -8131,75445504838 -9629,88386535078 -8889,21818383545
-8108,99122674547 -8131,75445504838 -9977,89645713935 -8983,01974949424
-8108,99122674547 -8131,75445504838 -9592,7680722295 -8695,86709476884
-8108,99122674547 -8131,75445504838 -9387,00978223845 -8801,32417115641
-8108,99122674547 -8131,75445504838 -10532,912902686 -9338,76597452007
-8108,99122674547 -8131,75445504838 -9956,36689361349 -9199,12515760531
-8108,99122674547 -8131,75445504838 -10426,7907307225 -8900,25849241569
-8108,99122674547 -8131,75445504838 -10394,7857336868 -9241,62214462061
-8108,99122674547 -8131,75445504838 -10443,7067646603 -9248,81919422155
-8108,99122674547 -8131,75445504838 -10493,2333470355 -9214,09428478341
-8108,99122674547 -8131,75445504838 -9020,04138987845 -8576,25871608653
-8108,99122674547 -8131,75445504838 -9303,39741698209 -8540,94388902489
-8108,99122674547 -8131,75445504838 -10338,6022535028 -8953,50453831648
-8108,99122674547 -8131,75445504838 -10189,9803980161 -9056,08888547368
-8108,99122674547 -8131,75445504838 -9786,60056207439 -8907,3327048181
-8108,99122674547 -8131,75445504838 -10347,2894484885 -9141,24182271323
-8108,99122674547 -8131,75445504838 -10232,4449265443 -9155,2036177845
-8108,99122674547 -8131,75445504838 -9279,49213441405 -8805,40971923093
-8108,99122674547 -8131,75445504838 -9996,36251067488 -8865,02691205308
-8108,99122674547 -8131,75445504838 -8879,14137098218 -8590,99769866466
-8108,99122674547 -8131,75445504838 -9799,89526452062 -8894,40557054052
-8108,99122674547 -8131,75445504838 -9460,2303915601 -8666,83503386032
-8108,99122674547 -8131,75445504838 -10402,1522204329 -9301,68796113347
-8108,99122674547 -8131,75445504838 -8929,94438567341 -8527,9917651716
-8108,99122674547 -8131,75445504838 -9836,78471956928 -9103,25775800136
-8108,99122674547 -8131,75445504838 -9784,91174768513 -8916,92568029144
6039,12609507162
