176382,450304581 176382,450304581 -34019,3505192982 168228,729098009
176382,450304581 176382,450304581 -33813,6468462829 168228,729098009
176382,450304581 176382,450304581 -33609,9108092757 168228,729098009
176382,450304581 176382,450304581 -33354,6895083383 168228,729098009
176382,450304581 176382,450304581 -33608,1536094541 168228,729098009
176382,450304581 176382,450304581 -33891,4460439807 168228,729098009
176382,450304581 176382,450304581 -33917,3989929335 168228,729098009
176382,450304581 176382,450304581 -33310,2816175918 168228,729098009
176382,450304581 176382,450304581 -33458,9918925645 168228,729098009
176382,450304581 176382,450304581 -33555,4782969451 168228,729098009
176382,450304581 176382,450304581 -33644,5498498208 168228,729098009
176382,450304581 176382,450304581 -33392,0831886897 168228,729098009
176382,450304581 176382,450304581 -33460,4513035237 168228,729098009
176382,450304581 176382,450304581 -33615,0936574482 168228,729098009
176382,450304581 176382,450304581 -33378,5634063102 168228,729098009
176382,450304581 176382,450304581 -34029,0180524945 168228,729098009
176382,450304581 176382,450304581 -33401,3951073329 168228,729098009
176382,450304581 176382,450304581 -33535,335850333 168228,729098009
176382,450304581 176382,450304581 -33905,0166346346 168228,729098009
176382,450304581 176382,450304581 -33352,9715940522 168228,729098009
176382,450304581 176382,450304581 -33864,5881236551 168228,729098009
176382,450304581 176382,450304581 -33789,5351837524 168228,729098009
176382,450304581 176382,450304581 -33599,8129054213 168228,729098009
176382,450304581 176382,450304581 -33468,6304488069 168228,729098009
176382,450304581 176382,450304581 -33671,3371510526 168228,729098009
176382,450304581 176382,450304581 -33947,0582624255 168228,729098009
176382,450304581 176382,450304581 -33658,5189601738 168228,729098009
176382,450304581 176382,450304581 -33546,7683108339 168228,729098009
176382,450304581 176382,450304581 -33626,3402916036 168228,729098009
176382,450304581 176382,450304581 -33465,9474142393 168228,729098009
176382,450304581 176382,450304581 -33401,3678507737 168228,729098009
176382,450304581 176382,450304581 -33825,234663118 168228,729098009
176382,450304581 176382,450304581 -33499,5156043057 168228,729098009
176382,450304581 176382,450304581 -33450,2873878604 168228,729098009
176382,450304581 176382,450304581 -33746,6714779858 168228,729098009
176382,450304581 176382,450304581 -33609,1894311867 168228,729098009
176382,450304581 176382,450304581 -33531,4314197275 168228,729098009
176382,450304581 176382,450304581 -33441,4285465145 168228,729098009
176382,450304581 176382,450304581 -33358,261615572 168228,729098009
176382,450304581 176382,450304581 -33497,5970099157 168228,729098009
176382,450304581 176382,450304581 -33780,843688915 168228,729098009
176382,450304581 176382,450304581 -33406,9311297511 168228,729098009
176382,450304581 176382,450304581 -33487,4937174268 168228,729098009
176382,450304581 176382,450304581 -33953,1872406099 168228,729098009
176382,450304581 176382,450304581 -33423,278095803 168228,729098009
176382,450304581 176382,450304581 -33546,7683108339 168228,729098009
176382,450304581 176382,450304581 -33543,6806696634 168228,729098009
176382,450304581 176382,450304581 -33789,5351837524 168228,729098009
176382,450304581 176382,450304581 -33596,9216154502 168228,729098009
176382,450304581 176382,450304581 -33574,8714784022 168228,729098009
176382,450304581 176382,450304581 -33891,4460439807 168228,729098009
176382,450304581 176382,450304581 -33465,9474142393 168228,729098009
176382,450304581 176382,450304581 -33400,2238479928 168228,729098009
176382,450304581 176382,450304581 -33753,3561546673 168228,729098009
176382,450304581 176382,450304581 -33731,2775209669 168228,729098009
176382,450304581 176382,450304581 -33477,2204388277 168228,729098009
176382,450304581 176382,450304581 -33875,2663817263 168228,729098009
176382,450304581 176382,450304581 -33561,1711338942 168228,729098009
176382,450304581 176382,450304581 -33615,4368317395 168228,729098009
176382,450304581 176382,450304581 -33621,7985186674 168228,729098009
176382,450304581 176382,450304581 -33600,5349841726 168228,729098009
176382,450304581 176382,450304581 -33625,0873780921 168228,729098009
176382,450304581 176382,450304581 -33572,0323482652 168228,729098009
176382,450304581 176382,450304581 -33399,9169291792 168228,729098009
176382,450304581 176382,450304581 -33467,0186031936 168228,729098009
176382,450304581 176382,450304581 -33813,6468462829 168228,729098009
176382,450304581 176382,450304581 -33614,230621938 168228,729098009
176382,450304581 176382,450304581 -33438,8743571854 168228,729098009
176382,450304581 176382,450304581 -33672,2716193781 168228,729098009
176382,450304581 176382,450304581 -33543,6806696634 168228,729098009
176382,450304581 176382,450304581 -33631,1228756076 168228,729098009
176382,450304581 176382,450304581 -33529,6219469178 168228,729098009
176382,450304581 176382,450304581 -33387,4384887083 168228,729098009
176382,450304581 176382,450304581 -33546,7683108339 168228,729098009
176382,450304581 176382,450304581 -34019,3505192982 168228,729098009
176382,450304581 176382,450304581 -33506,1462556597 168228,729098009
176382,450304581 176382,450304581 -33523,4917589067 168228,729098009
176382,450304581 176382,450304581 -33326,8753351409 168228,729098009
176382,450304581 176382,450304581 -33772,6956904759 168228,729098009
176382,450304581 176382,450304581 -33585,397018674 168228,729098009
176382,450304581 176382,450304581 -33390,2260561113 168228,729098009
176382,450304581 176382,450304581 -33397,6394343401 168228,729098009
176382,450304581 176382,450304581 -33780,843688915 168228,729098009
176382,450304581 176382,450304581 -33420,3689804573 168228,729098009
176382,450304581 176382,450304581 -33585,9885159913 168228,729098009
176382,450304581 176382,450304581 -33905,0166346346 168228,729098009
176382,450304581 176382,450304581 -33702,2247624212 168228,729098009
176382,450304581 176382,450304581 -33813,6468462829 168228,729098009
176382,450304581 176382,450304581 -33389,4933160283 168228,729098009
176382,450304581 176382,450304581 -33585,9885159913 168228,729098009
176382,450304581 176382,450304581 -33564,931988988 168228,729098009
176382,450304581 176382,450304581 -33789,5351837524 168228,729098009
176382,450304581 176382,450304581 -33468,6304488069 168228,729098009
176382,450304581 176382,450304581 -33514,9220371248 168228,729098009
176382,450304581 176382,450304581 -33545,3146432232 168228,729098009
176382,450304581 176382,450304581 -33441,4285465145 168228,729098009
176382,450304581 176382,450304581 -33557,6438252531 168228,729098009
176382,450304581 176382,450304581 -33506,4240818844 168228,729098009
176382,450304581 176382,450304581 -33407,4714978695 168228,729098009
176382,450304581 176382,450304581 -33731,2775209669 168228,729098009
176382,450304581 176382,450304581 -33450,0821669596 168228,729098009
176382,450304581 176382,450304581 -33625,0873780921 168228,729098009
176382,450304581 176382,450304581 -33417,347103407 168228,729098009
176382,450304581 176382,450304581 -33528,0650702727 168228,729098009
176382,450304581 176382,450304581 -33608,1536094541 168228,729098009
176382,450304581 176382,450304581 -33864,5881236551 168228,729098009
176382,450304581 176382,450304581 -33458,9918925645 168228,729098009
176382,450304581 176382,450304581 -33340,8851268 168228,729098009
176382,450304581 176382,450304581 -33658,5189601738 168228,729098009
176382,450304581 176382,450304581 -33543,6806696634 168228,729098009
176382,450304581 176382,450304581 -34029,0180524945 168228,729098009
176382,450304581 176382,450304581 -33822,1802158681 168228,729098009
176382,450304581 176382,450304581 -33662,1930870681 168228,729098009
176382,450304581 176382,450304581 -33468,3319888931 168228,729098009
176382,450304581 176382,450304581 -33445,1376714311 168228,729098009
176382,450304581 176382,450304581 -33672,2716193781 168228,729098009
176382,450304581 176382,450304581 -33684,9453200689 168228,729098009
176382,450304581 176382,450304581 -33418,8409607218 168228,729098009
176382,450304581 176382,450304581 -33506,4240818844 168228,729098009
176382,450304581 176382,450304581 -33702,2247624212 168228,729098009
176382,450304581 176382,450304581 -33477,7223629672 168228,729098009
176382,450304581 176382,450304581 -33905,0166346346 168228,729098009
176382,450304581 176382,450304581 -33608,1536094541 168228,729098009
176382,450304581 176382,450304581 -33475,4272062704 168228,729098009
176382,450304581 176382,450304581 -33474,0338364492 168228,729098009
176382,450304581 176382,450304581 -33546,7683108339 168228,729098009
176382,450304581 176382,450304581 -33725,844362799 168228,729098009
176382,450304581 176382,450304581 -33427,8283525755 168228,729098009
176382,450304581 176382,450304581 -33772,6956904759 168228,729098009
176382,450304581 176382,450304581 -33356,1336193527 168228,729098009
176382,450304581 176382,450304581 -33328,5720308832 168228,729098009
176382,450304581 176382,450304581 -33826,3638090971 168228,729098009
176382,450304581 176382,450304581 -33316,4852641883 168228,729098009
176382,450304581 176382,450304581 -33566,9763185422 168228,729098009
176382,450304581 176382,450304581 -33365,798386977 168228,729098009
176382,450304581 176382,450304581 -33953,1872406099 168228,729098009
176382,450304581 176382,450304581 -33808,5360659708 168228,729098009
176382,450304581 176382,450304581 -33860,4812864806 168228,729098009
176382,450304581 176382,450304581 -33788,2084102484 168228,729098009
176382,450304581 176382,450304581 -33860,4812864806 168228,729098009
176382,450304581 176382,450304581 -33534,9579086059 168228,729098009
176382,450304581 176382,450304581 -33435,4797978001 168228,729098009
176382,450304581 176382,450304581 -33917,3989929335 168228,729098009
176382,450304581 176382,450304581 -33487,4937174268 168228,729098009
176382,450304581 176382,450304581 -33598,1141248208 168228,729098009
176382,450304581 176382,450304581 -33372,201681561 168228,729098009
176382,450304581 176382,450304581 -33644,5498498208 168228,729098009
176382,450304581 176382,450304581 -33409,804968913 168228,729098009
176382,450304581 176382,450304581 -33419,1925396855 168228,729098009
176382,450304581 176382,450304581 -33540,8585020552 168228,729098009
176382,450304581 176382,450304581 -33702,2247624212 168228,729098009
176382,450304581 176382,450304581 -33626,3402916036 168228,729098009
176382,450304581 176382,450304581 -33506,4240818844 168228,729098009
176382,450304581 176382,450304581 -33937,0565070434 168228,729098009
176382,450304581 176382,450304581 -33482,5439186426 168228,729098009
176382,450304581 176382,450304581 -33708,6311790625 168228,729098009
176382,450304581 176382,450304581 -33875,2663817263 168228,729098009
176382,450304581 176382,450304581 -33543,6806696634 168228,729098009
176382,450304581 176382,450304581 -33425,7179652421 168228,729098009
176382,450304581 176382,450304581 -33702,2247624212 168228,729098009
176382,450304581 176382,450304581 -33382,3774686927 168228,729098009
176382,450304581 176382,450304581 -33484,1644341752 168228,729098009
176382,450304581 176382,450304581 -33615,4368317395 168228,729098009
176382,450304581 176382,450304581 -33267,3590590888 168228,729098009
176382,450304581 176382,450304581 -33555,4782969451 168228,729098009
176382,450304581 176382,450304581 -33825,234663118 168228,729098009
176382,450304581 176382,450304581 -33404,9298512524 168228,729098009
176382,450304581 176382,450304581 -33535,335850333 168228,729098009
176382,450304581 176382,450304581 -33506,1462556597 168228,729098009
176382,450304581 176382,450304581 -33473,7053551948 168228,729098009
176382,450304581 176382,450304581 -33721,9622431164 168228,729098009
176382,450304581 176382,450304581 -33420,8943713411 168228,729098009
176382,450304581 176382,450304581 -33503,6189313444 168228,729098009
176382,450304581 176382,450304581 -33477,7223629672 168228,729098009
176382,450304581 176382,450304581 -33625,0873780921 168228,729098009
176382,450304581 176382,450304581 -33469,3346360923 168228,729098009
176382,450304581 176382,450304581 -33334,132895257 168228,729098009
176382,450304581 176382,450304581 -33514,9220371248 168228,729098009
176382,450304581 176382,450304581 -33596,9216154502 168228,729098009
176382,450304581 176382,450304581 -33609,9108092757 168228,729098009
176382,450304581 176382,450304581 -33666,032857773 168228,729098009
176382,450304581 176382,450304581 -33937,0565070434 168228,729098009
176382,450304581 176382,450304581 -33290,2159458189 168228,729098009
176382,450304581 176382,450304581 -33560,7406494594 168228,729098009
176382,450304581 176382,450304581 -33514,9220371248 168228,729098009
176382,450304581 176382,450304581 -33615,4368317395 168228,729098009
176382,450304581 176382,450304581 -33721,9622431164 168228,729098009
176382,450304581 176382,450304581 -33875,2663817263 168228,729098009
176382,450304581 176382,450304581 -33401,3678507737 168228,729098009
176382,450304581 176382,450304581 -33600,897630647 168228,729098009
176382,450304581 176382,450304581 -33804,7070028055 168228,729098009
176382,450304581 176382,450304581 -33579,902236063 168228,729098009
176382,450304581 176382,450304581 -33354,6233439315 168228,729098009
176382,450304581 176382,450304581 -33435,7975144647 168228,729098009
176382,450304581 176382,450304581 -33442,1377271859 168228,729098009
176382,450304581 176382,450304581 -33369,2143701725 168228,729098009
176382,450304581 176382,450304581 -33451,0243025765 168228,729098009
176382,450304581 176382,450304581 -33658,5189601738 168228,729098009
176382,450304581 176382,450304581 -33947,0582624255 168228,729098009
176382,450304581 176382,450304581 -33459,6706967071 168228,729098009
176382,450304581 176382,450304581 -33406,9311297511 168228,729098009
176382,450304581 176382,450304581 -33413,5485543173 168228,729098009
176382,450304581 176382,450304581 -33662,1930870681 168228,729098009
176382,450304581 176382,450304581 -33804,7070028055 168228,729098009
176382,450304581 176382,450304581 -33419,1886624926 168228,729098009
176382,450304581 176382,450304581 -33825,234663118 168228,729098009
176382,450304581 176382,450304581 -33822,1802158681 168228,729098009
176382,450304581 176382,450304581 -33390,2260561113 168228,729098009
176382,450304581 176382,450304581 -33953,1872406099 168228,729098009
176382,450304581 176382,450304581 -33529,6219469178 168228,729098009
176382,450304581 176382,450304581 -33875,2663817263 168228,729098009
176382,450304581 176382,450304581 -33939,1561536729 168228,729098009
176382,450304581 176382,450304581 -33503,6189313444 168228,729098009
176382,450304581 176382,450304581 -33536,2883362437 168228,729098009
176382,450304581 176382,450304581 -33360,4597018885 168228,729098009
176382,450304581 176382,450304581 -33603,5163477658 168228,729098009
176382,450304581 176382,450304581 -33603,5163477658 168228,729098009
176382,450304581 176382,450304581 -33808,5360659708 168228,729098009
176382,450304581 176382,450304581 -33947,0582624255 168228,729098009
176382,450304581 176382,450304581 -33477,2204388277 168228,729098009
176382,450304581 176382,450304581 -33326,1942939467 168228,729098009
176382,450304581 176382,450304581 -33539,6971565165 168228,729098009
176382,450304581 176382,450304581 -33546,7683108339 168228,729098009
176382,450304581 176382,450304581 -33409,804968913 168228,729098009
176382,450304581 176382,450304581 -33572,0323482652 168228,729098009
176382,450304581 176382,450304581 -33704,850551922 168228,729098009
176382,450304581 176382,450304581 -33516,0070085532 168228,729098009
176382,450304581 176382,450304581 -33527,7934882855 168228,729098009
176382,450304581 176382,450304581 -33947,0582624255 168228,729098009
176382,450304581 176382,450304581 -33508,9628597119 168228,729098009
176382,450304581 176382,450304581 -33746,6714779858 168228,729098009
176382,450304581 176382,450304581 -33825,234663118 168228,729098009
176382,450304581 176382,450304581 -33382,3774686927 168228,729098009
176382,450304581 176382,450304581 -33947,0582624255 168228,729098009
176382,450304581 176382,450304581 -33535,335850333 168228,729098009
176382,450304581 176382,450304581 -33725,844362799 168228,729098009
176382,450304581 176382,450304581 -33827,0485936128 168228,729098009
176382,450304581 176382,450304581 -33431,2100424958 168228,729098009
176382,450304581 176382,450304581 -33608,1536094541 168228,729098009
176382,450304581 176382,450304581 -33772,6956904759 168228,729098009
176382,450304581 176382,450304581 -33658,5189601738 168228,729098009
176382,450304581 176382,450304581 -33731,2775209669 168228,729098009
176382,450304581 176382,450304581 -33807,3120132838 168228,729098009
176382,450304581 176382,450304581 -33529,7932619792 168228,729098009
176382,450304581 176382,450304581 -33666,1812354191 168228,729098009
176382,450304581 176382,450304581 -33826,3638090971 168228,729098009
176382,450304581 176382,450304581 -33450,7847023203 168228,729098009
176382,450304581 176382,450304581 -33400,2238479928 168228,729098009
176382,450304581 176382,450304581 -33469,3346360923 168228,729098009
176382,450304581 176382,450304581 -33583,504444377 168228,729098009
176382,450304581 176382,450304581 -33426,9381244039 168228,729098009
176382,450304581 176382,450304581 -33684,9453200689 168228,729098009
176382,450304581 176382,450304581 -33401,3951073329 168228,729098009
176382,450304581 176382,450304581 -33364,111639381 168228,729098009
176382,450304581 176382,450304581 -33356,2650559727 168228,729098009
176382,450304581 176382,450304581 -33388,7592357249 168228,729098009
176382,450304581 176382,450304581 -33555,4782969451 168228,729098009
176382,450304581 176382,450304581 -34017,3507301115 168228,729098009
176382,450304581 176382,450304581 -33410,1974779024 168228,729098009
176382,450304581 176382,450304581 -33609,9108092757 168228,729098009
176382,450304581 176382,450304581 -33721,9622431164 168228,729098009
176382,450304581 176382,450304581 -33439,0168467363 168228,729098009
176382,450304581 176382,450304581 -33438,6252982276 168228,729098009
176382,450304581 176382,450304581 -33461,9827039692 168228,729098009
176382,450304581 176382,450304581 -33356,1336193527 168228,729098009
176382,450304581 176382,450304581 -33808,5360659708 168228,729098009
176382,450304581 176382,450304581 -33528,3205878761 168228,729098009
176382,450304581 176382,450304581 -33424,2713317642 168228,729098009
176382,450304581 176382,450304581 -33316,932575559 168228,729098009
176382,450304581 176382,450304581 -33860,4812864806 168228,729098009
176382,450304581 176382,450304581 -33708,6311790625 168228,729098009
176382,450304581 176382,450304581 -33426,3377497624 168228,729098009
176382,450304581 176382,450304581 -33962,949765783 168228,729098009
176382,450304581 176382,450304581 -33290,2159458189 168228,729098009
176382,450304581 176382,450304581 -33530,3234832836 168228,729098009
176382,450304581 176382,450304581 -33769,2218043374 168228,729098009
176382,450304581 176382,450304581 -33529,6219469178 168228,729098009
176382,450304581 176382,450304581 -33702,2247624212 168228,729098009
176382,450304581 176382,450304581 -33442,1377271859 168228,729098009
176382,450304581 176382,450304581 -33827,0485936128 168228,729098009
176382,450304581 176382,450304581 -33953,1872406099 168228,729098009
176382,450304581 176382,450304581 -33827,0485936128 168228,729098009
176382,450304581 176382,450304581 -33772,6956904759 168228,729098009
176382,450304581 176382,450304581 -33746,6714779858 168228,729098009
176382,450304581 176382,450304581 -33535,335850333 168228,729098009
176382,450304581 176382,450304581 -33875,2663817263 168228,729098009
176382,450304581 176382,450304581 -33475,4272062704 168228,729098009
176382,450304581 176382,450304581 -33962,949765783 168228,729098009
176382,450304581 176382,450304581 -33721,9622431164 168228,729098009
176382,450304581 176382,450304581 -33432,1520440417 168228,729098009
176382,450304581 176382,450304581 -33905,0166346346 168228,729098009
176382,450304581 176382,450304581 -33363,0258225144 168228,729098009
176382,450304581 176382,450304581 -33497,5970099157 168228,729098009
176382,450304581 176382,450304581 -33475,4272062704 168228,729098009
176382,450304581 176382,450304581 -33361,4471642209 168228,729098009
176382,450304581 176382,450304581 -33662,1930870681 168228,729098009
176382,450304581 176382,450304581 -33528,0512753388 168228,729098009
176382,450304581 176382,450304581 -33379,6940294148 168228,729098009
176382,450304581 176382,450304581 -33788,2084102484 168228,729098009
176382,450304581 176382,450304581 -33625,0873780921 168228,729098009
176382,450304581 176382,450304581 -33666,032857773 168228,729098009
176382,450304581 176382,450304581 -33474,0730178672 168228,729098009
176382,450304581 176382,450304581 -33447,4949199101 168228,729098009
176382,450304581 176382,450304581 -33536,2883362437 168228,729098009
176382,450304581 176382,450304581 -33746,6714779858 168228,729098009
176382,450304581 176382,450304581 -33564,931988988 168228,729098009
176382,450304581 176382,450304581 -33432,3420422548 168228,729098009
176382,450304581 176382,450304581 -33937,0565070434 168228,729098009
176382,450304581 176382,450304581 -33508,9628597119 168228,729098009
176382,450304581 176382,450304581 -33826,3638090971 168228,729098009
176382,450304581 176382,450304581 -33419,1886624926 168228,729098009
176382,450304581 176382,450304581 -33473,7053551948 168228,729098009
176382,450304581 176382,450304581 -33405,926996548 168228,729098009
176382,450304581 176382,450304581 -33474,0338364492 168228,729098009
176382,450304581 176382,450304581 -33708,6311790625 168228,729098009
176382,450304581 176382,450304581 -33825,234663118 168228,729098009
176382,450304581 176382,450304581 -33555,4782969451 168228,729098009
176382,450304581 176382,450304581 -33540,8585020552 168228,729098009
176382,450304581 176382,450304581 -33808,5360659708 168228,729098009
176382,450304581 176382,450304581 -33539,6971565165 168228,729098009
176382,450304581 176382,450304581 -33905,0166346346 168228,729098009
176382,450304581 176382,450304581 -33564,931988988 168228,729098009
176382,450304581 176382,450304581 -33609,9108092757 168228,729098009
176382,450304581 176382,450304581 -33708,6311790625 168228,729098009
176382,450304581 176382,450304581 -33826,3638090971 168228,729098009
176382,450304581 176382,450304581 -33827,0485936128 168228,729098009
176382,450304581 176382,450304581 -33314,2697386517 168228,729098009
176382,450304581 176382,450304581 -33615,4368317395 168228,729098009
176382,450304581 176382,450304581 -33772,6956904759 168228,729098009
176382,450304581 176382,450304581 -33555,4782969451 168228,729098009
176382,450304581 176382,450304581 -33421,0490330566 168228,729098009
176382,450304581 176382,450304581 -33653,8799907671 168228,729098009
176382,450304581 176382,450304581 -33704,850551922 168228,729098009
176382,450304581 176382,450304581 -33475,4272062704 168228,729098009
176382,450304581 176382,450304581 -33435,6499965808 168228,729098009
176382,450304581 176382,450304581 -33561,1711338942 168228,729098009
176382,450304581 176382,450304581 -33788,2084102484 168228,729098009
176382,450304581 176382,450304581 -33708,6311790625 168228,729098009
176382,450304581 176382,450304581 -33708,6311790625 168228,729098009
176382,450304581 176382,450304581 -33432,3132013889 168228,729098009
176382,450304581 176382,450304581 -33405,5798441748 168228,729098009
176382,450304581 176382,450304581 -33356,2650559727 168228,729098009
176382,450304581 176382,450304581 -33380,1186862638 168228,729098009
176382,450304581 176382,450304581 -33435,4797978001 168228,729098009
176382,450304581 176382,450304581 -33561,1711338942 168228,729098009
176382,450304581 176382,450304581 -33614,230621938 168228,729098009
176382,450304581 176382,450304581 -33528,3205878761 168228,729098009
176382,450304581 176382,450304581 -33528,3205878761 168228,729098009
176382,450304581 176382,450304581 -33502,7594108234 168228,729098009
176382,450304581 176382,450304581 -33451,0243025765 168228,729098009
176382,450304581 176382,450304581 -33414,2526471857 168228,729098009
176382,450304581 176382,450304581 -33388,7592357249 168228,729098009
176382,450304581 176382,450304581 -33671,3371510526 168228,729098009
176382,450304581 176382,450304581 -33583,504444377 168228,729098009
176382,450304581 176382,450304581 -33953,1872406099 168228,729098009
176382,450304581 176382,450304581 -33442,1377271859 168228,729098009
176382,450304581 176382,450304581 -33410,1974779024 168228,729098009
176382,450304581 176382,450304581 -33497,5970099157 168228,729098009
176382,450304581 176382,450304581 -33427,4511148502 168228,729098009
176382,450304581 176382,450304581 -33615,0936574482 168228,729098009
176382,450304581 176382,450304581 -33807,3120132838 168228,729098009
176382,450304581 176382,450304581 -33385,0798525827 168228,729098009
176382,450304581 176382,450304581 -34019,3505192982 168228,729098009
176382,450304581 176382,450304581 -33489,7534983773 168228,729098009
176382,450304581 176382,450304581 -33441,3610226707 168228,729098009
176382,450304581 176382,450304581 -33891,4460439807 168228,729098009
176382,450304581 176382,450304581 -33529,7932619792 168228,729098009
176382,450304581 176382,450304581 -33686,1957332449 168228,729098009
176382,450304581 176382,450304581 -33485,4901479638 168228,729098009
176382,450304581 176382,450304581 -33599,8129054213 168228,729098009
176382,450304581 176382,450304581 -33753,3561546673 168228,729098009
176382,450304581 176382,450304581 -33864,5881236551 168228,729098009
176382,450304581 176382,450304581 -34017,3507301115 168228,729098009
176382,450304581 176382,450304581 -33596,9216154502 168228,729098009
176382,450304581 176382,450304581 -33553,8426111709 168228,729098009
176382,450304581 176382,450304581 -33937,0565070434 168228,729098009
176382,450304581 176382,450304581 -33603,5163477658 168228,729098009
176382,450304581 176382,450304581 -33390,2260561113 168228,729098009
176382,450304581 176382,450304581 -33746,6714779858 168228,729098009
176382,450304581 176382,450304581 -33753,3561546673 168228,729098009
176382,450304581 176382,450304581 -33434,0543850594 168228,729098009
176382,450304581 176382,450304581 -33567,960613142 168228,729098009
176382,450304581 176382,450304581 -33526,2680354462 168228,729098009
176382,450304581 176382,450304581 -33428,6939114418 168228,729098009
176382,450304581 176382,450304581 -33572,0323482652 168228,729098009
176382,450304581 176382,450304581 -33356,3958422684 168228,729098009
176382,450304581 176382,450304581 -33672,2716193781 168228,729098009
176382,450304581 176382,450304581 -33947,0582624255 168228,729098009
176382,450304581 176382,450304581 -33421,0490330566 168228,729098009
176382,450304581 176382,450304581 -33827,0485936128 168228,729098009
176382,450304581 176382,450304581 -33780,843688915 168228,729098009
176382,450304581 176382,450304581 -33822,1802158681 168228,729098009
176382,450304581 176382,450304581 -33495,5748350439 168228,729098009
176382,450304581 176382,450304581 -33860,4812864806 168228,729098009
176382,450304581 176382,450304581 -33467,092556732 168228,729098009
176382,450304581 176382,450304581 -33875,2663817263 168228,729098009
176382,450304581 176382,450304581 -34024,589375106 168228,729098009
176382,450304581 176382,450304581 -33320,5711189566 168228,729098009
176382,450304581 176382,450304581 -33531,4314197275 168228,729098009
176382,450304581 176382,450304581 -33410,1138160628 168228,729098009
176382,450304581 176382,450304581 -33413,108631144 168228,729098009
176382,450304581 176382,450304581 -33572,0323482652 168228,729098009
176382,450304581 176382,450304581 -33529,6219469178 168228,729098009
176382,450304581 176382,450304581 -33529,6219469178 168228,729098009
176382,450304581 176382,450304581 -33686,1957332449 168228,729098009
176382,450304581 176382,450304581 -33332,6213330947 168228,729098009
176382,450304581 176382,450304581 -33788,2084102484 168228,729098009
176382,450304581 176382,450304581 -33686,1957332449 168228,729098009
176382,450304581 176382,450304581 -33502,7594108234 168228,729098009
176382,450304581 176382,450304581 -33424,124463409 168228,729098009
176382,450304581 176382,450304581 -33631,1228756076 168228,729098009
176382,450304581 176382,450304581 -33331,3230773744 168228,729098009
176382,450304581 176382,450304581 -33827,0485936128 168228,729098009
176382,450304581 176382,450304581 -33827,0485936128 168228,729098009
176382,450304581 176382,450304581 -33953,1872406099 168228,729098009
176382,450304581 176382,450304581 -33508,9628597119 168228,729098009
176382,450304581 176382,450304581 -33555,4782969451 168228,729098009
176382,450304581 176382,450304581 -33423,278095803 168228,729098009
176382,450304581 176382,450304581 -33962,949765783 168228,729098009
176382,450304581 176382,450304581 -33361,9246501777 168228,729098009
176382,450304581 176382,450304581 -33527,7934882855 168228,729098009
176382,450304581 176382,450304581 -33891,4460439807 168228,729098009
176382,450304581 176382,450304581 -33662,1930870681 168228,729098009
176382,450304581 176382,450304581 -33864,5881236551 168228,729098009
176382,450304581 176382,450304581 -33354,6895083383 168228,729098009
176382,450304581 176382,450304581 -33365,0657116382 168228,729098009
176382,450304581 176382,450304581 -33428,7455430094 168228,729098009
176382,450304581 176382,450304581 -33864,5881236551 168228,729098009
176382,450304581 176382,450304581 -33447,4949199101 168228,729098009
176382,450304581 176382,450304581 -33822,1802158681 168228,729098009
176382,450304581 176382,450304581 -33439,0168467363 168228,729098009
176382,450304581 176382,450304581 -33450,9687003566 168228,729098009
176382,450304581 176382,450304581 -33625,0873780921 168228,729098009
176382,450304581 176382,450304581 -33543,6806696634 168228,729098009
176382,450304581 176382,450304581 -33697,1006324086 168228,729098009
176382,450304581 176382,450304581 -33666,032857773 168228,729098009
176382,450304581 176382,450304581 -33433,7306510806 168228,729098009
176382,450304581 176382,450304581 -33609,9108092757 168228,729098009
176382,450304581 176382,450304581 -33579,902236063 168228,729098009
176382,450304581 176382,450304581 -33495,5748350439 168228,729098009
176382,450304581 176382,450304581 -33435,7975144647 168228,729098009
176382,450304581 176382,450304581 -33508,9628597119 168228,729098009
176382,450304581 176382,450304581 -33769,2218043374 168228,729098009
176382,450304581 176382,450304581 -33450,7847023203 168228,729098009
176382,450304581 176382,450304581 -33475,4272062704 168228,729098009
176382,450304581 176382,450304581 -33702,2247624212 168228,729098009
176382,450304581 176382,450304581 -34029,0180524945 168228,729098009
176382,450304581 176382,450304581 -33535,6841138587 168228,729098009
176382,450304581 176382,450304581 -33561,2280016308 168228,729098009
176382,450304581 176382,450304581 -33666,032857773 168228,729098009
176382,450304581 176382,450304581 -33630,4376377527 168228,729098009
176382,450304581 176382,450304581 -33746,6714779858 168228,729098009
176382,450304581 176382,450304581 -33561,4179176613 168228,729098009
176382,450304581 176382,450304581 -33557,6438252531 168228,729098009
176382,450304581 176382,450304581 -33450,9687003566 168228,729098009
176382,450304581 176382,450304581 -33413,108631144 168228,729098009
176382,450304581 176382,450304581 -33566,9763185422 168228,729098009
176382,450304581 176382,450304581 -33560,7406494594 168228,729098009
176382,450304581 176382,450304581 -33702,2247624212 168228,729098009
176382,450304581 176382,450304581 -33579,902236063 168228,729098009
176382,450304581 176382,450304581 -33432,3420422548 168228,729098009
176382,450304581 176382,450304581 -33413,5485543173 168228,729098009
176382,450304581 176382,450304581 -33860,4812864806 168228,729098009
176382,450304581 176382,450304581 -33600,897630647 168228,729098009
176382,450304581 176382,450304581 -33653,8799907671 168228,729098009
176382,450304581 176382,450304581 -33769,2218043374 168228,729098009
176382,450304581 176382,450304581 -34082,1932966231 168228,729098009
176382,450304581 176382,450304581 -33672,2716193781 168228,729098009
176382,450304581 176382,450304581 -33543,8424561382 168228,729098009
176382,450304581 176382,450304581 -33432,1520440417 168228,729098009
176382,450304581 176382,450304581 -33891,4460439807 168228,729098009
176382,450304581 176382,450304581 -33447,4949199101 168228,729098009
176382,450304581 176382,450304581 -33430,7054351781 168228,729098009
176382,450304581 176382,450304581 -33631,1228756076 168228,729098009
176382,450304581 176382,450304581 -33435,7975144647 168228,729098009
176382,450304581 176382,450304581 -33772,6956904759 168228,729098009
176382,450304581 176382,450304581 -33506,4240818844 168228,729098009
176382,450304581 176382,450304581 -33585,397018674 168228,729098009
176382,450304581 176382,450304581 -33400,6857319795 168228,729098009
176382,450304581 176382,450304581 -33953,1872406099 168228,729098009
176382,450304581 176382,450304581 -34082,1932966231 168228,729098009
176382,450304581 176382,450304581 -33621,7985186674 168228,729098009
176382,450304581 176382,450304581 -34019,3505192982 168228,729098009
176382,450304581 176382,450304581 -33788,2084102484 168228,729098009
176382,450304581 176382,450304581 -33427,8283525755 168228,729098009
176382,450304581 176382,450304581 -33953,1872406099 168228,729098009
176382,450304581 176382,450304581 -33413,5485543173 168228,729098009
176382,450304581 176382,450304581 -33579,902236063 168228,729098009
176382,450304581 176382,450304581 -33572,0323482652 168228,729098009
176382,450304581 176382,450304581 -33860,4812864806 168228,729098009
176382,450304581 176382,450304581 -34019,3505192982 168228,729098009
176382,450304581 176382,450304581 -33813,6468462829 168228,729098009
176382,450304581 176382,450304581 -33947,0582624255 168228,729098009
176382,450304581 176382,450304581 -33825,234663118 168228,729098009
176382,450304581 176382,450304581 -33489,7534983773 168228,729098009
176382,450304581 176382,450304581 -33574,8714784022 168228,729098009
176382,450304581 176382,450304581 -33627,1564888267 168228,729098009
176382,450304581 176382,450304581 -33561,1711338942 168228,729098009
176382,450304581 176382,450304581 -33468,3319888931 168228,729098009
176382,450304581 176382,450304581 -33462,0770159401 168228,729098009
176382,450304581 176382,450304581 -33399,9169291792 168228,729098009
176382,450304581 176382,450304581 -33545,9128445889 168228,729098009
176382,450304581 176382,450304581 -33666,1812354191 168228,729098009
176382,450304581 176382,450304581 -33451,0243025765 168228,729098009
176382,450304581 176382,450304581 -34082,1932966231 168228,729098009
176382,450304581 176382,450304581 -33891,4460439807 168228,729098009
176382,450304581 176382,450304581 -33475,4272062704 168228,729098009
176382,450304581 176382,450304581 -33789,5351837524 168228,729098009
176382,450304581 176382,450304581 -33477,2204388277 168228,729098009
176382,450304581 176382,450304581 -33451,8200039747 168228,729098009
176382,450304581 176382,450304581 -33530,3234832836 168228,729098009
176382,450304581 176382,450304581 -33438,8743571854 168228,729098009
176382,450304581 176382,450304581 -33746,6714779858 168228,729098009
176382,450304581 176382,450304581 -33392,3334461178 168228,729098009
176382,450304581 176382,450304581 -33826,3638090971 168228,729098009
176382,450304581 176382,450304581 -33553,8426111709 168228,729098009
176382,450304581 176382,450304581 -33560,7406494594 168228,729098009
176382,450304581 176382,450304581 -33414,3420048068 168228,729098009
176382,450304581 176382,450304581 -33365,798386977 168228,729098009
176382,450304581 176382,450304581 -33953,1872406099 168228,729098009
176382,450304581 176382,450304581 -33822,1802158681 168228,729098009
176382,450304581 176382,450304581 -33450,9687003566 168228,729098009
176382,450304581 176382,450304581 -33459,4153744574 168228,729098009
176382,450304581 176382,450304581 -33671,3371510526 168228,729098009
176382,450304581 176382,450304581 -33644,5498498208 168228,729098009
176382,450304581 176382,450304581 -33460,4513035237 168228,729098009
176382,450304581 176382,450304581 -33441,4285465145 168228,729098009
176382,450304581 176382,450304581 -33447,4949199101 168228,729098009
176382,450304581 176382,450304581 -33585,397018674 168228,729098009
176382,450304581 176382,450304581 -33382,3774686927 168228,729098009
176382,450304581 176382,450304581 -33495,5748350439 168228,729098009
176382,450304581 176382,450304581 -33519,4701393888 168228,729098009
176382,450304581 176382,450304581 -33627,1564888267 168228,729098009
176382,450304581 176382,450304581 -33424,124463409 168228,729098009
176382,450304581 176382,450304581 -33389,2400690031 168228,729098009
176382,450304581 176382,450304581 -33449,9016019468 168228,729098009
176382,450304581 176382,450304581 -33482,5439186426 168228,729098009
176382,450304581 176382,450304581 -33447,4949199101 168228,729098009
176382,450304581 176382,450304581 -33585,9885159913 168228,729098009
176382,450304581 176382,450304581 -33672,2716193781 168228,729098009
176382,450304581 176382,450304581 -33358,261615572 168228,729098009
176382,450304581 176382,450304581 -33540,8585020552 168228,729098009
176382,450304581 176382,450304581 -33939,1561536729 168228,729098009
176382,450304581 176382,450304581 -33468,3319888931 168228,729098009
176382,450304581 176382,450304581 -33424,2713317642 168228,729098009
176382,450304581 176382,450304581 -33813,6468462829 168228,729098009
176382,450304581 176382,450304581 -33536,3427982115 168228,729098009
176382,450304581 176382,450304581 -33600,5349841726 168228,729098009
176382,450304581 176382,450304581 -33426,9381244039 168228,729098009
176382,450304581 176382,450304581 -34082,1932966231 168228,729098009
176382,450304581 176382,450304581 -33472,0370762519 168228,729098009
176382,450304581 176382,450304581 -33780,843688915 168228,729098009
176382,450304581 176382,450304581 -33555,4782969451 168228,729098009
176382,450304581 176382,450304581 -33389,4933160283 168228,729098009
176382,450304581 176382,450304581 -33564,931988988 168228,729098009
176382,450304581 176382,450304581 -33420,6395294506 168228,729098009
176382,450304581 176382,450304581 -33468,6304488069 168228,729098009
176382,450304581 176382,450304581 -34019,3505192982 168228,729098009
176382,450304581 176382,450304581 -33385,3259691134 168228,729098009
176382,450304581 176382,450304581 -33807,3120132838 168228,729098009
176382,450304581 176382,450304581 -33511,9935166852 168228,729098009
176382,450304581 176382,450304581 -33603,5163477658 168228,729098009
176382,450304581 176382,450304581 -33614,230621938 168228,729098009
176382,450304581 176382,450304581 -33579,902236063 168228,729098009
176382,450304581 176382,450304581 -33529,6219469178 168228,729098009
176382,450304581 176382,450304581 -33905,0166346346 168228,729098009
176382,450304581 176382,450304581 -33579,902236063 168228,729098009
176382,450304581 176382,450304581 -33631,1228756076 168228,729098009
176382,450304581 176382,450304581 -33466,6046321266 168228,729098009
176382,450304581 176382,450304581 -33516,0070085532 168228,729098009
176382,450304581 176382,450304581 -33702,2247624212 168228,729098009
176382,450304581 176382,450304581 -33780,843688915 168228,729098009
176382,450304581 176382,450304581 -33585,9885159913 168228,729098009
176382,450304581 176382,450304581 -33615,4368317395 168228,729098009
176382,450304581 176382,450304581 -33704,850551922 168228,729098009
176382,450304581 176382,450304581 -33567,960613142 168228,729098009
176382,450304581 176382,450304581 -33456,8500603908 168228,729098009
176382,450304581 176382,450304581 -33666,1812354191 168228,729098009
176382,450304581 176382,450304581 -33370,7748824422 168228,729098009
176382,450304581 176382,450304581 -33583,504444377 168228,729098009
176382,450304581 176382,450304581 -33436,5300977464 168228,729098009
176382,450304581 176382,450304581 -33519,4701393888 168228,729098009
176382,450304581 176382,450304581 -33615,0936574482 168228,729098009
176382,450304581 176382,450304581 -33630,4376377527 168228,729098009
176382,450304581 176382,450304581 -33807,3120132838 168228,729098009
176382,450304581 176382,450304581 -33631,1228756076 168228,729098009
176382,450304581 176382,450304581 -33579,902236063 168228,729098009
176382,450304581 176382,450304581 -33772,6956904759 168228,729098009
176382,450304581 176382,450304581 -33813,6468462829 168228,729098009
176382,450304581 176382,450304581 -33620,8753284132 168228,729098009
176382,450304581 176382,450304581 -33452,2937576204 168228,729098009
176382,450304581 176382,450304581 -33474,0730178672 168228,729098009
176382,450304581 176382,450304581 -33433,813789696 168228,729098009
176382,450304581 176382,450304581 -33626,3402916036 168228,729098009
176382,450304581 176382,450304581 -33596,9216154502 168228,729098009
176382,450304581 176382,450304581 -33827,0485936128 168228,729098009
176382,450304581 176382,450304581 -33864,5881236551 168228,729098009
176382,450304581 176382,450304581 -33826,3638090971 168228,729098009
176382,450304581 176382,450304581 -33508,9628597119 168228,729098009
176382,450304581 176382,450304581 -33662,1930870681 168228,729098009
176382,450304581 176382,450304581 -33615,4368317395 168228,729098009
176382,450304581 176382,450304581 -33428,6939114418 168228,729098009
176382,450304581 176382,450304581 -33686,1957332449 168228,729098009
176382,450304581 176382,450304581 -33653,8799907671 168228,729098009
176382,450304581 176382,450304581 -33419,1925396855 168228,729098009
176382,450304581 176382,450304581 -33425,7179652421 168228,729098009
176382,450304581 176382,450304581 -33772,6956904759 168228,729098009
176382,450304581 176382,450304581 -33421,5768876437 168228,729098009
176382,450304581 176382,450304581 -33567,960613142 168228,729098009
176382,450304581 176382,450304581 -33947,0582624255 168228,729098009
176382,450304581 176382,450304581 -33477,2204388277 168228,729098009
176382,450304581 176382,450304581 -33405,926996548 168228,729098009
176382,450304581 176382,450304581 -33301,149990204 168228,729098009
176382,450304581 176382,450304581 -33600,897630647 168228,729098009
176382,450304581 176382,450304581 -33531,4314197275 168228,729098009
176382,450304581 176382,450304581 -33529,6219469178 168228,729098009
176382,450304581 176382,450304581 -33557,6438252531 168228,729098009
176382,450304581 176382,450304581 -33827,0485936128 168228,729098009
176382,450304581 176382,450304581 -33462,0770159401 168228,729098009
176382,450304581 176382,450304581 -33697,1006324086 168228,729098009
176382,450304581 176382,450304581 -33538,3755580943 168228,729098009
176382,450304581 176382,450304581 -33603,5163477658 168228,729098009
176382,450304581 176382,450304581 -33465,9474142393 168228,729098009
176382,450304581 176382,450304581 -33531,4314197275 168228,729098009
176382,450304581 176382,450304581 -33416,0175923763 168228,729098009
176382,450304581 176382,450304581 -33370,5151643304 168228,729098009
176382,450304581 176382,450304581 -33609,9108092757 168228,729098009
176382,450304581 176382,450304581 -33442,1765343411 168228,729098009
176382,450304581 176382,450304581 -33462,0770159401 168228,729098009
176382,450304581 176382,450304581 -33417,347103407 168228,729098009
176382,450304581 176382,450304581 -33451,0243025765 168228,729098009
176382,450304581 176382,450304581 -33372,201681561 168228,729098009
176382,450304581 176382,450304581 -33540,8585020552 168228,729098009
176382,450304581 176382,450304581 -34029,0180524945 168228,729098009
176382,450304581 176382,450304581 -33658,5189601738 168228,729098009
176382,450304581 176382,450304581 -33363,547005478 168228,729098009
176382,450304581 176382,450304581 -34019,3505192982 168228,729098009
176382,450304581 176382,450304581 -33352,5564582846 168228,729098009
176382,450304581 176382,450304581 -34024,589375106 168228,729098009
176382,450304581 176382,450304581 -33860,4812864806 168228,729098009
176382,450304581 176382,450304581 -33627,1564888267 168228,729098009
176382,450304581 176382,450304581 -33474,0730178672 168228,729098009
176382,450304581 176382,450304581 -33449,3172279735 168228,729098009
176382,450304581 176382,450304581 -33410,1138160628 168228,729098009
176382,450304581 176382,450304581 -33506,4240818844 168228,729098009
176382,450304581 176382,450304581 -33370,7748824422 168228,729098009
176382,450304581 176382,450304581 -33608,1536094541 168228,729098009
176382,450304581 176382,450304581 -33557,6438252531 168228,729098009
176382,450304581 176382,450304581 -33813,6468462829 168228,729098009
176382,450304581 176382,450304581 -33304,7928432348 168228,729098009
176382,450304581 176382,450304581 -33626,3402916036 168228,729098009
176382,450304581 176382,450304581 -33461,9827039692 168228,729098009
176382,450304581 176382,450304581 -33543,8424561382 168228,729098009
176382,450304581 176382,450304581 -33553,8426111709 168228,729098009
176382,450304581 176382,450304581 -34019,3505192982 168228,729098009
176382,450304581 176382,450304581 -33487,4937174268 168228,729098009
176382,450304581 176382,450304581 -33658,5189601738 168228,729098009
176382,450304581 176382,450304581 -33496,3836773808 168228,729098009
176382,450304581 176382,450304581 -33435,6499965808 168228,729098009
176382,450304581 176382,450304581 -33905,0166346346 168228,729098009
176382,450304581 176382,450304581 -33456,8500603908 168228,729098009
176382,450304581 176382,450304581 -33937,0565070434 168228,729098009
176382,450304581 176382,450304581 -33626,3402916036 168228,729098009
176382,450304581 176382,450304581 -33435,4797978001 168228,729098009
176382,450304581 176382,450304581 -33567,960613142 168228,729098009
176382,450304581 176382,450304581 -33788,2084102484 168228,729098009
176382,450304581 176382,450304581 -33746,6714779858 168228,729098009
176382,450304581 176382,450304581 -33467,092556732 168228,729098009
176382,450304581 176382,450304581 -33644,5498498208 168228,729098009
176382,450304581 176382,450304581 -33528,0512753388 168228,729098009
176382,450304581 176382,450304581 -34029,0180524945 168228,729098009
176382,450304581 176382,450304581 -33937,0565070434 168228,729098009
176382,450304581 176382,450304581 -34024,589375106 168228,729098009
176382,450304581 176382,450304581 -33475,4272062704 168228,729098009
176382,450304581 176382,450304581 -33947,0582624255 168228,729098009
176382,450304581 176382,450304581 -33435,6499965808 168228,729098009
176382,450304581 176382,450304581 -33424,124463409 168228,729098009
176382,450304581 176382,450304581 -33947,0582624255 168228,729098009
176382,450304581 176382,450304581 -33566,9763185422 168228,729098009
176382,450304581 176382,450304581 -34029,0180524945 168228,729098009
176382,450304581 176382,450304581 -33917,3989929335 168228,729098009
176382,450304581 176382,450304581 -33631,1228756076 168228,729098009
176382,450304581 176382,450304581 -33523,4917589067 168228,729098009
176382,450304581 176382,450304581 -33731,2775209669 168228,729098009
176382,450304581 176382,450304581 -33596,9216154502 168228,729098009
176382,450304581 176382,450304581 -33662,1930870681 168228,729098009
176382,450304581 176382,450304581 -33314,2697386517 168228,729098009
176382,450304581 176382,450304581 -33789,5351837524 168228,729098009
176382,450304581 176382,450304581 -33529,7932619792 168228,729098009
176382,450304581 176382,450304581 -33625,0873780921 168228,729098009
176382,450304581 176382,450304581 -33702,2247624212 168228,729098009
176382,450304581 176382,450304581 -33450,7847023203 168228,729098009
176382,450304581 176382,450304581 -33434,588923726 168228,729098009
176382,450304581 176382,450304581 -33528,3205878761 168228,729098009
176382,450304581 176382,450304581 -33780,843688915 168228,729098009
176382,450304581 176382,450304581 -33384,8769290542 168228,729098009
176382,450304581 176382,450304581 -33596,9216154502 168228,729098009
176382,450304581 176382,450304581 -33615,0936574482 168228,729098009
176382,450304581 176382,450304581 -33546,7683108339 168228,729098009
176382,450304581 176382,450304581 -33434,9955326713 168228,729098009
176382,450304581 176382,450304581 -33322,5027524842 168228,729098009
176382,450304581 176382,450304581 -33804,7070028055 168228,729098009
176382,450304581 176382,450304581 -33609,1894311867 168228,729098009
176382,450304581 176382,450304581 -33387,4384887083 168228,729098009
176382,450304581 176382,450304581 -33399,9169291792 168228,729098009
176382,450304581 176382,450304581 -33449,9016019468 168228,729098009
176382,450304581 176382,450304581 -33561,2280016308 168228,729098009
176382,450304581 176382,450304581 -34029,0180524945 168228,729098009
176382,450304581 176382,450304581 -33769,2218043374 168228,729098009
176382,450304581 176382,450304581 -33813,6468462829 168228,729098009
176382,450304581 176382,450304581 -33616,0028375985 168228,729098009
176382,450304581 176382,450304581 -33559,4839773879 168228,729098009
176382,450304581 176382,450304581 -33439,0168467363 168228,729098009
176382,450304581 176382,450304581 -33625,0873780921 168228,729098009
176382,450304581 176382,450304581 -33721,9622431164 168228,729098009
176382,450304581 176382,450304581 -33500,5310546392 168228,729098009
176382,450304581 176382,450304581 -33392,3687949716 168228,729098009
176382,450304581 176382,450304581 -33468,3319888931 168228,729098009
176382,450304581 176382,450304581 -33962,949765783 168228,729098009
176382,450304581 176382,450304581 -33414,3420048068 168228,729098009
176382,450304581 176382,450304581 -33441,4285465145 168228,729098009
176382,450304581 176382,450304581 -33375,8462366268 168228,729098009
176382,450304581 176382,450304581 -33372,9771064872 168228,729098009
176382,450304581 176382,450304581 -33530,3234832836 168228,729098009
176382,450304581 176382,450304581 -33808,5360659708 168228,729098009
176382,450304581 176382,450304581 -33423,3330202117 168228,729098009
176382,450304581 176382,450304581 -33826,3638090971 168228,729098009
176382,450304581 176382,450304581 -33400,2238479928 168228,729098009
176382,450304581 176382,450304581 -33432,1520440417 168228,729098009
176382,450304581 176382,450304581 -33621,7985186674 168228,729098009
176382,450304581 176382,450304581 -33327,0355180803 168228,729098009
176382,450304581 176382,450304581 -33807,3120132838 168228,729098009
176382,450304581 176382,450304581 -33330,4444265206 168228,729098009
176382,450304581 176382,450304581 -33807,3120132838 168228,729098009
176382,450304581 176382,450304581 -33953,1872406099 168228,729098009
176382,450304581 176382,450304581 -33684,9453200689 168228,729098009
176382,450304581 176382,450304581 -33336,1495247456 168228,729098009
176382,450304581 176382,450304581 -33372,2416196557 168228,729098009
176382,450304581 176382,450304581 -33370,8990903852 168228,729098009
176382,450304581 176382,450304581 -33426,3377497624 168228,729098009
176382,450304581 176382,450304581 -33579,902236063 168228,729098009
176382,450304581 176382,450304581 -34082,1932966231 168228,729098009
176382,450304581 176382,450304581 -33704,850551922 168228,729098009
176382,450304581 176382,450304581 -33451,0243025765 168228,729098009
176382,450304581 176382,450304581 -33672,2716193781 168228,729098009
176382,450304581 176382,450304581 -33621,7985186674 168228,729098009
176382,450304581 176382,450304581 -33827,0485936128 168228,729098009
176382,450304581 176382,450304581 -33496,3836773808 168228,729098009
176382,450304581 176382,450304581 -33424,2713317642 168228,729098009
176382,450304581 176382,450304581 -33864,5881236551 168228,729098009
176382,450304581 176382,450304581 -33615,4368317395 168228,729098009
176382,450304581 176382,450304581 -33789,5351837524 168228,729098009
176382,450304581 176382,450304581 -33425,7179652421 168228,729098009
176382,450304581 176382,450304581 -33555,4782969451 168228,729098009
176382,450304581 176382,450304581 -33672,2716193781 168228,729098009
176382,450304581 176382,450304581 -33704,850551922 168228,729098009
176382,450304581 176382,450304581 -33721,9622431164 168228,729098009
176382,450304581 176382,450304581 -33615,0936574482 168228,729098009
176382,450304581 176382,450304581 -33543,8424561382 168228,729098009
176382,450304581 176382,450304581 -33875,2663817263 168228,729098009
176382,450304581 176382,450304581 -33499,5156043057 168228,729098009
176382,450304581 176382,450304581 -33417,0305506627 168228,729098009
176382,450304581 176382,450304581 -33789,5351837524 168228,729098009
176382,450304581 176382,450304581 -33417,347103407 168228,729098009
176382,450304581 176382,450304581 -33789,5351837524 168228,729098009
176382,450304581 176382,450304581 -33630,4376377527 168228,729098009
176382,450304581 176382,450304581 -34024,589375106 168228,729098009
176382,450304581 176382,450304581 -33807,3120132838 168228,729098009
176382,450304581 176382,450304581 -33461,9827039692 168228,729098009
176382,450304581 176382,450304581 -33399,9169291792 168228,729098009
176382,450304581 176382,450304581 -33388,7592357249 168228,729098009
176382,450304581 176382,450304581 -33721,9622431164 168228,729098009
176382,450304581 176382,450304581 -33504,443714164 168228,729098009
176382,450304581 176382,450304581 -33306,0480960194 168228,729098009
176382,450304581 176382,450304581 -33564,931988988 168228,729098009
176382,450304581 176382,450304581 -33686,1957332449 168228,729098009
176382,450304581 176382,450304581 -33616,0028375985 168228,729098009
176382,450304581 176382,450304581 -33384,8769290542 168228,729098009
176382,450304581 176382,450304581 -33384,5114417859 168228,729098009
176382,450304581 176382,450304581 -33426,9381244039 168228,729098009
176382,450304581 176382,450304581 -33538,3755580943 168228,729098009
176382,450304581 176382,450304581 -33486,3946433068 168228,729098009
176382,450304581 176382,450304581 -33474,0338364492 168228,729098009
176382,450304581 176382,450304581 -33503,6189313444 168228,729098009
176382,450304581 176382,450304581 -33905,0166346346 168228,729098009
176382,450304581 176382,450304581 -33746,6714779858 168228,729098009
176382,450304581 176382,450304581 -33644,5498498208 168228,729098009
176382,450304581 176382,450304581 -33662,1930870681 168228,729098009
176382,450304581 176382,450304581 -33506,4240818844 168228,729098009
176382,450304581 176382,450304581 -33368,9706586528 168228,729098009
176382,450304581 176382,450304581 -33559,4839773879 168228,729098009
176382,450304581 176382,450304581 -33826,3638090971 168228,729098009
176382,450304581 176382,450304581 -33449,3172279735 168228,729098009
176382,450304581 176382,450304581 -33484,1644341752 168228,729098009
176382,450304581 176382,450304581 -33366,6280538485 168228,729098009
176382,450304581 176382,450304581 -33393,9162701862 168228,729098009
176382,450304581 176382,450304581 -33459,6706967071 168228,729098009
176382,450304581 176382,450304581 -33864,5881236551 168228,729098009
176382,450304581 176382,450304581 -33684,9453200689 168228,729098009
176382,450304581 176382,450304581 -33475,4272062704 168228,729098009
176382,450304581 176382,450304581 -33658,5189601738 168228,729098009
176382,450304581 176382,450304581 -33608,1536094541 168228,729098009
176382,450304581 176382,450304581 -33506,1462556597 168228,729098009
176382,450304581 176382,450304581 -33953,1872406099 168228,729098009
176382,450304581 176382,450304581 -33561,2280016308 168228,729098009
176382,450304581 176382,450304581 -33423,3330202117 168228,729098009
176382,450304581 176382,450304581 -33434,588923726 168228,729098009
176382,450304581 176382,450304581 -33528,3205878761 168228,729098009
176382,450304581 176382,450304581 -33566,9763185422 168228,729098009
176382,450304581 176382,450304581 -33420,8943713411 168228,729098009
176382,450304581 176382,450304581 -33371,1933551106 168228,729098009
176382,450304581 176382,450304581 -33474,0338364492 168228,729098009
176382,450304581 176382,450304581 -33430,2137534078 168228,729098009
176382,450304581 176382,450304581 -33672,2716193781 168228,729098009
176382,450304581 176382,450304581 -33684,9453200689 168228,729098009
176382,450304581 176382,450304581 -33499,5156043057 168228,729098009
176382,450304581 176382,450304581 -33449,3172279735 168228,729098009
176382,450304581 176382,450304581 -33917,3989929335 168228,729098009
176382,450304581 176382,450304581 -33708,6311790625 168228,729098009
176382,450304581 176382,450304581 -33378,5634063102 168228,729098009
176382,450304581 176382,450304581 -33572,0323482652 168228,729098009
176382,450304581 176382,450304581 -33468,6304488069 168228,729098009
176382,450304581 176382,450304581 -33609,9108092757 168228,729098009
176382,450304581 176382,450304581 -33658,5189601738 168228,729098009
176382,450304581 176382,450304581 -33891,4460439807 168228,729098009
176382,450304581 176382,450304581 -33603,5163477658 168228,729098009
176382,450304581 176382,450304581 -33459,6706967071 168228,729098009
176382,450304581 176382,450304581 -33608,1536094541 168228,729098009
176382,450304581 176382,450304581 -33788,2084102484 168228,729098009
176382,450304581 176382,450304581 -33860,4812864806 168228,729098009
176382,450304581 176382,450304581 -33304,5306651965 168228,729098009
176382,450304581 176382,450304581 -33822,1802158681 168228,729098009
176382,450304581 176382,450304581 -33666,1812354191 168228,729098009
176382,450304581 176382,450304581 -33561,2280016308 168228,729098009
176382,450304581 176382,450304581 -33527,7934882855 168228,729098009
176382,450304581 176382,450304581 -33469,3346360923 168228,729098009
176382,450304581 176382,450304581 -33534,9579086059 168228,729098009
176382,450304581 176382,450304581 -33746,6714779858 168228,729098009
176382,450304581 176382,450304581 -33442,1377271859 168228,729098009
176382,450304581 176382,450304581 -33299,6042081631 168228,729098009
176382,450304581 176382,450304581 -33543,8424561382 168228,729098009
176382,450304581 176382,450304581 -33567,960613142 168228,729098009
176382,450304581 176382,450304581 -33301,7257530017 168228,729098009
176382,450304581 176382,450304581 -33543,6806696634 168228,729098009
176382,450304581 176382,450304581 -33939,1561536729 168228,729098009
176382,450304581 176382,450304581 -33430,2137534078 168228,729098009
176382,450304581 176382,450304581 -33813,6468462829 168228,729098009
176382,450304581 176382,450304581 -33506,1462556597 168228,729098009
176382,450304581 176382,450304581 -33686,1957332449 168228,729098009
176382,450304581 176382,450304581 -33788,2084102484 168228,729098009
176382,450304581 176382,450304581 -33626,3402916036 168228,729098009
176382,450304581 176382,450304581 -33567,960613142 168228,729098009
176382,450304581 176382,450304581 -33662,1930870681 168228,729098009
176382,450304581 176382,450304581 -33348,2035170705 168228,729098009
176382,450304581 176382,450304581 -33804,7070028055 168228,729098009
176382,450304581 176382,450304581 -33486,9026055056 168228,729098009
176382,450304581 176382,450304581 -33450,9033299127 168228,729098009
176382,450304581 176382,450304581 -33528,3205878761 168228,729098009
176382,450304581 176382,450304581 -33627,1564888267 168228,729098009
176382,450304581 176382,450304581 -33891,4460439807 168228,729098009
176382,450304581 176382,450304581 -33598,1141248208 168228,729098009
176382,450304581 176382,450304581 -33789,5351837524 168228,729098009
176382,450304581 176382,450304581 -33826,3638090971 168228,729098009
176382,450304581 176382,450304581 -33572,0323482652 168228,729098009
176382,450304581 176382,450304581 -33626,3402916036 168228,729098009
176382,450304581 176382,450304581 -33600,5349841726 168228,729098009
176382,450304581 176382,450304581 -33451,0243025765 168228,729098009
176382,450304581 176382,450304581 -33630,4376377527 168228,729098009
176382,450304581 176382,450304581 -33583,504444377 168228,729098009
176382,450304581 176382,450304581 -33449,9016019468 168228,729098009
176382,450304581 176382,450304581 -33917,3989929335 168228,729098009
176382,450304581 176382,450304581 -33662,1930870681 168228,729098009
176382,450304581 176382,450304581 -33331,3230773744 168228,729098009
176382,450304581 176382,450304581 -33526,2680354462 168228,729098009
176382,450304581 176382,450304581 -33328,5720308832 168228,729098009
176382,450304581 176382,450304581 -33466,2019816622 168228,729098009
176382,450304581 176382,450304581 -33290,2159458189 168228,729098009
176382,450304581 176382,450304581 -33406,9311297511 168228,729098009
176382,450304581 176382,450304581 -33598,1141248208 168228,729098009
176382,450304581 176382,450304581 -33702,2247624212 168228,729098009
176382,450304581 176382,450304581 -33389,7484021654 168228,729098009
176382,450304581 176382,450304581 -33373,4989333522 168228,729098009
176382,450304581 176382,450304581 -33468,6304488069 168228,729098009
176382,450304581 176382,450304581 -33540,8585020552 168228,729098009
176382,450304581 176382,450304581 -33435,4797978001 168228,729098009
176382,450304581 176382,450304581 -33684,9453200689 168228,729098009
176382,450304581 176382,450304581 -33459,6706967071 168228,729098009
176382,450304581 176382,450304581 -33442,1377271859 168228,729098009
176382,450304581 176382,450304581 -33962,949765783 168228,729098009
176382,450304581 176382,450304581 -33419,1925396855 168228,729098009
176382,450304581 176382,450304581 -33535,6841138587 168228,729098009
176382,450304581 176382,450304581 -33399,5790490756 168228,729098009
176382,450304581 176382,450304581 -33450,9687003566 168228,729098009
176382,450304581 176382,450304581 -33357,2027857292 168228,729098009
176382,450304581 176382,450304581 -33860,4812864806 168228,729098009
176382,450304581 176382,450304581 -33538,3755580943 168228,729098009
176382,450304581 176382,450304581 -33449,3172279735 168228,729098009
176382,450304581 176382,450304581 -33702,2247624212 168228,729098009
176382,450304581 176382,450304581 -33477,2204388277 168228,729098009
176382,450304581 176382,450304581 -33891,4460439807 168228,729098009
176382,450304581 176382,450304581 -33421,5768876437 168228,729098009
176382,450304581 176382,450304581 -33387,5748603166 168228,729098009
176382,450304581 176382,450304581 -33506,1462556597 168228,729098009
176382,450304581 176382,450304581 -33300,6137739993 168228,729098009
176382,450304581 176382,450304581 -33721,9622431164 168228,729098009
176382,450304581 176382,450304581 -33702,2247624212 168228,729098009
176382,450304581 176382,450304581 -33567,960613142 168228,729098009
176382,450304581 176382,450304581 -33686,1957332449 168228,729098009
176382,450304581 176382,450304581 -33393,6287609959 168228,729098009
176382,450304581 176382,450304581 -33579,902236063 168228,729098009
176382,450304581 176382,450304581 -33653,8799907671 168228,729098009
176382,450304581 176382,450304581 -33917,3989929335 168228,729098009
176382,450304581 176382,450304581 -33461,9827039692 168228,729098009
176382,450304581 176382,450304581 -33389,4933160283 168228,729098009
176382,450304581 176382,450304581 -33625,0873780921 168228,729098009
176382,450304581 176382,450304581 -33875,2663817263 168228,729098009
176382,450304581 176382,450304581 -33516,0070085532 168228,729098009
176382,450304581 176382,450304581 -34082,1932966231 168228,729098009
176382,450304581 176382,450304581 -33442,4212052086 168228,729098009
176382,450304581 176382,450304581 -33433,813789696 168228,729098009
176382,450304581 176382,450304581 -33947,0582624255 168228,729098009
176382,450304581 176382,450304581 -33316,932575559 168228,729098009
176382,450304581 176382,450304581 -33564,931988988 168228,729098009
176382,450304581 176382,450304581 -33609,1894311867 168228,729098009
176382,450304581 176382,450304581 -33626,3402916036 168228,729098009
176382,450304581 176382,450304581 -33460,4513035237 168228,729098009
176382,450304581 176382,450304581 -33474,0730178672 168228,729098009
176382,450304581 176382,450304581 -33369,2143701725 168228,729098009
176382,450304581 176382,450304581 -33497,5970099157 168228,729098009
176382,450304581 176382,450304581 -33566,9763185422 168228,729098009
176382,450304581 176382,450304581 -33380,1186862638 168228,729098009
176382,450304581 176382,450304581 -33485,4901479638 168228,729098009
176382,450304581 176382,450304581 -33559,4839773879 168228,729098009
176382,450304581 176382,450304581 -33290,2159458189 168228,729098009
176382,450304581 176382,450304581 -33616,0028375985 168228,729098009
176382,450304581 176382,450304581 -33416,0175923763 168228,729098009
176382,450304581 176382,450304581 -33441,4285465145 168228,729098009
176382,450304581 176382,450304581 -34017,3507301115 168228,729098009
176382,450304581 176382,450304581 -33358,0468010293 168228,729098009
176382,450304581 176382,450304581 -33825,234663118 168228,729098009
176382,450304581 176382,450304581 -33290,2159458189 168228,729098009
176382,450304581 176382,450304581 -33780,843688915 168228,729098009
176382,450304581 176382,450304581 -33460,4513035237 168228,729098009
176382,450304581 176382,450304581 -33725,844362799 168228,729098009
176382,450304581 176382,450304581 -33585,397018674 168228,729098009
176382,450304581 176382,450304581 -33427,8283525755 168228,729098009
176382,450304581 176382,450304581 -33419,37172175 168228,729098009
176382,450304581 176382,450304581 -33316,4852641883 168228,729098009
176382,450304581 176382,450304581 -33370,8990903852 168228,729098009
176382,450304581 176382,450304581 -33405,926996548 168228,729098009
176382,450304581 176382,450304581 -33662,1930870681 168228,729098009
176382,450304581 176382,450304581 -33807,3120132838 168228,729098009
176382,450304581 176382,450304581 -34029,0180524945 168228,729098009
176382,450304581 176382,450304581 -33625,0873780921 168228,729098009
176382,450304581 176382,450304581 -34029,0180524945 168228,729098009
176382,450304581 176382,450304581 -33420,6289198057 168228,729098009
176382,450304581 176382,450304581 -33466,2019816622 168228,729098009
176382,450304581 176382,450304581 -33579,902236063 168228,729098009
176382,450304581 176382,450304581 -33347,9133890673 168228,729098009
176382,450304581 176382,450304581 -33438,8743571854 168228,729098009
176382,450304581 176382,450304581 -33506,1462556597 168228,729098009
176382,450304581 176382,450304581 -33905,0166346346 168228,729098009
176382,450304581 176382,450304581 -33561,1711338942 168228,729098009
176382,450304581 176382,450304581 -33347,8986571547 168228,729098009
176382,450304581 176382,450304581 -33753,3561546673 168228,729098009
176382,450304581 176382,450304581 -33731,2775209669 168228,729098009
176382,450304581 176382,450304581 -33535,6841138587 168228,729098009
176382,450304581 176382,450304581 -33684,9453200689 168228,729098009
176382,450304581 176382,450304581 -33535,335850333 168228,729098009
176382,450304581 176382,450304581 -33506,4240818844 168228,729098009
176382,450304581 176382,450304581 -33891,4460439807 168228,729098009
176382,450304581 176382,450304581 -33615,0936574482 168228,729098009
176382,450304581 176382,450304581 -33420,6395294506 168228,729098009
176382,450304581 176382,450304581 -33620,8753284132 168228,729098009
176382,450304581 176382,450304581 -33808,5360659708 168228,729098009
176382,450304581 176382,450304581 -33864,5881236551 168228,729098009
176382,450304581 176382,450304581 -33666,1812354191 168228,729098009
176382,450304581 176382,450304581 -33535,6841138587 168228,729098009
176382,450304581 176382,450304581 -33864,5881236551 168228,729098009
176382,450304581 176382,450304581 -33560,7859785896 168228,729098009
176382,450304581 176382,450304581 -33684,9453200689 168228,729098009
176382,450304581 176382,450304581 -34082,1932966231 168228,729098009
176382,450304581 176382,450304581 -33434,588923726 168228,729098009
176382,450304581 176382,450304581 -33891,4460439807 168228,729098009
176382,450304581 176382,450304581 -33325,0413969073 168228,729098009
176382,450304581 176382,450304581 -33441,4285465145 168228,729098009
176382,450304581 176382,450304581 -33860,4812864806 168228,729098009
176382,450304581 176382,450304581 -33466,6046321266 168228,729098009
176382,450304581 176382,450304581 -33435,4797978001 168228,729098009
176382,450304581 176382,450304581 -34024,589375106 168228,729098009
176382,450304581 176382,450304581 -33937,0565070434 168228,729098009
176382,450304581 176382,450304581 -33465,9474142393 168228,729098009
176382,450304581 176382,450304581 -33721,9622431164 168228,729098009
176382,450304581 176382,450304581 -33370,7748824422 168228,729098009
176382,450304581 176382,450304581 -33543,6806696634 168228,729098009
176382,450304581 176382,450304581 -33620,1127932928 168228,729098009
176382,450304581 176382,450304581 -33390,3197968132 168228,729098009
176382,450304581 176382,450304581 -33789,5351837524 168228,729098009
176382,450304581 176382,450304581 -33508,9628597119 168228,729098009
176382,450304581 176382,450304581 -33540,8585020552 168228,729098009
6089,79304388671
