12626,30515644 -8089,93177382086 -13271,0263987011 -8372,69803758061
12626,30515644 -8220,91099381632 -13038,9958602416 -8729,00078667343
12626,30515644 -8359,62729635644 -13265,9430387993 -8912,88941780159
12626,30515644 -8531,84494685659 -13310,6801167796 -9040,2188337349
12626,30515644 -8780,95064389759 -14429,9651974793 -9163,55478894971
12626,30515644 -9182,88566174998 -14178,2134256674 -9762,89391702979
12626,30515644 -9763,29867234731 -14881,1321956158 -10327,9734076664
12626,30515644 -9944,83204248148 -15071,5186653982 -10643,1127546931
12626,30515644 -9877,42694521496 -15508,4197978631 -10796,5870798285
12626,30515644 -10311,2240586416 -15409,630214492 -10992,2311950121
12626,30515644 -10273,9384830084 -16411,8890806887 -11042,3710724394
12626,30515644 -10458,6192349645 -17123,2590291859 -11216,3802894905
12626,30515644 -10363,7466901954 -16732,4289570884 -11531,4414491822
12626,30515644 -10393,0956985447 -16574,0936385327 -11721,0689133518
12626,30515644 -10312,6870843953 -16778,3847642084 -11743,0381077965
12626,30515644 -10847,9127383264 -17611,926089967 -11718,6204678384
12626,30515644 -10965,9019925439 -16478,9435507616 -11952,7133086535
12626,30515644 -10894,656345888 -15997,2089554319 -12069,3095887726
12626,30515644 -11162,9748950622 -16788,7710224173 -11994,1734448378
12626,30515644 -11133,625886713 -16920,7301188661 -12027,5614719992
12626,30515644 -11131,0269173077 -17013,5611156459 -12106,3281568139
12626,30515644 -11132,4309319568 -17502,3010991184 -12159,3344298578
12626,30515644 -11381,3161462164 -17004,9905779946 -12291,6611599861
12626,30515644 -11543,5720626304 -16995,3042268438 -12308,0280802938
12626,30515644 -11729,5106844852 -17116,1150709013 -12249,8478320654
12626,30515644 -11743,137021395 -17168,0114073567 -12419,3814967296
12626,30515644 -11826,1680010596 -17515,8386716159 -12593,2705323788
12626,30515644 -11870,1365714272 -17037,3644033776 -12638,4734764147
12626,30515644 -11919,3513985656 -17046,4661778003 -12729,9156320257
12626,30515644 -12092,5281163074 -16358,359189918 -12828,4084433831
12626,30515644 -12225,7651398233 -17590,321875277 -12860,6037889391
12626,30515644 -12539,3813035463 -17634,4316773846 -13021,7800005697
12626,30515644 -12227,1738891755 -17492,0485101503 -12997,7955744848
12626,30515644 -12228,4953917782 -17023,7015941866 -13017,0403989151
12626,30515644 -12293,5741439319 -16768,5045479429 -13118,309936846
12626,30515644 -12341,4401487203 -17591,8385474791 -13064,4196541945
12626,30515644 -12737,3975335656 -17509,1892384987 -13230,7487833502
12626,30515644 -12738,6741099753 -18052,7132515983 -13291,3517862137
12626,30515644 -12702,6242877275 -18623,6214516474 -13258,8127971431
12626,30515644 -12700,8811787639 -16726,0291491045 -13230,7314209
12626,30515644 -12677,605393033 -18438,0641530015 -13258,7955354679
12626,30515644 -12554,6064797112 -18013,7437503125 -13278,6406449144
12626,30515644 -12584,5560893808 -17752,0555413014 -13338,1324509629
12626,30515644 -12649,5816769268 -17698,9467832152 -13246,3189854504
12626,30515644 -12658,7590922582 -17410,3133871019 -13298,1156412728
12626,30515644 -12534,9253411646 -17732,2099082713 -13367,5310655412
12626,30515644 -12482,8686633019 -18218,54066475 -13425,8927358275
12626,30515644 -12483,1649726494 -18703,3481350194 -13309,0628818819
12626,30515644 -12441,7394301636 -18121,9737857183 -13281,4044897885
12626,30515644 -12097,6871611964 -18665,3054804209 -13209,1126910841
12626,30515644 -10969,2704975326 -17878,0841693045 -12989,5096607427
12626,30515644 -10884,5123727831 -17426,1838005679 -13093,1317382456
12626,30515644 -10986,3572787886 -17285,9414849442 -13146,5480362743
12626,30515644 -10892,1334139055 -18072,636826011 -13025,8468378746
12626,30515644 -10942,1757587181 -19005,6555298182 -13003,628331636
12626,30515644 -11464,9821182508 -17512,7005768468 -13085,671866174
12626,30515644 -11435,5145639672 -18536,3183316779 -13210,5670049591
12626,30515644 -11490,3137257004 -17837,8181428984 -13113,8156700555
12626,30515644 -12161,0818396413 -18256,3244114202 -13198,586538654
12626,30515644 -12161,6555932561 -19671,0076544798 -13133,7326520458
12626,30515644 -12194,23646338 -17744,9776864337 -13088,10143018
12626,30515644 -12159,2149682444 -18439,9651984757 -13105,8669491252
12626,30515644 -12116,8806523186 -18539,6896053929 -13173,6112008396
12626,30515644 -11618,8991970621 -18579,2314372597 -13048,6146084811
12626,30515644 -11904,9080331291 -16811,7300571787 -13120,8600427768
12626,30515644 -11737,1133420698 -17846,5689866976 -13140,9160775177
12626,30515644 -11818,7915361055 -18276,2337946759 -13193,3890701691
12626,30515644 -11986,5862271648 -17872,8687432815 -13248,0314165421
12626,30515644 -12012,9107538996 -17663,409380463 -13223,7135265742
12626,30515644 -12073,3930033918 -18468,4675556014 -13196,83685676
12626,30515644 -12084,4586423683 -17306,4218857645 -13247,7754534272
12626,30515644 -11718,328680288 -17720,5705150178 -13181,1606487742
12626,30515644 -11765,1869429973 -17108,3472302616 -13214,2637873721
12626,30515644 -11413,2041911569 -17186,5979463841 -13163,0914845609
12626,30515644 -11322,8613010367 -17265,1892265721 -13085,9176058695
12626,30515644 -11464,6089671279 -18801,2348945818 -13163,6949126319
12626,30515644 -11294,0715960149 -18370,2349762252 -13204,794990598
12626,30515644 -11221,3606775249 -18257,7752503823 -13291,3885010037
12626,30515644 -11258,5918975163 -17671,7329889874 -13398,6606351644
12626,30515644 -11997,7705737201 -19392,6199276541 -13473,8658625341
12626,30515644 -12091,5703905159 -19258,7888879331 -13485,3482768913
12626,30515644 -12049,1599979398 -18124,924525771 -13513,4940862621
12626,30515644 -12119,9033270196 -17677,8946077125 -13468,4266877395
12626,30515644 -12023,4081057675 -18337,945426717 -13404,5407267176
12626,30515644 -11965,2031031232 -17531,0657841064 -13323,4825755244
12626,30515644 -12229,4763630669 -18049,8389880357 -13285,3894000663
12626,30515644 -12367,9809873944 -18894,5268383702 -13373,4636083599
12626,30515644 -12388,6020351993 -17515,3403042 -13399,8053037745
12626,30515644 -12220,9011502133 -18792,727787042 -13444,9411331791
12626,30515644 -12264,9913701218 -17806,7042534325 -13424,7304542584
12626,30515644 -12294,5900942648 -18200,1439529144 -13469,6356431249
12626,30515644 -12215,6723828317 -18779,5156448869 -13462,3763264909
12626,30515644 -12254,2870064242 -18815,199442235 -13484,6375733245
12626,30515644 -12108,1236781765 -17224,5190291815 -13504,2908219529
12626,30515644 -12348,5258751127 -18873,9135908416 -13570,6886283655
12626,30515644 -12315,5543443574 -18137,1734921653 -13500,5435659868
12626,30515644 -12501,1170244887 -18020,3814937928 -13513,3868661039
12626,30515644 -12260,9269487367 -17132,7112254052 -13438,4800234074
12626,30515644 -12247,3533628425 -18512,3936136153 -13505,9666264608
12626,30515644 -12340,4211230831 -17674,1034332885 -13510,2811224768
12626,30515644 -12363,761905288 -17971,4243561251 -13502,7109574149
12626,30515644 -12355,9957845376 -18839,4654251066 -13565,5870925627
12626,30515644 -12418,0875212427 -18287,7195742958 -13449,5730594397
12626,30515644 -12209,4063319075 -18004,6233580251 -13476,3955255998
12626,30515644 -12381,6706418992 -18163,340736711 -13394,2603138219
12626,30515644 -12289,4201921612 -17938,6136625951 -13411,140115531
12626,30515644 -12669,6329082925 -18636,7276597986 -13436,6899409494
12626,30515644 -12663,1945791519 -18725,7454053515 -13549,2721965362
12626,30515644 -12671,6958241124 -19156,3452357189 -13596,9021858633
12626,30515644 -12877,981363644 -17986,1561387108 -13682,5605632557
12626,30515644 -12747,5001394281 -18866,6919833505 -13706,5167304293
12626,30515644 -12837,3251382751 -18433,4256453912 -13731,5653344341
12626,30515644 -12691,2852468866 -18401,2665075129 -13689,4242822509
12626,30515644 -12662,7867261131 -18103,4912366126 -13649,8954256112
12626,30515644 -12838,6268781638 -20321,3914341539 -13622,8220831154
12626,30515644 -12860,0981967317 -19703,2339538779 -13637,1437285747
12626,30515644 -12920,2397813205 -17603,5527388193 -13580,9918238397
12626,30515644 -12920,2397813205 -19794,6619894053 -13658,5415501202
12626,30515644 -12780,6857866741 -18095,9985802472 -13597,8798157633
12626,30515644 -12672,9757483724 -18825,1266992709 -13617,0706644268
12626,30515644 -12387,0917355248 -18852,0678744443 -13559,7887551639
12626,30515644 -12362,8239105179 -18957,7725665281 -13633,1102340948
12626,30515644 -12322,6412176092 -18206,764574868 -13629,057535805
12626,30515644 -12224,3905792468 -20042,5452591465 -13616,0576344992
12626,30515644 -12077,9318637652 -17899,4598842144 -13444,0324766467
12626,30515644 -12345,8994087682 -18533,7698372061 -13488,1880533449
12626,30515644 -12423,4659307056 -19507,4972614963 -13545,0380498576
12626,30515644 -12336,6428679391 -18973,7203785342 -13573,1971532425
12626,30515644 -12602,2221106129 -20118,8315348687 -13679,4856264748
12626,30515644 -12922,4215791922 -18392,5575479474 -13781,7950570025
12626,30515644 -12855,7138170501 -19301,8262007209 -13714,0592353759
12626,30515644 -12913,8418030605 -18471,1316539621 -13764,1282135942
12626,30515644 -12889,4077730032 -19262,8918771834 -13805,7242462013
12626,30515644 -12649,6027069089 -17582,1250603486 -13730,2493511945
12626,30515644 -12336,8106185285 -19614,9726412695 -13842,3467365521
12626,30515644 -12448,2293620517 -18099,6941901901 -13766,297874453
12626,30515644 -12951,4570685353 -19024,8633732332 -13838,9557983445
12626,30515644 -12918,0948091609 -19577,442263677 -13823,008489704
12626,30515644 -12805,7086186035 -20235,1814630358 -13824,7551234725
12626,30515644 -12730,3404037837 -18387,5333634182 -13872,9116149854
12626,30515644 -12790,5754039003 -19941,696554644 -13863,0456714171
12626,30515644 -12732,8311017043 -18767,3481698965 -13862,2623155059
12626,30515644 -12792,7654835925 -19740,8363127742 -13886,7049800746
12626,30515644 -12228,0611396148 -19794,7723242684 -13851,6895426886
12626,30515644 -12655,4543018338 -19091,036443758 -13980,3208229966
12626,30515644 -12449,3822351315 -18847,3772005285 -13953,9843488026
12626,30515644 -12519,4138320298 -18372,5401985273 -13976,8497057789
12626,30515644 -12436,3828523652 -19766,1144195822 -13890,7940863619
12626,30515644 -12647,9957491225 -18131,6450625108 -13874,247578702
12626,30515644 -12852,0495754215 -18407,9722862953 -13832,0606868281
12626,30515644 -12992,4129098683 -17728,0546633406 -13826,504966432
12626,30515644 -12749,6524939386 -18163,6073652605 -13938,4320907357
12626,30515644 -12668,9324934726 -18439,6037526109 -13913,8163702852
12626,30515644 -12522,9755297572 -19495,5168113037 -13895,9930944447
12626,30515644 -12322,5248088757 -18999,6510721721 -13928,1254548521
12626,30515644 -12219,2667306634 -20048,7617683678 -13880,301032619
12626,30515644 -12202,598885592 -18773,9630284481 -13838,1314533316
12626,30515644 -12600,8494690645 -18391,4896495679 -13780,521587276
12626,30515644 -12932,5914273724 -18924,6250961095 -13913,4857533585
12626,30515644 -12912,5197757294 -19579,3954638457 -13906,3991725753
12626,30515644 -12887,8744130973 -19422,6786062673 -13832,3082024136
12626,30515644 -12803,341428745 -19001,843407213 -13722,7236416043
12626,30515644 -12783,0082363294 -18399,3676981271 -13743,2346400213
12626,30515644 -12748,7306397348 -18938,3126170159 -13680,9807593338
12626,30515644 -12683,7236873573 -19031,7664686626 -13588,5294515081
12626,30515644 -12836,7819494282 -18366,4787100719 -13691,3485324088
12626,30515644 -12786,364234642 -19018,7471921283 -13645,45226702
12626,30515644 -12512,063105195 -18985,7917464541 -13614,2474008532
12626,30515644 -12568,9619439267 -18698,8363922411 -13606,161564681
12626,30515644 -12393,2839243422 -18614,2443796772 -13625,2912999807
12626,30515644 -12404,5479923911 -18781,2093492084 -13564,9236272375
12626,30515644 -12780,1594191527 -18050,6252269355 -13596,9359791489
12626,30515644 -12709,6989001865 -19461,4902952244 -13572,5242528814
12626,30515644 -12744,5992847817 -18491,1931734672 -13607,3027114052
12626,30515644 -12687,7943495035 -17860,9215914499 -13633,9638403358
12626,30515644 -12689,150255104 -18734,7168569186 -13673,6163499499
12626,30515644 -12736,8064872243 -18779,9157174222 -13702,3744892688
12626,30515644 -12908,9750134498 -19041,2829290152 -13674,2056188355
12626,30515644 -12915,8981864389 -18161,3270412519 -13659,4162057949
12626,30515644 -12835,0700115218 -18504,425382031 -13612,5193814331
12626,30515644 -12731,8940394128 -17854,6135965169 -13747,7422108949
12626,30515644 -12560,3503127932 -18376,6945692623 -13744,57799431
12626,30515644 -12794,8597670837 -18149,5303196922 -13819,240495823
12626,30515644 -12794,0164502984 -18954,0528706381 -13852,5636867026
12626,30515644 -13134,298146738 -17802,8234008064 -13848,8253614226
12626,30515644 -12908,6230534313 -18391,6043394186 -13831,1128802809
12626,30515644 -12977,8333009655 -17965,5399066615 -13817,3447941498
12626,30515644 -13183,0477654341 -19870,9989870112 -13864,5171595666
12626,30515644 -13366,4821341116 -19334,9054701915 -13854,7739986189
12626,30515644 -13249,5656156082 -18394,0723696765 -13860,1355216366
12626,30515644 -13281,9186363313 -17895,1668665749 -13885,7809882885
12626,30515644 -13199,5801701228 -19514,5178542008 -13958,925295179
12626,30515644 -13164,8017022795 -18570,3462602802 -13936,3642485462
12626,30515644 -13183,787990972 -18331,0625867422 -13893,6912461381
12626,30515644 -13178,9441427045 -18861,6027678856 -13940,2927202038
12626,30515644 -13195,3164318511 -17710,6420852477 -13834,3996558529
12626,30515644 -13198,0909637535 -18995,7987461367 -13899,2242580755
12626,30515644 -12821,390051587 -19347,0224048717 -13793,4129321189
12626,30515644 -12993,4276591301 -18179,9562932057 -13760,1987879742
12626,30515644 -13096,1612867781 -19261,0659297354 -13930,2186782168
12626,30515644 -13175,0025797477 -18704,9503506483 -13993,6156313603
12626,30515644 -13211,8364783416 -19405,4954311804 -13973,6587133522
12626,30515644 -13126,1874944373 -18856,7782380857 -13893,5148387628
12626,30515644 -12915,2585347609 -18485,5979915656 -13900,0967793794
12626,30515644 -12864,806820076 -18807,7927481575 -13817,3988491077
12626,30515644 -12942,4897482282 -18700,3135480634 -13855,5168138609
12626,30515644 -13073,5553815753 -17885,4641270265 -13922,1609058626
12626,30515644 -12889,1959182969 -19776,238589416 -13877,0005973802
12626,30515644 -12670,2070703707 -18998,4750590538 -13858,4611327163
12626,30515644 -12650,5052901566 -19733,3131244572 -13798,8180496743
12626,30515644 -12580,4387728195 -18251,9060469491 -13788,9693801759
12626,30515644 -12674,3096093508 -18708,2461332652 -13805,2183269056
12626,30515644 -12804,5157267992 -19321,3672984502 -13872,0722258143
12626,30515644 -12783,0113647975 -18459,6407310245 -13881,5722963023
12626,30515644 -12971,2491705135 -20142,2305547098 -14021,4771948478
12626,30515644 -12575,0665292833 -18433,3939598559 -14045,522769374
12626,30515644 -12114,73616016 -20035,9545819007 -13939,4189771985
12626,30515644 -12198,0411215147 -18595,1099743726 -13942,0457513148
12626,30515644 -12202,1466515767 -18842,8553673595 -13944,1621932055
12626,30515644 -12004,3154105078 -18664,2037811056 -13903,6692717537
12626,30515644 -12054,1665821176 -18957,4204719418 -13844,5584508986
12626,30515644 -11820,9223870241 -19698,1260294323 -13868,6796662176
12626,30515644 -12084,1433204982 -18759,4409611609 -13854,6417538883
12626,30515644 -12264,0652491237 -19295,2624949882 -13962,5688300287
12626,30515644 -12491,5277146109 -19155,1788762622 -13943,5438142453
12626,30515644 -12565,6649215866 -18505,2736852784 -14000,9489524055
12626,30515644 -12493,0020823342 -18222,5149132922 -14000,3682155389
12626,30515644 -12521,2885470113 -18358,118216518 -14090,169957732
12626,30515644 -13242,070035726 -19131,9917393328 -14067,7361972445
12626,30515644 -12958,6694450377 -18456,5471623365 -13943,8426716926
12626,30515644 -12779,819216409 -18889,510643051 -13767,3950214926
12626,30515644 -12973,3505811633 -18068,5718602321 -13804,1514970996
12626,30515644 -12984,3011017402 -17910,3112006516 -13875,6908306848
12626,30515644 -13089,9824683298 -18385,494387345 -13898,2743107207
12626,30515644 -13553,1492311311 -18908,4737996312 -14082,7461936879
12626,30515644 -13388,263488683 -18227,7016304442 -13988,6092114859
12626,30515644 -13450,5763802072 -19106,4721879944 -13960,7267765698
12626,30515644 -13050,3334096014 -18696,8130853111 -13799,3922739409
12626,30515644 -12999,8853445814 -18802,4232914707 -13813,2177062309
12626,30515644 -12743,6321761857 -18030,9004491226 -13794,3620537988
12626,30515644 -12527,0838875877 -18814,86356087 -13734,7587399617
12626,30515644 -12538,4920446863 -18176,1867806297 -13837,813018322
12626,30515644 -11981,3871338819 -20202,7709387281 -13779,4042992431
12626,30515644 -12157,3174798139 -19133,3987088019 -13734,4890040592
12626,30515644 -12296,1994546563 -19040,0717764736 -13786,3195741036
12626,30515644 -12280,4278084546 -19123,7023169192 -13773,9044624628
12626,30515644 -12137,5803908821 -19072,6557030669 -13880,5215683053
12626,30515644 -12091,8285413107 -19380,4145769568 -13837,782198455
12626,30515644 -12174,0175688761 -20011,2247141408 -13878,5691726275
12626,30515644 -12277,4580740901 -18173,2184907597 -13783,0364776117
12626,30515644 -12248,1174291276 -17828,9894727031 -13797,4879472895
12626,30515644 -12001,0282236788 -18608,6801057186 -13776,4431325634
12626,30515644 -11704,6236607148 -19027,5776003861 -13725,4129166524
12626,30515644 -11480,3317426372 -18189,5197133045 -13658,4695990814
12626,30515644 -11338,5753487356 -19258,6772851083 -13623,388294942
12626,30515644 -11504,5013420124 -18913,552937996 -13650,4703141705
12626,30515644 -11611,6422749758 -19349,0558264818 -13765,3504616925
12626,30515644 -11641,6117553117 -18472,6812493113 -13840,8685999977
12626,30515644 -12241,6971084778 -18853,5164657449 -13915,244003861
12626,30515644 -12230,6019162264 -20137,541784284 -13794,483186432
12626,30515644 -12176,9369550914 -19122,6300328196 -13799,6481818764
12626,30515644 -12219,9993947304 -18625,6508887821 -13817,7896119826
12626,30515644 -12186,9938435037 -18816,9085690504 -13860,4757528892
12626,30515644 -12296,8256978358 -20295,0084293753 -13859,5332699415
12626,30515644 -12071,7415481253 -18924,3824233583 -13891,7867435326
12626,30515644 -12486,0710329961 -17661,4141128387 -13961,8629258754
12626,30515644 -12349,5841748464 -19446,2940299276 -13979,4083693694
12626,30515644 -12327,6843033869 -19978,5386573769 -13978,9068476522
12626,30515644 -12990,0349271672 -20081,3317813363 -14091,868346795
12626,30515644 -12864,536215374 -18435,2881210862 -14027,7803097972
12626,30515644 -12948,8424048077 -19303,5494910586 -13933,2304992037
12626,30515644 -12809,9615321175 -19099,3784956827 -14040,4942307017
12626,30515644 -12740,4839129393 -19505,0409981446 -14118,3773054205
12626,30515644 -12760,2148476197 -19127,1540381902 -14107,9313025896
12626,30515644 -12645,0421784019 -19305,01847886 -14103,2134411018
12626,30515644 -12469,6748890806 -19124,5902633649 -14063,2250750202
12626,30515644 -12467,1656659132 -20957,6331984257 -13918,2975802128
12626,30515644 -12436,9621427617 -18579,8802239928 -14016,9521321435
12626,30515644 -12836,0843481376 -18024,0146964488 -14128,7404468828
12626,30515644 -13149,3698959541 -18726,5982115183 -14232,9392209851
12626,30515644 -12942,7327878126 -19294,2886504714 -14199,0050567414
12626,30515644 -12934,0806088287 -18228,0684985031 -14147,6716152945
12626,30515644 -13024,7174095445 -19286,3955063387 -14168,2091144215
12626,30515644 -12787,167616151 -18936,9976777894 -14087,5581576733
12626,30515644 -12601,4364533478 -19098,8500042425 -13935,3849407221
12626,30515644 -12643,7121409184 -19839,4509496352 -13971,5153372517
12626,30515644 -12809,6252269754 -18819,1285210306 -14027,29185338
12626,30515644 -12410,5030215995 -18426,4455533665 -13925,1144357077
12626,30515644 -12466,630858862 -18876,0794552947 -13941,0712979829
12626,30515644 -12363,3167785191 -19060,703591768 -13884,9170299715
12626,30515644 -12415,8107182883 -18466,6668658422 -13809,3617006734
12626,30515644 -12302,7233865197 -19662,3244160101 -13713,7226400677
12626,30515644 -12502,47671022 -18254,5194284941 -13820,9423942788
12626,30515644 -12172,0880467736 -19095,3100631524 -13844,7066004595
12626,30515644 -12347,5802823997 -18359,9562724144 -13817,7553180836
12626,30515644 -12369,5334536216 -19323,5956308453 -13845,8811852407
12626,30515644 -12313,7915041115 -17851,6005433236 -13774,3956392253
12626,30515644 -11862,733570015 -17704,5451460958 -13793,0820449663
12626,30515644 -11785,2036129412 -18418,6376428077 -13804,4311335483
12626,30515644 -11806,1602480895 -19090,0536835855 -13808,5542084878
12626,30515644 -11976,8775034068 -18226,1768226252 -13896,5821038557
12626,30515644 -11859,8759237521 -17898,6712611 -13885,7466162476
12626,30515644 -12019,9395997008 -18858,849246112 -13854,7161364816
12626,30515644 -12241,2779563079 -18645,9664486876 -13784,3061712899
12626,30515644 -12413,9962416734 -18441,0215105912 -13757,6640841046
12626,30515644 -12397,5431708296 -19843,9340632812 -13797,7339259301
12626,30515644 -12028,0169417642 -19222,7592158951 -13753,1758802039
12626,30515644 -12136,907266338 -18903,6740831295 -13778,2022698401
12626,30515644 -11910,6704193044 -18882,3338720674 -13790,1594192295
12626,30515644 -12216,3931753219 -18856,645147235 -13917,1101834962
12626,30515644 -12056,3294993733 -18713,8773836768 -13834,4773532389
12626,30515644 -12092,7329439892 -19491,0735863108 -13822,7183609652
12626,30515644 -12005,5010056479 -18859,8108357581 -13812,2607130714
12626,30515644 -11779,7615212218 -19562,9323651689 -13698,4963388091
12626,30515644 -11865,972546828 -19673,2464992632 -13798,5372538254
12626,30515644 -11829,5691022121 -19139,9987585195 -13731,6799703781
12626,30515644 -12119,4927027795 -19288,8393014819 -13844,7566121288
12626,30515644 -12138,959102436 -19017,1950909068 -13790,0445612635
12626,30515644 -12127,4746669823 -17910,371453553 -13797,2400389467
12626,30515644 -12138,9594312011 -19726,2557579715 -13844,5172746483
12626,30515644 -12179,7141870014 -18607,6977098895 -13791,5681041868
12626,30515644 -12662,4931759781 -19104,7428785137 -13805,5297204414
12626,30515644 -12520,5044436625 -18447,8582182379 -13871,8182832995
12626,30515644 -12794,3751255198 -18497,9206666785 -13954,317219789
12626,30515644 -12709,3116009047 -17996,6793559783 -13947,082631416
12626,30515644 -12435,4409190473 -19232,9199620395 -13867,0696382428
12626,30515644 -12155,0452400732 -18674,9348568885 -13848,3353681468
12626,30515644 -12205,2610919177 -18417,4754833951 -13851,6207758817
12626,30515644 -12145,8203249352 -19647,4751047816 -13814,0207323822
12626,30515644 -11970,36183612 -19582,6587684624 -13770,3824614265
12626,30515644 -11490,6739391513 -18472,9197284294 -13792,3148621323
12626,30515644 -11117,7726446897 -19363,1810608831 -13717,2313513929
12626,30515644 -11568,8401022176 -17788,3261205818 -13763,7056832916
12626,30515644 -11822,3342386442 -18860,9706500189 -13822,2067007515
12626,30515644 -11918,1962486909 -18212,9323746296 -13849,0269750578
12626,30515644 -12224,5938988423 -18189,3438368767 -13866,4502789175
12626,30515644 -12373,4772588054 -20071,5143488696 -13856,179391405
12626,30515644 -12291,4288630727 -19471,2028883637 -13856,8779041499
12626,30515644 -12536,6187120292 -18325,4525544974 -13900,2139656416
12626,30515644 -12536,6187120292 -19349,5053435225 -13908,6529876232
12626,30515644 -12530,4448330716 -18936,1001296733 -13912,2797623612
12626,30515644 -12528,2676024315 -19477,0558642213 -13930,0720629687
12626,30515644 -12685,0369834148 -18810,4963286019 -13921,3363434239
12626,30515644 -12615,0709892927 -18356,5060879981 -13932,0347194068
12626,30515644 -12652,2854893161 -18739,6799587535 -13820,7838730002
12626,30515644 -12076,140580774 -18757,7854225572 -13679,9080373644
12626,30515644 -12204,0924437551 -18312,8820596479 -13739,4250120544
12626,30515644 -12268,3846990723 -18989,7575210886 -13656,2007940096
12626,30515644 -12258,2976616435 -18565,9362568825 -13615,2648504323
12626,30515644 -12486,1933283153 -18507,7320257709 -13675,3399554815
12626,30515644 -12691,0069657767 -19313,5100457978 -13709,9531468743
12626,30515644 -12489,2471399428 -18243,2176683777 -13765,166570316
12626,30515644 -12242,7051506263 -18633,2458994779 -13658,5335608447
12626,30515644 -12281,8515175593 -18453,2660674757 -13702,3758874973
12626,30515644 -12364,375878505 -19220,4460919896 -13638,9306170979
12626,30515644 -12394,884364794 -19621,0178851872 -13546,4545410619
12626,30515644 -12717,7460466258 -17856,0200897897 -13570,1219140609
12626,30515644 -12826,8104795529 -18523,6951476907 -13504,6466387489
12626,30515644 -12826,8104795529 -18396,5668611634 -13553,6080153909
12626,30515644 -12551,5375420664 -18657,6615072377 -13438,9348652371
12626,30515644 -12609,7409450833 -19136,6438922543 -13508,3265883457
12626,30515644 -12611,1537662756 -17813,6726615706 -13529,2601207674
12626,30515644 -12695,5256225224 -18260,5245707846 -13507,0267625656
12626,30515644 -12660,7399362971 -18079,4800998104 -13558,3219715924
12626,30515644 -12906,0454467527 -18238,4008805876 -13648,9739053202
12626,30515644 -13030,6463178787 -17802,7210074271 -13723,1603364817
12626,30515644 -12695,6476556444 -18674,2412196597 -13694,2064784547
12626,30515644 -12662,0282056425 -19003,651821464 -13819,870330395
12626,30515644 -13051,9396328632 -18728,2025798758 -13778,1113149403
12626,30515644 -12797,6893023303 -19100,267145621 -13809,7035869089
12626,30515644 -12762,3924047789 -19152,3834641818 -13869,8324333588
12626,30515644 -12663,882236491 -18967,2067166873 -13766,5927436154
12626,30515644 -12621,7293611752 -18513,2757850051 -13688,9157467827
12626,30515644 -13272,4798886201 -18738,9257663193 -13965,1825911255
12626,30515644 -13128,5376405324 -18347,2911241208 -13908,3288566464
12626,30515644 -13045,9348453363 -18636,6987128718 -13923,1463895542
12626,30515644 -12840,2444633503 -18304,5085653517 -13900,1091675287
12626,30515644 -12898,0985142827 -18552,6727117998 -13907,3864275662
12626,30515644 -12939,2346295068 -18897,926474134 -13933,5862443123
12626,30515644 -12985,2073045563 -18169,1369461866 -13863,5750131923
12626,30515644 -12626,6713818758 -19154,6277609466 -13808,8077302579
12626,30515644 -12780,242566257 -17690,970523557 -13826,6064735926
12626,30515644 -12968,2991750703 -18469,1682336505 -13815,7300421227
12626,30515644 -12876,1136953204 -19311,8430403824 -13796,3789226712
12626,30515644 -12805,2807076825 -18600,8019575522 -13848,208181496
12626,30515644 -12698,3204998127 -18897,2676487043 -13874,9224095742
12626,30515644 -12521,6468118806 -18007,0644784194 -13757,6821084997
12626,30515644 -12922,1550977401 -18102,6942847015 -13764,7630484978
12626,30515644 -12969,1853127697 -17504,8157246414 -13708,2605960682
12626,30515644 -13242,8309508701 -18067,2185003757 -13881,83683252
12626,30515644 -13097,0591902089 -18802,8987416791 -13732,8635635541
12626,30515644 -13251,0643374826 -18211,4164973739 -13777,4756798754
12626,30515644 -13186,0379581238 -17455,8807318628 -13629,8494152192
12626,30515644 -13157,0277386395 -17439,9379347631 -13666,737643417
12626,30515644 -13123,3607586926 -18835,2257186285 -13653,1557841681
12626,30515644 -12907,4568426293 -18137,7962648971 -13676,5710006552
12626,30515644 -12908,8590965891 -18394,111423621 -13686,7652409988
12626,30515644 -13015,0765845874 -18675,6094124114 -13631,2105487746
12626,30515644 -12872,8978977378 -18611,4164296159 -13677,6265511544
12626,30515644 -12906,7012938414 -19136,6356910625 -13709,1990139804
12626,30515644 -12554,2510509107 -18303,1682962582 -13717,455769177
12626,30515644 -12882,7910749844 -17951,5224674319 -13698,2160194765
12626,30515644 -12635,3518099819 -18448,1060258781 -13729,6607039942
12626,30515644 -12687,5801302497 -18206,2695833716 -13727,6576954979
12626,30515644 -12662,2807637877 -17718,4796995263 -13754,2261225336
12626,30515644 -12454,2951333801 -18105,8060945111 -13741,7605133709
12626,30515644 -12599,8407815583 -18516,302087462 -13866,46764865
12626,30515644 -12523,5925121136 -18409,3851405315 -13785,4250328369
12626,30515644 -12700,390501547 -19078,8373757949 -13853,6924081405
12626,30515644 -13063,0877615076 -18937,5731378052 -13900,5422912856
12626,30515644 -13073,6624490745 -18651,7434627447 -13886,4672932961
12626,30515644 -12900,2603497612 -18318,2473539062 -13960,1608084802
12626,30515644 -12915,5676852654 -18758,1318843643 -13953,4414626985
12626,30515644 -13071,4196490499 -19293,2193442822 -13944,6719011608
12626,30515644 -13131,8113059896 -19221,6257285003 -13858,4964843899
12626,30515644 -13351,7024918884 -18536,1219514212 -13915,1481112542
12626,30515644 -13385,5284241916 -19024,516024452 -14035,6432151039
12626,30515644 -13217,9245054681 -18495,2618134092 -14019,8202902086
12626,30515644 -13183,2435135524 -18838,2385927415 -14070,4918337092
12626,30515644 -13036,3336411773 -18704,649048477 -14102,8794416034
12626,30515644 -13140,0233752416 -18791,5497200304 -14058,7975779837
12626,30515644 -13113,9207645184 -17887,959567745 -14061,9733163372
12626,30515644 -12939,1931351022 -21116,4330591282 -14013,9242472662
12626,30515644 -12777,2412468601 -18758,9546514024 -13899,0148471951
12626,30515644 -12676,7940623589 -19332,6207862743 -13874,065017442
12626,30515644 -12676,6246158885 -19050,7953735217 -13825,6084508262
12626,30515644 -12526,1412615746 -18959,4058065389 -13891,8638763675
12626,30515644 -12826,3032952804 -19308,2541686637 -13877,4729143294
12626,30515644 -13009,6860361003 -19276,4006673333 -13967,638843575
12626,30515644 -12983,1341677545 -19244,0240546508 -14044,2168693506
12626,30515644 -13084,9790737601 -17929,1952502029 -14064,3470064445
12626,30515644 -12998,3129705364 -18981,6601291285 -14077,9714361652
12626,30515644 -12812,3038550733 -19057,5043975395 -14068,7804918516
12626,30515644 -12586,9856145802 -18730,6391073602 -14045,2647539724
12626,30515644 -12270,4968288512 -18660,0730003332 -13972,6474504941
12626,30515644 -12430,4280267695 -19172,5164773548 -13978,7269459836
12626,30515644 -12228,3684437136 -17788,9203100391 -13983,7531052254
12626,30515644 -12033,8754430654 -18389,9569117106 -13987,6330479856
12626,30515644 -11800,3163839613 -19250,3186703091 -14037,5700124823
12626,30515644 -11800,3163839613 -19079,7638578812 -14022,4303418292
12626,30515644 -11967,3086368113 -18300,2400939632 -14093,4788534955
12626,30515644 -12300,7659610489 -19098,2180796926 -14137,3121476607
12626,30515644 -12249,8542208158 -19189,0430894945 -14096,9079316815
12626,30515644 -12711,574406981 -19988,7901279172 -14010,0607224668
12626,30515644 -12979,2402443536 -18893,8449980145 -14075,1539061088
12626,30515644 -12866,0708905057 -18049,2477626948 -13930,9700297807
12626,30515644 -12943,2835575941 -18362,8709593432 -13872,7241775238
12626,30515644 -12950,0434921069 -19201,5316363232 -13894,5981679595
12626,30515644 -12816,9817847572 -17706,0162833939 -13823,9281588199
12626,30515644 -12904,9749075037 -18453,3035518488 -13951,1023257402
12626,30515644 -12907,5832514402 -18520,3557916925 -13915,264754193
12626,30515644 -12916,1518772638 -18562,3403226196 -14012,9546023403
12626,30515644 -13371,9921245805 -19407,0097754054 -14136,9149521587
12626,30515644 -13366,4147859765 -19142,9804293902 -14185,0231137161
12626,30515644 -13122,3567740124 -18626,9206202442 -14147,1768957599
12626,30515644 -13391,067003032 -18747,5543913493 -14196,9177745544
12626,30515644 -13066,8008293771 -18221,8699523057 -14239,626770784
12626,30515644 -13190,0251348834 -18456,3197432951 -14236,7277463174
12626,30515644 -13207,2087574102 -18359,6513132555 -14261,6138316468
12626,30515644 -13227,73637436 -19905,6430128724 -14051,3013197046
12626,30515644 -13260,807828255 -19978,8870340618 -14133,9529807152
12626,30515644 -13130,6181819243 -19856,7543775565 -14114,8418750956
12626,30515644 -12976,7587546304 -18358,208594025 -14055,7936785817
12626,30515644 -13037,9467211639 -18535,8438184784 -14104,9476497655
12626,30515644 -13091,2347223625 -19067,8293586149 -14007,2646308846
12626,30515644 -13067,3082970664 -18895,3047368685 -13926,0989546649
12626,30515644 -12952,4157309764 -18912,2783275278 -13873,8447487549
12626,30515644 -12938,4033059851 -18200,9384076753 -13937,1547765009
12626,30515644 -12839,1871434789 -18680,8615461879 -13866,0440556518
12626,30515644 -12739,956390668 -19673,6863045108 -13869,1901546126
12626,30515644 -12980,832129255 -18552,0727786195 -13976,8942984359
12626,30515644 -12939,775515629 -18134,2993683675 -14080,9419804477
12626,30515644 -12828,2502094758 -18224,5786514033 -14085,7038168483
12626,30515644 -12698,3190633819 -19581,4947288675 -14093,4459874128
12626,30515644 -12939,1903997125 -19483,4073620205 -14090,9205004318
12626,30515644 -12506,0804168868 -18416,0104112188 -14077,1814147405
12626,30515644 -12320,258452432 -18251,0207256224 -14016,8791385164
12626,30515644 -12261,4034795902 -20372,8125650274 -14096,1800227243
12626,30515644 -12628,6430770079 -17852,6004173076 -14201,1459289063
12626,30515644 -12768,7359988572 -19819,8340044576 -14192,7076236189
12626,30515644 -12898,1752083496 -19381,323833902 -14278,9751091783
12626,30515644 -13486,042122612 -18823,1497014938 -14376,965085991
12626,30515644 -13340,468378762 -19122,8785943363 -14285,8966466592
12626,30515644 -13138,2959644655 -18955,4097608376 -14193,5071344144
12626,30515644 -13473,5261681296 -18327,8459700627 -14214,941955114
12626,30515644 -13045,3149251886 -18727,5039095651 -14238,2960407055
12626,30515644 -13101,9138357224 -18799,3195412233 -14196,574440199
12626,30515644 -13270,3433699593 -18249,6736033082 -14135,0598456894
12626,30515644 -13213,6395188358 -19129,582759324 -14254,5506006931
12626,30515644 -13295,2536370021 -18510,162874682 -14209,2829888486
12626,30515644 -13557,5940398976 -18529,6059734541 -14097,8436092949
12626,30515644 -13188,2166770274 -18334,2506144908 -14169,4208037483
12626,30515644 -13182,0332108709 -18819,8517433868 -14102,0458096974
12626,30515644 -13141,4660647086 -19282,2625453133 -14206,4839513413
12626,30515644 -12680,3372316524 -18627,7138177297 -14102,3150852478
12626,30515644 -12495,8147104795 -18972,8645956453 -14182,3086988303
12626,30515644 -12398,0613311829 -18987,7817440399 -14217,2862684499
12626,30515644 -12399,3084083198 -18539,9123764295 -14225,2717515007
12626,30515644 -12303,8199739412 -19038,1572173938 -14271,675916872
12626,30515644 -12368,5753734918 -18939,3582509192 -14196,802072878
12626,30515644 -12841,3010336622 -18851,4952090011 -14184,8026175648
12626,30515644 -12644,9021219058 -19695,5482159802 -14028,8229633349
12626,30515644 -12666,2420545288 -17950,3365399119 -14005,364096107
12626,30515644 -12662,8385002983 -19819,9915421511 -13990,3820315676
12626,30515644 -12815,6642319956 -19858,2380994664 -13972,9782166232
12626,30515644 -12808,0426322875 -19952,6624442306 -13898,891485011
12626,30515644 -12782,8582927588 -20205,370011184 -13960,0376430272
12626,30515644 -12773,6774591403 -19280,3268529871 -13891,1225609234
12626,30515644 -12447,6407475043 -17832,2985083194 -13824,0484223945
12626,30515644 -12469,4616264834 -19284,9566388675 -13812,3988927807
12626,30515644 -12390,4571024902 -18453,9400874492 -13815,1409021003
12626,30515644 -12368,8690544002 -18235,8469313099 -13784,6248413409
12626,30515644 -11863,196167197 -18574,5079397994 -13748,8110308284
12626,30515644 -11675,878448462 -18478,8496364257 -13669,8148180597
12626,30515644 -12155,244207896 -17658,1429582901 -13834,599063197
12626,30515644 -12037,7698995153 -18784,303044695 -13766,3311103336
12626,30515644 -11921,7753362556 -18414,8703848807 -13711,6834464337
12626,30515644 -11838,309426934 -19275,7458626495 -13714,0894546561
12626,30515644 -12016,0455477567 -19002,3465529559 -13697,2074917891
12626,30515644 -12349,3185122561 -18373,1810997876 -13707,7439685195
12626,30515644 -12643,6863360212 -18400,804110554 -13695,9797599001
12626,30515644 -12645,8432708063 -18775,3460801678 -13832,121920543
12626,30515644 -12723,0977394191 -18345,8250765618 -13856,811983103
12626,30515644 -12712,6150719806 -18550,9979225023 -13902,6351742295
12626,30515644 -12957,74107448 -18200,3166968692 -13921,4824704218
12626,30515644 -13153,8790614243 -19488,5746997111 -14020,6015184131
12626,30515644 -13021,3280402658 -18488,9993355072 -14001,7720246473
12626,30515644 -12739,2216134777 -19382,8166757636 -13991,2972632615
12626,30515644 -12783,6208970926 -18825,0000963612 -13938,0954541559
12626,30515644 -12710,1409183986 -19289,9931485584 -13954,5979420062
12626,30515644 -12524,8645502514 -19298,632770169 -13885,4152589375
12626,30515644 -12404,2146219334 -18674,9200532595 -13845,3948310584
12626,30515644 -12354,1143449774 -18252,2064178744 -13816,0934311011
12626,30515644 -12404,1208428128 -19801,6859673658 -13847,7720149621
12626,30515644 -12226,5042736203 -18243,0475743163 -13754,8612815494
12626,30515644 -12022,0820974196 -19216,2549999556 -13774,1347742112
12626,30515644 -11977,997660954 -18535,0469281 -13784,3681059734
12626,30515644 -11855,3596439604 -19001,8346734729 -13714,358167823
12626,30515644 -11820,1983363868 -17815,7115033572 -13628,6554599313
12626,30515644 -12515,1894802649 -18295,2567663679 -13655,6714881832
12626,30515644 -12579,1016372869 -17665,5406867202 -13635,1125085177
12626,30515644 -12697,38784704 -18602,4505106246 -13593,595286773
12626,30515644 -12588,0885888875 -17201,9352780712 -13553,7961970051
12626,30515644 -12753,9472525642 -18773,7896442671 -13725,6937153518
12626,30515644 -12813,7878016161 -18908,7343500104 -13826,4168731347
12626,30515644 -12551,5401208268 -18963,4921647449 -13955,5658970443
12626,30515644 -12449,8869769163 -18999,0065696108 -13816,240430461
12626,30515644 -12565,5295318504 -18152,8336549087 -13795,730823762
12626,30515644 -12510,763381798 -18717,0363838976 -13824,6494894192
12626,30515644 -12273,7563129647 -18365,0412856834 -13759,6809041476
12626,30515644 -12232,6024190962 -18670,8406267634 -13802,7839818247
12626,30515644 -12042,1012222128 -18245,9304385257 -13726,7293257041
12626,30515644 -12454,315283525 -19509,8452664217 -13747,6018592255
12626,30515644 -12472,1749607925 -18078,827500452 -13603,5608220062
12626,30515644 -12478,6988473461 -19461,8610938469 -13622,0286081329
12626,30515644 -12282,5691973045 -19753,375082719 -13603,1940728003
12626,30515644 -12333,9495927736 -18378,1312095442 -13628,736614194
12626,30515644 -12355,0453327141 -18726,7624415618 -13555,5530911877
12626,30515644 -12497,5171645864 -19183,3975841766 -13586,2357337501
12626,30515644 -12829,8978952218 -17933,3642726215 -13629,219128992
12626,30515644 -12452,1010822683 -18419,5039349829 -13544,0818433825
12626,30515644 -12732,2452095706 -18356,0670827048 -13546,6990504745
12626,30515644 -12742,3408603484 -18806,2779730225 -13592,9688562419
12626,30515644 -12574,9798606005 -17726,653650055 -13630,4346245309
12626,30515644 -12579,4786507119 -18372,0651913224 -13554,4635140963
12626,30515644 -12523,8201808738 -19201,9833512598 -13502,9375579688
12626,30515644 -12375,1554076843 -19117,4509317205 -13560,7941871424
12626,30515644 -12500,8761526059 -18520,4772128202 -13640,552857458
12626,30515644 -12507,4730282294 -18945,0203845338 -13523,6121075549
12626,30515644 -12859,6823697746 -19099,4271820562 -13767,0742063723
12626,30515644 -12864,4712696235 -18690,5001478281 -13628,4303490662
12626,30515644 -12959,7123435948 -17561,8315358363 -13704,9126614601
12626,30515644 -12754,2895607248 -18949,9928679332 -13685,2196345362
12626,30515644 -12809,3853870567 -19513,5000272298 -13724,2227577221
12626,30515644 -12488,6191006944 -19022,4617384891 -13586,1222770357
12626,30515644 -12514,4474988423 -18293,4772454244 -13559,124262075
12626,30515644 -12533,0889643755 -19425,0244224977 -13636,0586743435
12626,30515644 -12779,5591271782 -17863,1295629403 -13680,7759025239
12626,30515644 -12779,5591271782 -18961,1919826982 -13635,2654654919
12626,30515644 -12853,0293254284 -18637,8267671988 -13634,6352951037
12626,30515644 -12860,7132110887 -18810,1440557674 -13571,3532997889
12626,30515644 -12942,9927552794 -16892,3516719955 -13593,5737196256
12626,30515644 -12737,7188805549 -18194,1354568498 -13517,8754652531
12626,30515644 -12708,5771421494 -18214,1390498804 -13518,9287209586
12626,30515644 -12853,4702491721 -17792,3159376241 -13523,9763088651
12626,30515644 -12988,9499810381 -17656,9393834671 -13518,2397662417
12626,30515644 -12870,0948952341 -18225,655961357 -13546,3166473445
12626,30515644 -12748,9970491627 -19057,7222346738 -13542,5315695072
12626,30515644 -12591,2006792297 -18154,3856765671 -13427,8969136788
12626,30515644 -12602,7658826727 -19570,0153309146 -13456,005980588
12626,30515644 -12821,453247232 -18576,1269573549 -13403,7265432177
12626,30515644 -12782,0042823537 -19803,4698218257 -13474,174855661
12626,30515644 -12737,4260122364 -18429,3734157809 -13602,9407045131
12626,30515644 -12748,9460158473 -18303,0247158324 -13619,1868921671
12626,30515644 -12971,3606695807 -18328,9920784768 -13652,9540769759
12626,30515644 -13151,791256718 -17940,2594988424 -13739,4595048307
12626,30515644 -12840,0071341555 -19368,8309394135 -13657,1709441341
12626,30515644 -12865,7226805051 -18608,2874053763 -13582,4838084701
12626,30515644 -12801,2063345254 -17348,4923077549 -13684,2744354048
12626,30515644 -12620,6425994086 -19022,4033789861 -13647,1579807499
12626,30515644 -12374,8050842559 -18051,1188417233 -13659,552738329
12626,30515644 -12367,7746686876 -19323,8166474241 -13623,2339219328
12626,30515644 -12398,4745405485 -18974,6921286825 -13681,6347181283
12626,30515644 -12129,5191826721 -19135,5211723951 -13653,3489799308
12626,30515644 -11865,2968896488 -18406,5440188786 -13645,5094723761
12626,30515644 -12078,3076974536 -19521,9828770238 -13703,179249868
12626,30515644 -12212,0410683178 -18947,5909579956 -13737,2963346562
12626,30515644 -12097,8503890508 -19504,8591650389 -13698,4022108831
12626,30515644 -12316,3774852775 -18016,3925354053 -13798,4828373386
12626,30515644 -11986,2925012245 -18439,1664228376 -13661,3017443115
12626,30515644 -12237,017050662 -18353,4193469724 -13701,8103803256
12626,30515644 -12092,3425720158 -18563,6367619068 -13737,320573234
12626,30515644 -11680,3183737095 -18268,7815923633 -13660,9798306518
12626,30515644 -11339,7798262462 -18791,7894364317 -13691,9805715947
12626,30515644 -11304,384654915 -19110,3642986578 -13670,3425871945
12626,30515644 -11259,4964119296 -19446,0441300181 -13620,7495609942
12626,30515644 -11201,2663729092 -18817,3817205579 -13758,3731064318
12626,30515644 -11261,817098541 -19113,9491036237 -13708,4818789814
12626,30515644 -11363,8839856045 -19365,936948889 -13711,8044271303
12626,30515644 -11645,8448948401 -19255,9882845983 -13701,2916155231
12626,30515644 -11799,7337943482 -17826,1971694334 -13691,9834660096
12626,30515644 -11715,7173388269 -18843,5821263356 -13574,6156956583
12626,30515644 -12056,9114806112 -18140,2885818902 -13676,6653270565
12626,30515644 -12392,9390272 -19087,6465444485 -13804,8228823433
12626,30515644 -12290,4266845356 -19019,77121387 -13837,010137083
12626,30515644 -12539,76326069 -19167,1595046588 -13781,3383440398
12626,30515644 -12447,1436196929 -19037,8288242214 -13680,5971416642
12626,30515644 -12509,1479250243 -19363,8591961043 -13582,7946803893
12626,30515644 -12462,6799434656 -19386,674943274 -13647,3136633005
12626,30515644 -12389,8897035586 -19283,1567471479 -13550,3447240521
12626,30515644 -12406,2959944618 -18069,0152794125 -13490,3549888635
12626,30515644 -12351,1537627967 -17411,1992203903 -13448,0674145406
12626,30515644 -12604,2082554657 -18445,3207089027 -13432,9592222625
12626,30515644 -12501,734566614 -18128,5188939598 -13412,3842443677
12626,30515644 -12540,4559267479 -19036,3221344774 -13398,4089189724
12626,30515644 -12331,0295196496 -19741,0342981977 -13299,6443559787
12626,30515644 -12346,4322931918 -19090,1566787051 -13360,060310376
12626,30515644 -12747,7226458506 -20142,7857834743 -13366,8386966493
12626,30515644 -12816,9129365225 -18237,8265762057 -13391,1058395271
12626,30515644 -12345,3375756308 -18902,825296886 -13407,5246933174
12626,30515644 -12421,8776136981 -18319,3138396789 -13483,9376702837
12626,30515644 -12408,2600449901 -19209,315022405 -13474,1397017856
12626,30515644 -12286,7908483549 -18431,7969580738 -13448,0182527647
12626,30515644 -12300,4084170628 -18416,6382630133 -13334,3001820701
12626,30515644 -12283,6582136792 -18520,3867483077 -13267,7658384585
12626,30515644 -12545,5560838822 -19624,6920010183 -13358,8607578597
12626,30515644 -12648,5748356903 -18218,644609453 -13346,3130439295
12626,30515644 -12402,1934855209 -17958,1721227959 -13297,2180306958
12626,30515644 -12479,3120098891 -19732,2878785968 -13386,2843800273
12626,30515644 -12507,947651744 -18388,6260940068 -13375,3992720798
12626,30515644 -12881,9954431635 -18406,0558339095 -13580,5172178458
12626,30515644 -12449,2092457545 -18541,6204103057 -13409,8274095584
12626,30515644 -12364,7941492191 -18741,5955653625 -13390,6611099201
12626,30515644 -12337,9082131636 -18009,0682891244 -13372,2950446695
12626,30515644 -12257,8986629582 -18733,7659844233 -13456,1902824573
12626,30515644 -12294,7499671352 -19355,2176029748 -13616,4004875752
12626,30515644 -12535,9320462581 -19561,1401548117 -13692,9995969102
12626,30515644 -12532,0386837127 -18921,6817726998 -13688,2513820241
12626,30515644 -12647,4195749044 -18746,2544073976 -13645,7421836028
12626,30515644 -12573,8930696304 -18105,1823081892 -13703,2118848684
12626,30515644 -12804,6766853639 -18905,4003925688 -13746,6896639979
12626,30515644 -12888,6578255092 -18971,3003895993 -13815,052488895
12626,30515644 -13074,1694423962 -19461,3292023968 -13891,6113062031
12626,30515644 -12434,7005851965 -17939,7113163334 -13732,017661749
12626,30515644 -12440,9542940948 -18269,6600917231 -13682,824701489
12626,30515644 -12297,6077478056 -20595,9895556161 -13711,7821702577
12626,30515644 -12419,4661849636 -18439,0866742786 -13725,2376187445
12626,30515644 -12440,6955585486 -19021,8396384631 -13786,3266517644
12626,30515644 -12481,0883529733 -19002,1475738321 -13812,5289812614
12626,30515644 -12735,9938996539 -19176,0185180395 -13793,8653741427
12626,30515644 -12911,6838201526 -19411,6288102626 -13699,4057062397
12626,30515644 -12541,3555788632 -18481,1232569784 -13511,9270820301
12626,30515644 -12988,5695534141 -19175,4277929942 -13628,5428598459
12626,30515644 -12914,4595810686 -20600,7735016425 -13548,1077174166
12626,30515644 -13003,0228411311 -18150,4261294829 -13613,438804379
12626,30515644 -12823,3366189202 -18130,1389996053 -13461,0773709757
12626,30515644 -12879,5126016257 -18473,9735987443 -13527,4235982717
12626,30515644 -12871,8873108358 -18148,3250038379 -13538,5429334407
12626,30515644 -12773,2165510539 -17742,0795129939 -13509,4210843929
12626,30515644 -12818,5377264093 -17618,6393300954 -13525,9032871594
12626,30515644 -12687,496928462 -17697,8205555882 -13536,7482624792
12626,30515644 -12817,9758198426 -17758,4736568025 -13547,0168233868
12626,30515644 -12870,9640020808 -18527,8358282291 -13545,4118577654
12626,30515644 -12776,85736824 -18840,5993650818 -13679,2566325919
12626,30515644 -12696,0183077395 -19188,2469129568 -13588,9064980958
12626,30515644 -12675,1006366827 -18020,428385969 -13624,7932705349
12626,30515644 -12600,8962661253 -18298,5159064211 -13688,7628425182
12626,30515644 -12832,103089905 -19921,4931370508 -13714,1797844346
12626,30515644 -12851,8943975792 -18987,1779227677 -13747,2249715721
12626,30515644 -12899,5624086748 -18970,9140304415 -13752,2256965814
12626,30515644 -12786,3515446174 -18220,6767719701 -13711,1185141554
12626,30515644 -12692,953639415 -18965,2384135073 -13794,698390188
12626,30515644 -12761,022916254 -18764,3991205625 -13762,2489706497
12626,30515644 -12672,1250686451 -18520,3895756617 -13672,2200878745
12626,30515644 -12784,3814305215 -17861,3525099793 -13599,7305331673
12626,30515644 -12647,4286151113 -19154,5433370404 -13591,2012824923
12626,30515644 -12647,4286151113 -19494,2833862851 -13600,7507335143
12626,30515644 -12590,4447249761 -18682,5498149979 -13585,176069381
12626,30515644 -12459,6343563815 -19506,337599876 -13579,4792230674
12626,30515644 -12397,8766757302 -19192,4957498532 -13606,5988100859
12626,30515644 -12626,1744325347 -18718,601253225 -13610,3186776554
12626,30515644 -12703,9892378643 -19303,361678076 -13684,7563683833
12626,30515644 -12811,4793814274 -19163,4162482353 -13684,711490167
12626,30515644 -12747,5520436367 -17966,310191825 -13713,7793169175
12626,30515644 -12611,1274217468 -17366,0504512177 -13757,1829037783
12626,30515644 -12853,3280623162 -17409,0942095788 -13744,6634830802
12626,30515644 -12850,9810757735 -18260,2278419508 -13737,3315694711
12626,30515644 -12832,4678693286 -18805,439828441 -13690,2553416457
12626,30515644 -12812,8168130335 -18522,2606060803 -13629,3145838553
12626,30515644 -12979,8936477346 -18971,4122736083 -13643,251719013
12626,30515644 -12817,0833029034 -18769,1455274371 -13710,1173338655
12626,30515644 -12815,8115354199 -18343,3587136913 -13771,1142087078
12626,30515644 -12950,2173914167 -18213,423078485 -13749,8483871211
12626,30515644 -12925,0661604223 -19194,2886511702 -13651,6075346056
12626,30515644 -12984,4591825954 -19372,5581060948 -13759,4006543828
12626,30515644 -12999,2970402844 -18010,4448823511 -13700,7247460467
12626,30515644 -12805,956315845 -18749,2550935809 -13649,1450219017
12626,30515644 -12807,8142453544 -18008,0134306104 -13696,9062878188
12626,30515644 -12729,1517864762 -19160,565052975 -13624,554264183
12626,30515644 -12783,927339934 -18017,5371517182 -13717,167645058
12626,30515644 -12819,297538894 -19262,6047243697 -13578,5349244334
12626,30515644 -12858,8191647453 -18352,4557618749 -13577,4943677187
12626,30515644 -13038,6322853526 -17343,0432542261 -13773,8376946672
12626,30515644 -12899,2031606375 -18559,1519939512 -13878,5967897908
12626,30515644 -13068,2874992246 -18725,0353522186 -13857,2133194402
12626,30515644 -12655,2280579681 -18750,0805715649 -13841,442307694
12626,30515644 -12588,4687825328 -19133,2516731436 -13871,2723142451
12626,30515644 -12381,7143418203 -18176,2004243419 -13868,4749122097
12626,30515644 -12344,9439447799 -17798,4007809749 -13614,5686914888
12626,30515644 -12205,2397554726 -18610,5819828976 -13690,5329850058
12626,30515644 -12356,6341401912 -19141,3860886069 -13684,7008377555
12626,30515644 -12435,8007184559 -18633,7042024788 -13754,5733418872
12626,30515644 -12706,0431966921 -18380,8686367675 -13737,3245997668
12626,30515644 -12730,956996544 -19197,4748291281 -13860,6877830978
12626,30515644 -12829,4344301505 -19474,503625894 -13854,218356214
12626,30515644 -12345,8702369289 -18275,5573512387 -13890,6706909995
12626,30515644 -12140,0449516437 -18315,6574576104 -13889,1906567799
12626,30515644 -12224,1233309491 -19094,1593571031 -13905,6882636028
12626,30515644 -12200,6822425556 -19092,4036204154 -13862,1422207294
12626,30515644 -12170,4944194909 -18977,5170413856 -13867,5201916213
12626,30515644 -12202,2566842559 -19255,8963888856 -13757,438373864
12626,30515644 -12200,3478274761 -19333,7874785717 -13636,9474014315
12626,30515644 -12208,3554576708 -18154,0977920465 -13630,836403482
12626,30515644 -12134,5254599664 -18844,974790217 -13577,9444304728
12626,30515644 -12190,2609274147 -19668,8906749175 -13603,3893710664
12626,30515644 -12369,3554139154 -19501,8095891714 -13611,1011148411
12626,30515644 -12540,5272227078 -19414,241241847 -13591,7131355284
12626,30515644 -12454,4545598291 -19307,4380942228 -13572,4123512023
12626,30515644 -12394,9591101387 -18325,5041887683 -13603,3389609954
12626,30515644 -12446,0057117077 -19468,2071914775 -13635,6890246833
12626,30515644 -12277,8526886926 -18910,0458316213 -13542,1850416432
12626,30515644 -12302,377320698 -17770,7770752235 -13558,1431156192
12626,30515644 -12261,2408437442 -17245,6606164396 -13625,6302266463
12626,30515644 -12423,9394756679 -19306,9675535861 -13592,5148188341
12626,30515644 -12471,5071840252 -18280,9442363226 -13616,9065368734
12626,30515644 -12402,6335140612 -18324,1700122037 -13690,070454881
12626,30515644 -12393,0014860405 -17931,6031993374 -13737,7159092087
12626,30515644 -12537,5090327346 -19037,5932521544 -13754,1431387273
12626,30515644 -12508,2795303359 -19350,4505079607 -13670,6525665507
12626,30515644 -12538,2557857395 -19372,689911844 -13718,3854194949
12626,30515644 -12525,0567261788 -18734,7608097947 -13626,9070974284
12626,30515644 -12320,2379919436 -19240,7111575428 -13593,5428243965
12626,30515644 -12485,258844579 -18071,6911128837 -13688,9925214576
12626,30515644 -12511,3330564162 -19002,8303002565 -13699,9745200261
12626,30515644 -12397,1499657372 -20524,4204309523 -13822,8652588586
12626,30515644 -12412,0892003023 -18304,4731582093 -13778,1167265581
12626,30515644 -12371,0609024215 -20641,4929916754 -13613,0608351951
12626,30515644 -12597,698080513 -18057,3598487379 -13579,5487048131
12626,30515644 -12440,2981348359 -18943,0717784459 -13502,2979827412
12626,30515644 -12554,8955514157 -18287,1719594938 -13501,1098714188
12626,30515644 -12143,673372619 -18509,5943650015 -13420,4386336453
12626,30515644 -12279,4727830618 -18603,5831030198 -13507,9628512659
12626,30515644 -12019,388796199 -19397,4066358019 -13347,5757843276
12626,30515644 -12015,2779279609 -18045,7071177176 -13385,8624289768
12626,30515644 -12159,3508557846 -18089,4735493669 -13381,295112864
12626,30515644 -12190,1652129759 -18116,79421384 -13515,24016549
12626,30515644 -12172,2524742839 -18379,7575586918 -13381,8102313092
12626,30515644 -12321,4422090434 -18746,773312581 -13438,2705432312
12626,30515644 -12342,4234404183 -18734,064888111 -13439,1001872505
12626,30515644 -12337,2700703684 -17810,4532072748 -13445,1797902756
12626,30515644 -12632,4231241146 -18801,361807096 -13490,9476617891
12626,30515644 -12197,219573795 -18100,6385549733 -13537,8709735037
12626,30515644 -12284,6673999752 -19331,3091907481 -13476,5750518384
12626,30515644 -12277,1212317865 -17744,4803317821 -13343,4015345569
12626,30515644 -12154,9537125217 -18588,7244971221 -13323,2472436071
12626,30515644 -12264,5897227521 -18308,3429725098 -13384,7545109178
12626,30515644 -12227,8300638517 -17308,3244344084 -13340,7744143986
12626,30515644 -12462,374127465 -18209,6129249988 -13319,9451137088
12626,30515644 -12848,2230742801 -19081,816295668 -13397,9886682843
12626,30515644 -12776,1615857559 -18219,7949984621 -13328,6965443781
12626,30515644 -12949,3556934717 -17543,1322972122 -13349,0980106175
12626,30515644 -12918,8149912985 -17586,3329876198 -13279,672985663
12626,30515644 -12944,1907673739 -17832,4293985598 -13322,2436520277
12626,30515644 -12944,1917599074 -18594,7448895558 -13345,4041216234
12626,30515644 -12745,2788843 -18548,6282477899 -13548,1887693676
12626,30515644 -12451,1730511747 -19492,2447488307 -13520,5230044229
12626,30515644 -12745,8145621442 -19635,1281642203 -13581,7864558237
12626,30515644 -12663,3950984633 -17756,9030209997 -13620,1853689412
12626,30515644 -12644,6552609012 -18315,4797482102 -13560,255890734
12626,30515644 -12682,7399824174 -18767,8239082551 -13609,6370917408
12626,30515644 -12711,4850175216 -18911,9317272828 -13591,4772800548
12626,30515644 -12731,2320145176 -18568,721121288 -13583,5962826843
12626,30515644 -12578,4816185197 -17582,3976135741 -13532,8028734061
12626,30515644 -12737,2424917326 -17393,4119637377 -13604,0625196326
12626,30515644 -12479,5366847513 -18649,6611577218 -13516,8900051505
12626,30515644 -12559,1635913321 -18302,1892788389 -13467,4120705721
12626,30515644 -12497,6639495563 -18130,995752302 -13495,3057003869
12626,30515644 -12891,7317870092 -19030,9810182483 -13613,2333689987
12626,30515644 -12807,4785387879 -18456,6037289518 -13615,6152686206
12626,30515644 -12762,7807941084 -18258,8688507877 -13586,0461609608
12626,30515644 -12633,1645199645 -18536,7710051986 -13629,6182601638
12626,30515644 -12713,1740701699 -17783,4273026244 -13659,7179710871
12626,30515644 -12891,0793888074 -18247,158027276 -13697,8077767647
12626,30515644 -12806,6208110095 -18496,3920853942 -13665,7554651188
12626,30515644 -12702,2874897067 -18950,3152570588 -13739,0638923812
12626,30515644 -12748,8842317237 -19298,3280063228 -13806,4635289249
12626,30515644 -12708,5997792509 -19161,9876601098 -13700,5905668545
12626,30515644 -12553,8030295684 -18748,5419219749 -13616,4102488043
12626,30515644 -12563,974224107 -18564,4825401956 -13537,7364628963
12626,30515644 -12375,3433362798 -18043,8877311878 -13607,5559917603
12626,30515644 -12356,501831108 -18706,9766666261 -13662,2925410954
12626,30515644 -12363,8385839712 -19491,7027869964 -13635,2721224648
12626,30515644 -12453,3344160157 -17480,8883956544 -13542,215899085
12626,30515644 -12596,0759538004 -18942,8056774984 -13492,2231449299
12626,30515644 -12600,4680330345 -18435,7309030844 -13484,8176438483
12626,30515644 -12701,3997314401 -17617,6984306951 -13622,7019324383
12626,30515644 -12618,5124154659 -18280,9892903003 -13642,8517725944
12626,30515644 -12938,0273061392 -18570,4825675708 -13688,8436337286
12626,30515644 -13023,6969935946 -18401,9687520642 -13712,6182012382
12626,30515644 -12908,0478288584 -18771,2403225261 -13764,8803692622
12626,30515644 -12893,8733728964 -17846,2661742874 -13799,6359604265
12626,30515644 -12965,2672932882 -17413,5957489445 -13654,9310395588
12626,30515644 -12646,7077569535 -18431,3694092903 -13652,8139525229
12626,30515644 -12467,8494551866 -17884,3688674614 -13628,5677699626
12626,30515644 -12417,7160805087 -18118,0855041104 -13628,1119602074
12626,30515644 -12260,7300914909 -17456,9787393647 -13659,5014750089
12626,30515644 -12190,4858621851 -17922,0318350832 -13630,1133745165
12626,30515644 -12140,157873056 -18878,6484060171 -13655,8492561219
12626,30515644 -12169,7434583209 -18126,6544414907 -13674,4273876305
12626,30515644 -12142,5330091643 -18684,4471736579 -13690,1488709373
12626,30515644 -12055,4203131067 -18514,4675967145 -13611,7363598994
12626,30515644 -12290,6972746189 -18176,7137941444 -13598,8995009815
12626,30515644 -12427,9980202576 -18580,4487958522 -13559,6431001768
12626,30515644 -12421,4359962958 -17975,72740224 -13536,7299944416
12626,30515644 -12720,429758877 -18834,039450142 -13553,6180777854
12626,30515644 -12521,949021436 -17821,6393813717 -13434,2992241909
12626,30515644 -12316,8425556597 -18203,2741850276 -13394,5263508895
12626,30515644 -12254,6818901583 -18103,4125964815 -13454,9821625547
12626,30515644 -12385,9831253402 -18328,9396892965 -13534,1758554919
12626,30515644 -12390,5702591614 -17931,7723037594 -13538,0594338898
12626,30515644 -12390,5702591614 -18242,49297494 -13547,4300053112
12626,30515644 -12252,9264012533 -17324,0778858403 -13563,5556245688
12626,30515644 -12091,88847382 -18217,3742568759 -13598,1033373523
12626,30515644 -11944,1533126349 -18175,7294877845 -13551,486244142
12626,30515644 -12330,2686705202 -18152,3328562792 -13651,2428505018
12626,30515644 -12268,2895821443 -18209,414128308 -13681,2621035779
12626,30515644 -12440,8211584575 -18042,1372813997 -13723,9905861627
12626,30515644 -12479,2085270795 -18159,342544564 -13790,293662303
12626,30515644 -12347,8106808719 -19422,6405734867 -13736,5686117542
12626,30515644 -12730,9056568229 -18509,0817200875 -13785,7372675521
12626,30515644 -12723,3093867469 -18189,3009462993 -13747,7720457198
12626,30515644 -12545,9824683966 -19157,5210629889 -13641,7720643344
12626,30515644 -12604,9282523534 -18518,8458235119 -13634,1142610785
12626,30515644 -12577,8168362654 -17811,0489787139 -13691,3883991743
12626,30515644 -12545,2241441575 -18259,0837784972 -13603,868804484
12626,30515644 -12557,9872792891 -17998,7672093454 -13556,1109983172
12626,30515644 -12581,1436102955 -18037,3272391025 -13559,7148757424
12626,30515644 -12690,4564360369 -18695,5585177258 -13502,442517343
12626,30515644 -12692,6957004214 -18158,2728570465 -13635,3456927012
12626,30515644 -12358,9560987505 -18674,4505476977 -13646,0514537171
12626,30515644 -12489,5155009247 -19852,1574395778 -13699,8106143594
12626,30515644 -12433,5713082953 -18700,0519859288 -13611,3621276763
12626,30515644 -12285,9107388043 -20193,7856972676 -13455,3370722821
12626,30515644 -12385,3600515792 -19847,3373526268 -13513,0619587412
12626,30515644 -12202,9574180155 -18424,9288971529 -13383,4193289234
12626,30515644 -12500,0831053721 -17793,7555415198 -13500,4648072531
12626,30515644 -12478,6004878311 -18381,8810677744 -13608,5781863757
12626,30515644 -12494,7896761305 -18845,9250014881 -13662,0658459141
12626,30515644 -12354,5136436223 -18942,0912749615 -13671,3546644105
12626,30515644 -12371,4041274691 -18904,0901280098 -13764,3709816702
12626,30515644 -12341,0637161083 -19743,309488908 -13757,5121538481
12626,30515644 -12674,3831279057 -18183,496617267 -13704,5679348713
12626,30515644 -12674,2655421389 -19029,1907519436 -13621,3218449815
12626,30515644 -12674,1474705301 -19157,7984772843 -13590,829517703
12626,30515644 -12436,1086381512 -17883,9492559457 -13627,9318916315
12626,30515644 -12375,8773810375 -18675,1117747995 -13576,6312640922
12626,30515644 -12603,7535705643 -17429,1144490412 -13595,1519342322
12626,30515644 -12511,5159422302 -19104,5789390547 -13565,3208572424
12626,30515644 -12547,6529831838 -18472,4307115956 -13546,5890439389
12626,30515644 -12602,5843695647 -18922,9376687088 -13507,6801926232
12626,30515644 -12745,7200099973 -17786,7766250678 -13612,0674684643
12626,30515644 -12589,0652626563 -18132,203095321 -13575,7811190882
12626,30515644 -12624,5456673556 -18776,4184448242 -13552,5273191724
12626,30515644 -12486,2292481569 -17969,6370486012 -13547,6524516241
12626,30515644 -12465,2038751377 -18106,201657583 -13542,4994496181
12626,30515644 -12565,968818421 -17829,9676530382 -13497,3584732018
12626,30515644 -12530,4884137218 -19022,7854233787 -13514,5687679921
12626,30515644 -12587,1456353618 -18518,0052023449 -13550,4934797306
12626,30515644 -12596,6265978631 -18408,7046652797 -13519,5594526759
12626,30515644 -12635,3542763004 -18355,7922639726 -13551,8925474325
12626,30515644 -12515,4115974378 -19299,283586999 -13536,2166454367
12626,30515644 -12639,8357734799 -17893,3382913264 -13618,2929857311
12626,30515644 -12585,0178486558 -18414,7253542757 -13716,9417793667
12626,30515644 -12425,0663680044 -18899,0054876869 -13680,4361284871
12626,30515644 -12514,840307446 -18860,363697495 -13684,7175440672
12626,30515644 -12134,8657036796 -19303,2464555212 -13586,9563438892
12626,30515644 -12785,9027299014 -19332,0691851562 -13749,4447407761
12626,30515644 -12777,0029861213 -19643,7006445351 -13659,5207763009
12626,30515644 -12668,2624007789 -18724,3586722187 -13678,723246715
12626,30515644 -12577,9155157848 -19002,6780281029 -13745,3297848967
12626,30515644 -12873,7295143963 -19213,6215945751 -13749,2853521099
12626,30515644 -12898,0800921086 -19605,8061803393 -13698,4846040096
12626,30515644 -12903,4205483237 -18530,4804532043 -13699,2301814216
12626,30515644 -12906,1992195943 -19525,1764886691 -13658,9322487221
12626,30515644 -12889,4428178644 -17570,0772678868 -13718,4784896019
12626,30515644 -12882,9750617347 -18576,7771416363 -13711,5176350191
12626,30515644 -12538,3892268868 -18429,9536540545 -13756,0763522976
12626,30515644 -12458,5261897014 -19259,169855338 -13885,9335157873
12626,30515644 -12595,3126461482 -18750,8133176874 -13845,0858003507
12626,30515644 -12518,2577176202 -18645,0233948835 -13974,4583446141
12626,30515644 -12264,8383441151 -17984,0244919472 -14052,7700545088
12626,30515644 -13064,6581858009 -19274,451732974 -14072,5860814816
12626,30515644 -13089,6691364257 -18371,5589698019 -14004,5854443693
12626,30515644 -13178,7113285506 -18886,0321926817 -14152,897928567
12626,30515644 -13253,07062558 -18691,6019002831 -14136,6731046165
12626,30515644 -13061,5166229621 -18971,1937464344 -14117,2215963125
12626,30515644 -12766,515067201 -19186,8388315102 -14129,740086673
12626,30515644 -12713,0632104957 -18826,1895744201 -14202,8386111269
12626,30515644 -12689,6113544137 -19260,2696521379 -14236,9973809602
12626,30515644 -12826,430733961 -20789,7778874909 -14280,7624560219
12626,30515644 -12558,1002834854 -19334,5918038498 -14229,2768024304
12626,30515644 -13306,8006948116 -19420,5171477524 -14259,1823572006
12626,30515644 -13306,5043854641 -18924,9790961384 -14232,5623900177
12626,30515644 -13386,0788321589 -18315,9256365126 -14271,671051258
12626,30515644 -13463,9082106888 -18741,4469784728 -14273,5036964979
12626,30515644 -13255,1269364866 -18621,6014052203 -14169,8790918527
12626,30515644 -13263,9244630675 -19303,6091362176 -14291,424968111
12626,30515644 -13377,2067858149 -18818,8545070898 -14323,616657995
12626,30515644 -13690,481716861 -18990,0088983521 -14359,9423233358
12626,30515644 -13610,4726347253 -18650,0183391986 -14336,7638530901
12626,30515644 -13339,8269814911 -19208,0512982115 -14285,1830897495
12626,30515644 -13354,4919427173 -18701,6916599762 -14220,8071152914
12626,30515644 -13229,2438912376 -18513,6142530699 -14172,1528233361
12626,30515644 -12812,3397845446 -18596,8189582197 -14151,6960929631
12626,30515644 -12752,2312786057 -19541,5709866255 -14113,1412754221
12626,30515644 -12909,2011555301 -18326,3594804577 -14145,8923136406
12626,30515644 -12978,5328326129 -18753,5990202541 -14212,6608895602
12626,30515644 -13014,0505184359 -18816,6085070713 -14286,4774444594
12626,30515644 -13243,0653342929 -18843,9784110278 -14287,4171966093
12626,30515644 -12777,6534327214 -18957,9528193359 -14383,1161634927
12626,30515644 -12844,6343146662 -19247,366964314 -14434,4922574933
12626,30515644 -13080,7076209803 -19357,3212657574 -14507,614990588
12626,30515644 -13080,7076209803 -18833,0356853474 -14565,3159647556
12626,30515644 -13073,5570516675 -20830,3077683957 -14651,3507627329
12626,30515644 -13155,5582572547 -19099,5160140064 -14728,019692777
12626,30515644 -13362,7833977273 -18935,2892139161 -14667,210950257
12626,30515644 -13427,1456494964 -19899,8200086587 -14654,7777713077
12626,30515644 -13544,1586968222 -20059,4477682735 -14538,1399352107
12626,30515644 -13537,2070008449 -19502,5746588136 -14486,4687274918
12626,30515644 -13439,1730443822 -19886,8749270559 -14407,8816545062
12626,30515644 -13379,9457925166 -18809,858926545 -14166,0893821876
12626,30515644 -13355,2634618214 -19154,120332942 -14129,0675146489
12626,30515644 -13382,5201006781 -19371,6747594485 -14124,1400794818
12626,30515644 -13331,0304029203 -19062,7235949836 -14070,2046659837
12626,30515644 -13384,7076369988 -18708,3486030048 -14137,9909716912
12626,30515644 -13165,3881692609 -19526,1848489838 -14181,7218293572
12626,30515644 -13055,1562777419 -19579,9153583201 -14119,0561453449
12626,30515644 -12928,2471723484 -18790,0277036922 -14022,7525116137
12626,30515644 -12885,0933124242 -19314,3028336626 -14009,7671869397
12626,30515644 -13256,5577619374 -18943,6695553853 -14046,0940557977
12626,30515644 -13163,8665797604 -19041,8080735742 -13967,7588832668
12626,30515644 -13190,0890786047 -18851,2742797416 -13938,9939953374
12626,30515644 -13098,7101267812 -18093,1697487117 -13868,4835439941
12626,30515644 -13227,9783021927 -19147,0800369722 -13994,5380186038
12626,30515644 -13103,6312988289 -19292,3303411557 -13874,7761618167
12626,30515644 -13051,4878278804 -18817,1828825373 -13760,5307297015
12626,30515644 -12622,9854962012 -19101,0326840478 -13724,5741870406
12626,30515644 -12786,5774882284 -18298,2335343269 -13800,4856286266
12626,30515644 -12589,0138377389 -19458,223840895 -13755,942578758
12626,30515644 -12532,3460970876 -18237,8045986728 -13828,8847656544
12626,30515644 -12456,1010382378 -18221,2806364634 -13774,9699381641
12626,30515644 -12591,0944159211 -18186,0463863708 -13830,6832484909
12626,30515644 -12654,7642297565 -18571,9958726902 -13729,3691287794
12626,30515644 -12854,8485026033 -18370,2352449153 -13728,9500139157
12626,30515644 -12866,0681498596 -17525,1696807872 -13650,345747471
12626,30515644 -12372,0489143534 -18810,3405071392 -13496,480167813
12626,30515644 -12339,5577954063 -18345,6176349916 -13494,7584654908
12626,30515644 -12240,8241946369 -17723,4707593029 -13552,8127972001
12626,30515644 -12203,06368957 -19621,2401800602 -13545,9573818502
12626,30515644 -12134,5570024249 -17548,3144844794 -13543,0875950463
12626,30515644 -12084,4957767842 -18523,6823674748 -13643,4875562127
12626,30515644 -12047,9347071011 -18584,3843626514 -13595,2677050138
12626,30515644 -11801,9906673588 -18580,430357763 -13571,2776103152
12626,30515644 -11893,3874027367 -17657,7118904329 -13511,6479395565
12626,30515644 -11705,2886357676 -18088,9974355553 -13540,8822592138
12626,30515644 -11633,2350211033 -18226,8053100583 -13438,73384601
12626,30515644 -11672,312660988 -18016,8834625604 -13446,9733388937
12626,30515644 -11603,5000497573 -18683,0947694186 -13447,2313932912
12626,30515644 -11739,5728218228 -17846,7306576061 -13447,3942243209
12626,30515644 -11654,2283988701 -19600,2857994685 -13381,8760862354
850,75905121945
