12626,30515644 -8146,46274362855 -9286,01193532473 -8217,20086187874
12626,30515644 -8163,60857955568 -9398,30991554077 -8412,77918409154
12626,30515644 -7999,60153569421 -9611,74646081009 -8491,35873509799
12626,30515644 -8363,56455915561 -9895,09503357382 -8603,97051285115
12626,30515644 -8372,65242086791 -10064,4320995783 -8702,12498403843
12626,30515644 -8861,03612856257 -10836,3969671498 -9235,71150070648
12626,30515644 -9264,51574135037 -11126,2943799477 -9784,10750452004
12626,30515644 -9423,93566314101 -11343,8117704852 -9939,0086532762
12626,30515644 -9423,93566314101 -11152,965778832 -10033,9578067635
12626,30515644 -9800,7608855361 -11777,3629204656 -10194,0072267776
12626,30515644 -9741,15830205473 -11178,6140874529 -10193,8293093061
12626,30515644 -9859,39502385154 -11425,4095778869 -10344,6749068634
12626,30515644 -9669,42561010653 -11959,3707494507 -10330,2238441609
12626,30515644 -9663,81832393352 -12027,9757370162 -10319,5814855724
12626,30515644 -9635,64708210981 -12011,5385251295 -10361,8316608403
12626,30515644 -9635,04201526269 -12122,0977378231 -10425,1337215193
12626,30515644 -9556,42531455572 -11746,9952541998 -10383,5762697182
12626,30515644 -9664,05221004712 -11871,783765202 -10451,2081552276
12626,30515644 -9664,05221004712 -11848,1568224812 -10500,9331278234
12626,30515644 -9703,56272513803 -11936,8596014488 -10552,817451917
12626,30515644 -9731,73396696174 -12224,4884766237 -10696,9714630286
12626,30515644 -9886,26253927993 -13022,885386845 -10709,7276921334
12626,30515644 -10062,2800343102 -12280,1648066933 -10774,9701786716
12626,30515644 -10037,0427749715 -12547,6150547122 -10832,1082725172
12626,30515644 -10117,6219646811 -12776,1672811928 -10855,3363619218
12626,30515644 -10087,1809119586 -12602,1149770003 -10925,6466568109
12626,30515644 -10149,5814055759 -12712,1198230588 -10927,4240584738
12626,30515644 -10058,993700573 -12931,1133275486 -10999,0516058059
12626,30515644 -10297,1562195485 -13070,7204382924 -11105,1875963462
12626,30515644 -10393,8431800292 -12986,8282754503 -11084,4440047524
12626,30515644 -10558,3357744002 -12611,7701585056 -11170,1367800617
12626,30515644 -10558,7895987241 -12587,5120140876 -11203,3329757341
12626,30515644 -10388,0440412771 -12449,0721301889 -11152,3162409617
12626,30515644 -10449,9734147626 -12803,828565867 -11186,7553961601
12626,30515644 -10440,4072759714 -12505,2557485256 -11166,1280000049
12626,30515644 -10248,4585315969 -12665,2473422669 -11231,2991142861
12626,30515644 -10319,2840200447 -13003,7093636433 -11205,0822320744
12626,30515644 -10257,7725476223 -12953,7810008684 -11263,1635616052
12626,30515644 -10311,8050569047 -12791,2765989698 -11192,5296409997
12626,30515644 -10373,8370312479 -12815,6447963071 -11192,4760608152
12626,30515644 -10169,6999429972 -13078,6244422529 -11136,6890183919
12626,30515644 -10217,3013071497 -12796,2310876186 -11189,1938828363
12626,30515644 -10309,7676103918 -12813,142639075 -11253,6650552546
12626,30515644 -10279,5056571278 -13176,1922769869 -11253,019524491
12626,30515644 -10365,0243884286 -13231,484212992 -11172,3152058475
12626,30515644 -10629,8282793569 -12970,5351650384 -11267,1021877929
12626,30515644 -10645,6336436348 -13818,2970327392 -11374,64963199
12626,30515644 -10622,6254672973 -13370,3111944912 -11340,1138526118
12626,30515644 -10415,8241568187 -13125,0156151869 -11301,3510899612
12626,30515644 -10369,6951619846 -13105,4652385335 -11253,7418593091
12626,30515644 -10662,5341365735 -13062,5526406549 -11267,1032622598
12626,30515644 -10820,5969656105 -13315,8196070754 -11411,9161840004
12626,30515644 -10717,2694005616 -12783,0736489174 -11413,6601203617
12626,30515644 -10716,1304849356 -12996,9735419393 -11456,4503519645
12626,30515644 -10864,9566347161 -13049,4535969965 -11475,2493071928
12626,30515644 -10999,1702461345 -13060,7889395123 -11584,6472401609
12626,30515644 -11007,5117305687 -13132,1027558366 -11590,0836766827
12626,30515644 -11120,0126278352 -13425,1769086418 -11564,8727530978
12626,30515644 -11097,6494953947 -13145,1327699317 -11548,0608371437
12626,30515644 -10961,6489202634 -13158,0739459206 -11587,9202551529
12626,30515644 -10827,4353088449 -12951,6035555199 -11576,2114113147
12626,30515644 -10906,8036208795 -12895,4487849778 -11589,0473690977
12626,30515644 -10950,8773519981 -13197,9725404242 -11630,5154368955
12626,30515644 -10941,0613705152 -13345,5781494357 -11642,372607972
12626,30515644 -11013,7086367583 -13373,5081765857 -11666,7573980165
12626,30515644 -11021,6888234183 -13202,812196501 -11729,2223710787
12626,30515644 -11031,0206140165 -13096,7293249405 -11665,5738247585
12626,30515644 -11005,0025974606 -12807,3544804004 -11668,9700310963
12626,30515644 -11106,8475034662 -13270,9346719097 -11636,8925301919
12626,30515644 -10911,0556500101 -12853,5379905493 -11657,3911232178
12626,30515644 -10957,1946455546 -13020,3046292104 -11699,5108880386
12626,30515644 -10762,2740141588 -13044,0400565802 -11619,3800298344
12626,30515644 -10676,5616370063 -13420,5224550869 -11563,0348590686
12626,30515644 -10796,6845390071 -13091,3396864573 -11642,6766922054
12626,30515644 -10630,0017169446 -13246,4558095949 -11645,3565854047
12626,30515644 -10621,6852882991 -13454,4270713172 -11599,826183101
12626,30515644 -10870,0756676131 -12980,1601187926 -11662,0143062825
12626,30515644 -10974,5449362297 -13332,4443319826 -11735,6447164476
12626,30515644 -11084,4938425312 -13092,2569513281 -11808,6649986628
12626,30515644 -10858,3757904197 -13033,1973117009 -11774,4420555982
12626,30515644 -10891,0264393203 -13225,1018369345 -11780,3886821929
12626,30515644 -10802,2465113878 -13547,9199052268 -11697,1734179772
12626,30515644 -10713,7033752305 -13591,7014189782 -11679,9195685859
12626,30515644 -10665,4106882992 -13184,7505519791 -11695,6249951017
12626,30515644 -11010,6041920077 -13361,1840643311 -11777,7002726881
12626,30515644 -10854,0514416917 -12948,0597494893 -11831,9785479462
12626,30515644 -10984,4116790308 -13303,2279300064 -11846,1922771903
12626,30515644 -11074,4847630092 -13189,1321976563 -11932,0002873845
12626,30515644 -10915,4831392531 -13397,5098077879 -11957,7609655771
12626,30515644 -11158,6588719311 -13376,8270609045 -11877,2848658958
12626,30515644 -11132,4174256703 -13469,6216704986 -11883,9262791997
12626,30515644 -11261,8013456204 -13635,9546810279 -11945,2229888132
12626,30515644 -11322,4907589113 -13650,5472066978 -11943,1421612327
12626,30515644 -11253,1753492003 -13643,3835333823 -11968,6495975442
12626,30515644 -11235,9968460009 -13366,8216942896 -11945,5790539998
12626,30515644 -11165,4391574729 -13082,6923696028 -11892,2848489087
12626,30515644 -10683,5634561482 -13366,962795079 -11878,1524306895
12626,30515644 -10612,7377857201 -13315,1142067361 -11771,1578015225
12626,30515644 -10562,567675476 -13295,01170662 -11819,8611263616
12626,30515644 -10525,891079996 -13203,5945362317 -11737,7798848347
12626,30515644 -10525,4678990923 -13170,4049089506 -11882,4996896074
12626,30515644 -10691,3715041266 -13149,639261968 -11880,8264878342
12626,30515644 -10694,8953777212 -13450,129037768 -11885,6361289203
12626,30515644 -10629,2176536668 -13354,8785390262 -11825,4151064933
12626,30515644 -10571,0545656111 -13721,2659548999 -11787,6390804611
12626,30515644 -10778,6051687692 -13281,5189302687 -11808,2213309331
12626,30515644 -10801,5635114839 -12813,8611051731 -11723,6795889568
12626,30515644 -10756,6397194185 -13249,781205041 -11806,5222842179
12626,30515644 -10539,6788480304 -13089,5314015586 -11730,9495086508
12626,30515644 -10539,6788480304 -13121,0228840929 -11759,4460405888
12626,30515644 -10688,1858466994 -13125,6235785571 -11678,9501980494
12626,30515644 -10792,2201231415 -13168,2543013033 -11640,6001658834
12626,30515644 -10740,3302095306 -13038,4409644188 -11594,1946974657
12626,30515644 -10924,2027069321 -13028,6547011714 -11622,5077932526
12626,30515644 -10660,604022239 -13032,2457184405 -11664,3730397922
12626,30515644 -10811,0252511537 -13081,2237410989 -11655,1106377173
12626,30515644 -11008,8630755011 -13009,9318127498 -11701,212138332
12626,30515644 -10743,6173636585 -13142,34729668 -11773,03841154
12626,30515644 -10733,1168914942 -13245,1885046379 -11809,1831397769
12626,30515644 -10724,1439567058 -13216,8556379379 -11806,5296886563
12626,30515644 -10695,8846211605 -13281,0543868499 -11736,519266434
12626,30515644 -10791,4006764606 -13184,2464584478 -11723,2333924641
12626,30515644 -10995,6904139818 -13171,4081887665 -11748,4385138928
12626,30515644 -10976,0878602786 -12927,6708337848 -11841,0133999519
12626,30515644 -11093,3628488765 -13156,7135454941 -11945,5889041483
12626,30515644 -10939,2584066667 -13314,9909851251 -11851,4237405203
12626,30515644 -11114,2191724133 -13205,3588237864 -11877,501652743
12626,30515644 -11193,4459103537 -13347,9367474085 -11848,7001265726
12626,30515644 -11222,5300209431 -13149,9322297235 -11951,2880549422
12626,30515644 -11144,6090578254 -13226,4688901073 -11887,4123535649
12626,30515644 -11136,6588180132 -13580,2641257614 -11889,9724361949
12626,30515644 -11110,5195188891 -13775,0498419872 -11877,5099749771
12626,30515644 -11090,1443782048 -13283,56585364 -11790,94371281
12626,30515644 -11038,1371841437 -13446,659693447 -11822,2134116959
12626,30515644 -11058,3012002078 -13316,9808503266 -11824,3155274141
12626,30515644 -11237,5815269158 -13412,3690989995 -11797,472719183
12626,30515644 -11170,987112069 -13349,4805853904 -11782,4588360517
12626,30515644 -11183,1238199179 -13551,588508811 -11929,1513164317
12626,30515644 -11413,3504096822 -13583,4137328738 -12049,4293246272
12626,30515644 -11371,586022451 -13787,8016324226 -11951,943700659
12626,30515644 -11318,6696735336 -13633,2783680386 -11943,6134949335
12626,30515644 -11381,4704252151 -13137,7266991006 -11976,4484645251
12626,30515644 -11543,2664069966 -13738,6343300668 -11979,2488817256
12626,30515644 -11411,9878083013 -13240,05393484 -11889,1376235411
12626,30515644 -11348,8207046402 -13239,0230944866 -11928,0159349817
12626,30515644 -11339,8279216561 -13415,3441969394 -11911,6780222645
12626,30515644 -11224,3812587419 -13079,7582060268 -11901,3578687812
12626,30515644 -11158,7699493817 -13119,0758945758 -11888,9122229141
12626,30515644 -11191,5259364604 -13287,6111272346 -11911,3666848637
12626,30515644 -11254,8092021935 -13378,3659378471 -11854,743457311
12626,30515644 -11331,0333331625 -13222,8985009016 -11932,4528086477
12626,30515644 -11070,7634229202 -13195,3646625337 -11877,0002710721
12626,30515644 -11089,9265132771 -13277,8008787602 -11857,0643386477
12626,30515644 -10987,5022107107 -13431,1699611152 -11870,0273061977
12626,30515644 -10924,4614498454 -13448,8985604849 -11850,1770813815
12626,30515644 -10920,1299284298 -13239,0147610926 -11755,1589622406
12626,30515644 -10913,7006621794 -13185,8699606689 -11750,544323343
12626,30515644 -10929,4715379094 -13183,1623537365 -11781,5586286875
12626,30515644 -10992,1011203813 -13582,0168302747 -11680,613167014
12626,30515644 -11003,5092774799 -13077,835793804 -11738,4023723575
12626,30515644 -10846,72214192 -13322,7006533311 -11705,8183722149
12626,30515644 -11007,1834285963 -13485,2591876026 -11739,925995972
12626,30515644 -10926,2154187528 -13460,7149753532 -11716,2603750037
12626,30515644 -10926,2154187528 -13506,0739842076 -11722,7845328416
12626,30515644 -11110,5007792389 -13298,290569668 -11788,3458964592
12626,30515644 -11110,5007792389 -13541,170240259 -11837,4933007373
12626,30515644 -11309,8279545152 -13675,9773699878 -11896,2240862529
12626,30515644 -10978,4537941764 -13396,9814988666 -11895,6741765853
12626,30515644 -10986,3725113714 -13456,5696290056 -11869,3789753442
12626,30515644 -11381,1074143316 -13831,7732827425 -11956,2922092139
12626,30515644 -10994,2714481088 -13405,745785564 -11977,2951552483
12626,30515644 -11016,579875892 -13824,2948474826 -11906,0275590989
12626,30515644 -10955,0059515896 -13335,3595543811 -11855,7600906162
12626,30515644 -11215,0133364552 -13525,8674652536 -11953,169446833
12626,30515644 -11197,7698699035 -13274,0589288082 -11979,9275603532
12626,30515644 -11245,8090942808 -13239,9018455579 -12016,4516316102
12626,30515644 -11271,9819116765 -13568,8613597476 -12039,9743148012
12626,30515644 -11225,1543870589 -13299,0268851991 -12012,3895445788
12626,30515644 -11590,8785094091 -13372,4118407906 -12100,0736035287
12626,30515644 -11644,0139390614 -13480,9064372649 -12144,8999849778
12626,30515644 -11488,2956114503 -13666,383405073 -12123,9725771118
12626,30515644 -11393,3084162856 -13401,8989850411 -12048,0538289477
12626,30515644 -11583,2322526936 -13301,4935303544 -12070,4839116637
12626,30515644 -11410,0805981938 -13266,919635938 -12028,9459449929
12626,30515644 -11258,6694396512 -13301,8522687818 -11935,0904169823
12626,30515644 -11387,3050819225 -13231,4624803083 -11916,6528345156
12626,30515644 -11567,0427165733 -13055,0788928746 -11945,23309975
12626,30515644 -11406,7983943712 -13177,8569171662 -11862,4020892766
12626,30515644 -11600,0016502575 -13105,7441872396 -11907,0589481806
12626,30515644 -11438,3892911254 -12950,6896013232 -11708,3017699868
12626,30515644 -11369,7109300985 -12447,8854316417 -11744,1855061776
12626,30515644 -11350,9989319971 -12813,408638805 -11713,9410266505
12626,30515644 -11232,7545202196 -12753,6498311554 -11743,4533171522
12626,30515644 -11242,8885034668 -12710,6937244496 -11746,9575125511
12626,30515644 -11057,8583247335 -13064,6183964679 -11702,4263278815
12626,30515644 -10959,0318497911 -12963,0116904775 -11738,8466757097
12626,30515644 -11006,0141524474 -13068,4994488284 -11773,0162359058
12626,30515644 -11004,6147264567 -13038,635805769 -11855,951665353
12626,30515644 -11000,5974570482 -13247,6100865207 -11842,4574396327
12626,30515644 -10994,1951021318 -13352,7934782419 -11813,3906754905
12626,30515644 -11002,3553153858 -13163,9388169972 -11785,54725119
12626,30515644 -10823,3322376546 -13187,5848006236 -11739,5849096622
12626,30515644 -10808,8926204371 -13608,7978972138 -11792,0419445831
12626,30515644 -10908,3370535478 -12933,6730875898 -11692,4422633627
12626,30515644 -11092,2420149435 -13060,5821805149 -11736,6547822762
12626,30515644 -10982,8092014059 -13202,7503956172 -11749,2674807553
12626,30515644 -11141,7769628946 -13141,9745875226 -11764,9383504579
12626,30515644 -11273,517319172 -13124,9524144438 -11741,8046064801
12626,30515644 -11367,3250183215 -12930,1102216209 -11798,2291806976
12626,30515644 -11292,7857576599 -13129,4340092857 -11727,135575457
12626,30515644 -11270,9217311174 -12902,336824364 -11691,4896449924
12626,30515644 -11018,5220910233 -13084,8318290902 -11661,3433248417
12626,30515644 -11063,3857130229 -13130,4591510526 -11695,289218648
12626,30515644 -11303,0623761981 -12807,8243117707 -11735,3682088017
12626,30515644 -11318,452774242 -13065,893555474 -11733,826491161
12626,30515644 -11322,1576135794 -12977,6870357205 -11732,7048529759
12626,30515644 -11401,0761187288 -13195,7098826854 -11764,313282966
12626,30515644 -11320,1643224707 -13162,5653370338 -11679,7430088738
12626,30515644 -11413,5990235313 -13025,1011814462 -11686,2408259548
12626,30515644 -11394,6176186723 -13045,5627335573 -11707,0964665954
12626,30515644 -11108,1601219513 -13099,1477863411 -11592,6130612364
12626,30515644 -11063,9558670245 -12867,6263969087 -11656,4703350109
12626,30515644 -10995,0191015807 -12796,5376793348 -11738,716380171
12626,30515644 -11199,0988567703 -13162,308029983 -11745,7541945284
12626,30515644 -10973,8864655039 -12919,3280064815 -11635,0465647088
12626,30515644 -11284,6176394685 -12786,4562901951 -11764,8600830846
12626,30515644 -11403,3583080059 -12795,8091280606 -11744,115065039
12626,30515644 -11390,665025957 -12953,223177529 -11750,1621711614
12626,30515644 -11397,6667868932 -12763,4773713939 -11815,9804626248
12626,30515644 -11260,3547022475 -12923,4387801381 -11903,1060358761
12626,30515644 -11331,08161359 -12958,4794438281 -11942,0710038943
12626,30515644 -11228,5450768139 -13056,0207053736 -11882,3280004812
12626,30515644 -11264,7452334982 -13168,4907136161 -11887,8867702887
12626,30515644 -10836,8502990008 -13133,0276269048 -11968,251477466
12626,30515644 -10826,9420407413 -13326,1493782114 -11971,3819191376
12626,30515644 -10876,0903368187 -13352,5347933706 -11972,0363484987
12626,30515644 -10919,4401259294 -13355,9337368794 -12070,6188281168
12626,30515644 -10771,7065901499 -13234,3135379893 -12031,1062391885
12626,30515644 -10875,503120254 -13404,6283913392 -12027,4161473871
12626,30515644 -10892,5938350486 -13534,2598003618 -12051,3186642418
12626,30515644 -11055,5606455853 -13700,417045539 -12072,1546031733
12626,30515644 -11346,7353423777 -14128,259120061 -12098,6693345218
12626,30515644 -11595,8452214684 -13596,242477621 -12158,4237945638
12626,30515644 -11470,7684562738 -13648,0071502468 -12190,0096190976
12626,30515644 -11455,0456281813 -13612,4958311593 -12164,2377899491
12626,30515644 -11321,3854090392 -13618,9086327757 -12123,8125260874
12626,30515644 -11350,5436774304 -13624,3758092473 -12155,0452574967
12626,30515644 -11160,3719138457 -13835,3968592737 -12181,2957071844
12626,30515644 -10960,0565693003 -13516,8275365979 -12135,0247960833
12626,30515644 -10882,7610936492 -13751,039483268 -12126,6188658373
12626,30515644 -11031,8795644328 -13827,1699549261 -12157,3408653957
12626,30515644 -11026,020243204 -14036,6989709674 -12156,014336835
12626,30515644 -10876,9017724204 -14155,4262720456 -12179,5246542933
12626,30515644 -10665,3419828006 -13768,8927460355 -12200,8330223724
12626,30515644 -10567,9727631939 -13815,46680087 -12177,2358350169
12626,30515644 -10591,5533227656 -13931,4141347645 -12128,0240778276
12626,30515644 -10819,4489894373 -13712,3302661641 -12250,3783312417
12626,30515644 -10832,5117946049 -13481,4500268778 -12225,3116117702
12626,30515644 -10795,6051145134 -13871,9599800972 -12219,3744811681
12626,30515644 -10714,902700401 -13725,8555713515 -12204,0740855396
12626,30515644 -10714,902700401 -14065,4860881862 -12202,1795597341
12626,30515644 -10952,0453762538 -14082,8420146102 -12228,4966985249
12626,30515644 -11012,1924946102 -13934,8826473943 -12213,4648598882
12626,30515644 -11122,1195151236 -13919,0839184073 -12145,9410011562
12626,30515644 -11340,686761981 -14022,6648704511 -12096,2063213905
12626,30515644 -11287,8497146207 -13865,2117011675 -12072,1131458335
12626,30515644 -11418,3686886636 -13727,5245602273 -12032,7530663263
12626,30515644 -11263,5719389812 -13731,8676134359 -12054,6350500966
12626,30515644 -11276,3350741128 -13981,2975046986 -12051,9204690817
12626,30515644 -11293,7796002602 -14009,526666321 -12073,6315622728
12626,30515644 -11168,1801723214 -13499,4900354149 -12057,9901310059
12626,30515644 -11357,4013783 -14025,5999892798 -12115,7954162892
12626,30515644 -11006,1345019173 -13885,5018108825 -12105,9754479098
12626,30515644 -10975,7728951038 -14011,4406553521 -12171,7155971465
12626,30515644 -10949,2812456375 -13741,8797586176 -12175,5837171294
12626,30515644 -10985,7257194835 -13929,8887871199 -12150,7319223268
12626,30515644 -11294,9785556868 -13645,1500966483 -12154,7410387813
12626,30515644 -11292,3696754279 -13703,4742269488 -12163,5020610621
12626,30515644 -11629,0301352054 -13669,2174256985 -12233,8666390988
12626,30515644 -11604,2433178384 -14155,1396758499 -12194,4057788395
12626,30515644 -11447,5417356126 -13817,2118305511 -12265,7647928181
12626,30515644 -11368,5216440519 -13790,3759590313 -12264,5090983894
12626,30515644 -11490,6977338854 -13703,3810444229 -12340,8625908731
12626,30515644 -11619,6854981144 -13821,6672641185 -12335,116536409
12626,30515644 -11656,3943160266 -13734,547658955 -12287,9825588269
12626,30515644 -11409,2355866822 -13461,7087381133 -12268,8737444458
12626,30515644 -11433,2447795042 -14158,2628201345 -12342,9519143284
12626,30515644 -11434,6242848339 -13831,351302175 -12373,196113845
12626,30515644 -11847,2088407697 -13788,5456537158 -12410,6518163897
12626,30515644 -11753,6602539982 -13780,2424339858 -12348,4116313424
12626,30515644 -11680,0758781861 -13710,4772726059 -12323,0944458619
12626,30515644 -11651,2610261355 -13747,7281668442 -12329,5594230023
12626,30515644 -11602,0745684709 -13885,9534552122 -12356,6009304019
12626,30515644 -11622,4103699997 -14153,956561374 -12376,0801292434
12626,30515644 -11639,2127032256 -13988,4786155585 -12305,7496867658
12626,30515644 -11575,4859800595 -14025,2231920733 -12250,3049243311
12626,30515644 -11538,9736209786 -13725,1248682564 -12241,3420551501
12626,30515644 -11506,3762414613 -13896,7379100399 -12335,8366421634
12626,30515644 -11355,8385343609 -13654,2731018319 -12377,6458851527
12626,30515644 -11342,1423366797 -13881,7899955876 -12318,8392340341
12626,30515644 -11466,1529590233 -14184,7352327956 -12345,5080617087
12626,30515644 -11414,6707720281 -14325,8671910812 -12346,3622576405
12626,30515644 -11326,42723732 -14482,844388809 -12313,6014189205
12626,30515644 -11414,4510201564 -13956,9083311508 -12310,8096848828
12626,30515644 -11189,2326714341 -14346,8233029601 -12334,8835019514
12626,30515644 -10932,4556843803 -14736,6276179049 -12401,3865472476
12626,30515644 -10916,174375428 -14578,0971766357 -12422,8436598266
12626,30515644 -10928,1473393448 -14197,0540085937 -12344,145494789
12626,30515644 -10915,4344056485 -13852,1570584674 -12358,713921957
12626,30515644 -10937,1976835883 -13949,4309497068 -12354,0489865166
12626,30515644 -10992,0936126942 -13791,5465386822 -12249,3887797435
12626,30515644 -11317,1645049344 -13652,6609079706 -12249,9773633633
12626,30515644 -11374,3545524804 -13851,1214588539 -12215,6783785117
12626,30515644 -11620,4172866259 -14179,5233902914 -12306,0334418175
12626,30515644 -11696,2824774138 -13498,3402844213 -12239,8584055075
12626,30515644 -11677,1059804027 -13453,032686108 -12223,5934744306
12626,30515644 -11628,8023361876 -13805,0945784043 -12265,6221360249
12626,30515644 -11738,2915470398 -13638,6079040851 -12201,1844028013
12626,30515644 -11685,4780417417 -13684,9986389934 -12188,7784130358
12626,30515644 -11681,6373372452 -13678,0625148924 -12367,0360109886
12626,30515644 -11800,2541547259 -14343,3859514394 -12347,6361501495
12626,30515644 -11869,2559398573 -13846,2237083318 -12340,7399607862
12626,30515644 -11861,2907153827 -13639,9739337793 -12360,951029191
12626,30515644 -11843,9510435182 -13769,0313456893 -12395,38159939
12626,30515644 -11867,6349023978 -13650,3763788023 -12467,9367181172
12626,30515644 -11867,9565111952 -13762,7613149578 -12456,3344148724
12626,30515644 -11790,7480555718 -13645,9234827865 -12414,9727653556
12626,30515644 -11558,3541279225 -13772,6810179146 -12427,5904480087
12626,30515644 -11277,1652461779 -13919,985516342 -12383,2840590499
12626,30515644 -11241,7297169382 -14663,907896709 -12399,2931425713
12626,30515644 -11214,5643055799 -14483,8074384503 -12409,1932407585
12626,30515644 -11523,6273516571 -14680,4301646518 -12426,2959159516
12626,30515644 -11576,8033004138 -14410,5784471702 -12411,5917696906
12626,30515644 -11355,5881538061 -14353,2967018512 -12398,6129589919
12626,30515644 -11273,0189860118 -14318,6338615636 -12354,3733068949
12626,30515644 -11118,4831059667 -14343,0286326586 -12358,9538064944
12626,30515644 -11080,6296625853 -14538,2444420807 -12405,3715347933
12626,30515644 -11805,588678474 -14861,128707748 -12562,0279313224
12626,30515644 -11719,931814769 -14639,7274499186 -12561,8485067803
12626,30515644 -11533,433018906 -14674,6007056036 -12511,9865290857
12626,30515644 -11295,1598541744 -14575,3358972496 -12431,0618432247
12626,30515644 -11056,6172570666 -14379,8088365332 -12319,2788739138
12626,30515644 -11493,2565593608 -14559,195527763 -12356,8699494778
12626,30515644 -11365,4683348855 -14474,59940436 -12270,7154285515
12626,30515644 -11559,9761561116 -14180,7129227599 -12264,0864755172
12626,30515644 -11533,268312184 -14289,2149135329 -12288,4458224714
12626,30515644 -11556,7336989874 -14205,9216242264 -12300,1892247542
12626,30515644 -11313,2333145318 -14196,4030141462 -12247,0317538465
12626,30515644 -11347,6426206191 -14089,1491876105 -12252,455781189
12626,30515644 -11177,3516373686 -13954,6051312136 -12218,8955671503
12626,30515644 -11174,4749102932 -13882,3216363603 -12142,986143268
12626,30515644 -11154,5332103906 -13891,705256396 -12167,5088073129
12626,30515644 -11124,7869076776 -13773,6793973611 -12167,2508030094
12626,30515644 -11242,8412349282 -13644,4152326907 -12184,5887242924
12626,30515644 -11225,7505201336 -14077,5037209124 -12169,2196609984
12626,30515644 -11386,3920998045 -13979,161349888 -12148,4150396816
12626,30515644 -11564,9804550984 -14046,470798617 -12294,0173335639
12626,30515644 -11489,7499070687 -14209,3417496647 -12276,8995727791
12626,30515644 -11565,6505963779 -14136,4912578368 -12233,6190867776
12626,30515644 -11286,4685679072 -13546,2062086702 -12118,7162460372
12626,30515644 -11298,6173651801 -13393,1396135163 -12076,4222931958
12626,30515644 -11527,2932681816 -13386,4462588791 -12125,3705821476
12626,30515644 -11370,791910877 -13607,8524487962 -12195,4078773808
12626,30515644 -11339,6892296286 -13747,089594687 -12168,8453222938
12626,30515644 -11286,6277782535 -13523,8460694335 -12165,8367750942
12626,30515644 -11409,6777201921 -13404,8927558735 -12125,76401153
12626,30515644 -11334,6407477601 -13679,0033849086 -12105,4709040245
12626,30515644 -11454,8668395288 -13434,7354499546 -12169,3829689261
12626,30515644 -11534,2750724117 -13666,1447351672 -12111,4380694068
12626,30515644 -11626,8446578832 -13239,1959509966 -12224,4643699447
12626,30515644 -11653,9007719166 -13270,3440467154 -12254,605547168
12626,30515644 -11765,2430415922 -13684,5648015554 -12258,8226410364
12626,30515644 -11632,7600757557 -13397,6725249103 -12246,7665002162
12626,30515644 -11526,761289289 -13396,2052814919 -12229,2328043183
12626,30515644 -11804,2852625072 -13564,0335790718 -12250,9924338437
12626,30515644 -11711,5409395725 -13451,8201386361 -12263,422940853
12626,30515644 -11478,1315493234 -13521,5355791405 -12167,8749960887
12626,30515644 -11447,329245841 -13409,1470051407 -12250,4056782999
12626,30515644 -11566,4619996154 -13772,3453353309 -12290,3381089535
12626,30515644 -11599,6800375677 -13584,0706995644 -12312,1689960817
12626,30515644 -11659,0702995008 -13556,4479981956 -12264,7437384187
12626,30515644 -11740,269530183 -13721,4461501285 -12307,6917891851
12626,30515644 -11562,1865275557 -13747,7556966806 -12149,2368793948
12626,30515644 -11533,443209283 -13590,7219279006 -12019,4002142979
12626,30515644 -11315,2909939826 -13533,2665507725 -12030,4731402089
12626,30515644 -11372,7413708584 -13427,129149048 -12048,8137676995
12626,30515644 -11257,2599617244 -13494,8772758678 -12127,18465501
12626,30515644 -10967,6549655785 -13511,717362822 -12116,5273813251
12626,30515644 -10964,6233316847 -13739,5632472451 -12162,202605571
12626,30515644 -11089,6766639764 -13870,1878134817 -12191,1685876371
12626,30515644 -11168,7999736749 -14142,2723410878 -12159,9354966836
12626,30515644 -11130,3008854974 -14160,5259202274 -12136,0436553905
12626,30515644 -11468,2403214665 -13778,9978516589 -12220,3796947773
12626,30515644 -11592,0693694491 -13974,5436793072 -12288,6636323681
12626,30515644 -11426,5195895548 -14033,8149905376 -12344,2275965661
12626,30515644 -11356,6718713243 -13960,0531143909 -12344,5792831492
12626,30515644 -11466,3689599644 -13890,7889751086 -12275,4989029583
12626,30515644 -11514,1938932895 -13961,7325707311 -12236,087931256
12626,30515644 -11457,5741085644 -14201,654079332 -12209,5510488965
12626,30515644 -11327,8856718975 -14383,5718788833 -12305,4992244207
12626,30515644 -11338,8648159625 -14219,5564147611 -12352,9222737075
12626,30515644 -11499,1896708682 -14514,2731941659 -12294,5238416284
12626,30515644 -11425,6438608491 -14340,1159028267 -12240,0993864947
12626,30515644 -11322,915156672 -14394,3374849542 -12248,4596767912
12626,30515644 -11316,1441658442 -14047,9964586168 -12241,5634720541
12626,30515644 -11390,0314017074 -13723,8886705747 -12188,4860642285
12626,30515644 -11471,7694322508 -13953,2756157659 -12093,5460514009
12626,30515644 -11461,0192669996 -13430,1944538517 -11986,4826160353
12626,30515644 -11358,0824701569 -13620,0380181477 -11949,3950210949
12626,30515644 -11257,3398723808 -13196,9505748706 -11922,7751768733
12626,30515644 -11279,0157926006 -13402,8998814438 -11922,9779664225
12626,30515644 -11259,1728540261 -13116,5849950963 -11905,4700049649
12626,30515644 -11219,9260781052 -13149,3829526571 -11898,6317275925
12626,30515644 -11207,3484155761 -12995,0696131 -11939,1511065871
12626,30515644 -11218,5217470887 -13341,663898359 -11934,3260750402
12626,30515644 -11217,9784061858 -13213,4436970175 -11954,7562121788
12626,30515644 -11308,5555160085 -13336,5728481534 -12030,9219665638
12626,30515644 -11534,5953818531 -13193,1925543521 -12085,8995959479
12626,30515644 -11438,3330422991 -13245,5528242918 -12042,5675373104
12626,30515644 -11108,9869159393 -13337,0020841008 -11964,737084449
12626,30515644 -11244,08745228 -13323,3691172675 -11896,6725008198
12626,30515644 -11161,1070046735 -13571,7160051812 -11897,5875954442
12626,30515644 -11392,8608168732 -13427,8949111827 -11969,5924949739
12626,30515644 -11368,6828284144 -13691,0970723467 -12038,3202494189
12626,30515644 -11331,7664841932 -13549,4035476649 -12075,1093399988
12626,30515644 -11267,5565129721 -13684,6915087417 -12021,6937582628
12626,30515644 -11594,4412601765 -13513,7001167186 -12023,3539822157
12626,30515644 -11456,3330372032 -13136,8982968478 -11997,3783017199
12626,30515644 -11269,5538860014 -13374,220644321 -11974,7942184782
12626,30515644 -11108,0151153162 -13300,4802225247 -11943,5461120163
12626,30515644 -10967,5163136131 -13227,8794095933 -11999,4502214241
12626,30515644 -10992,3175755535 -13330,8096267145 -11962,7576071612
12626,30515644 -10803,6644293532 -13496,0271055377 -11862,4640791511
12626,30515644 -10721,1874032513 -13658,4523294088 -11837,7803374422
12626,30515644 -10731,1787610521 -13230,3222100187 -11788,8212110802
12626,30515644 -10737,3697596131 -13454,736622776 -11801,285003497
12626,30515644 -10643,3315004126 -12888,5536226557 -11763,2297667348
12626,30515644 -10677,5982306888 -13119,9761317158 -11733,891468731
12626,30515644 -10623,3191231464 -13322,5236599735 -11717,1569889356
12626,30515644 -10907,4571944693 -13177,4130633828 -11776,1247490744
12626,30515644 -10723,6034568734 -13334,0037929442 -11760,684464255
12626,30515644 -10876,1166219229 -13497,0924284324 -11751,3246218711
12626,30515644 -10807,101427027 -13258,0155528775 -11676,4549083209
12626,30515644 -10830,9730738941 -13272,4915544368 -11736,5065812068
12626,30515644 -10773,8245939013 -13509,5616373756 -11779,2573041442
12626,30515644 -10773,9762932717 -13268,6109582007 -11827,1427252706
12626,30515644 -10988,2757082833 -13722,1440379976 -11912,1814384806
12626,30515644 -11352,2015773408 -13289,4929625963 -11968,0491017866
12626,30515644 -11351,2878133428 -13316,5169199747 -11949,1074447197
12626,30515644 -11156,0481900708 -13442,9924617617 -11834,5533062103
12626,30515644 -11321,0822172923 -13320,7088141466 -11856,8610816364
12626,30515644 -11200,7840878933 -13278,3199818188 -11883,8671587711
12626,30515644 -11356,811275534 -13301,5357584033 -11896,1537598314
12626,30515644 -11307,1454373985 -13372,1627303473 -11947,442723945
12626,30515644 -11111,249575691 -13419,1711999863 -11887,587211283
12626,30515644 -11101,6202557316 -13228,6118721479 -11876,8047504581
12626,30515644 -11010,7672571799 -13310,1463508069 -11977,5259557206
12626,30515644 -11066,0417654826 -13301,569647141 -11932,8045683815
12626,30515644 -11178,1612082146 -13447,4438237754 -11980,4503453992
12626,30515644 -11297,4235938496 -13644,234299909 -12021,9651569224
12626,30515644 -11485,9210691554 -13584,2100952973 -12076,0500494054
12626,30515644 -11568,0947367968 -13511,5176386983 -12097,6435411417
12626,30515644 -11428,6007451291 -13825,0159479162 -12087,3641553563
12626,30515644 -11394,5680609265 -13501,6577188599 -12114,8944733598
12626,30515644 -11409,2389495543 -13540,6755572691 -12139,7126969224
12626,30515644 -11383,0799179271 -13573,1060998086 -12219,6525655769
12626,30515644 -11548,9835229613 -13720,1076630679 -12209,8323455545
12626,30515644 -11557,9361935999 -13415,9809478186 -12191,0689498568
12626,30515644 -11556,7652416098 -13445,4305016935 -12175,8129462541
12626,30515644 -11381,2455755251 -13617,785371796 -12145,4346542043
12626,30515644 -11386,2793433559 -13464,237352807 -12173,2883705324
12626,30515644 -11302,0621235197 -13533,063482742 -12203,503997077
12626,30515644 -11075,6679871219 -13544,6300745042 -12137,4115922765
12626,30515644 -10955,252041334 -13259,9038053744 -12070,5011298834
12626,30515644 -11088,714846256 -13286,2166707871 -12023,5112032642
12626,30515644 -11023,0943453112 -13111,6152012053 -11983,3088780768
12626,30515644 -10980,1272275539 -13676,8364689424 -11959,3583338539
12626,30515644 -10980,1272275539 -13371,8182404231 -11900,5019116403
12626,30515644 -10912,3703796143 -13482,8642695372 -11858,816938986
12626,30515644 -10761,6354430327 -13285,7922698363 -11880,0687556755
12626,30515644 -10685,3442838773 -13567,9343165612 -11873,9991432499
12626,30515644 -10768,1435360521 -13400,4605484952 -11884,3283238508
12626,30515644 -10787,2610003424 -13298,7465959082 -11913,801306044
12626,30515644 -10820,1690571096 -13187,2979412609 -11912,2675985131
12626,30515644 -10737,0147977169 -13172,3099454454 -11848,0159608894
12626,30515644 -10812,3157844681 -13227,1538674665 -11808,6087566463
12626,30515644 -10731,018213345 -13389,9886914856 -11755,1998409944
12626,30515644 -10754,036566413 -12994,2955588417 -11729,3104085574
12626,30515644 -10713,5732977572 -12715,977007119 -11709,8355058324
12626,30515644 -10727,7581961682 -13102,3561585484 -11783,5548115362
12626,30515644 -10903,3352417795 -13331,9430477019 -11892,3441770522
12626,30515644 -11063,8111421049 -13164,2308374991 -11939,2221805339
12626,30515644 -11130,7191891978 -13376,5961840893 -11885,220118936
12626,30515644 -11208,2593658674 -13127,3627564156 -12028,6852580309
12626,30515644 -11573,9502544458 -13679,4629692649 -12132,0353067938
12626,30515644 -11579,4463599873 -13513,4412714543 -12103,2810999593
12626,30515644 -11556,9489992264 -13491,2007634727 -12115,1916956855
12626,30515644 -11588,8993685325 -13603,4404669265 -12085,4905448284
12626,30515644 -11579,1365970716 -13416,2684262342 -12045,8910870274
12626,30515644 -11333,8471018285 -13430,1654306767 -11994,030193979
12626,30515644 -11058,9252320175 -13383,1102728291 -12043,851728018
12626,30515644 -11058,9252320175 -13380,3245208812 -12031,9660838678
12626,30515644 -11257,0251722772 -13480,4939190656 -12061,8118629088
12626,30515644 -11188,7205160452 -13574,0861157706 -12051,6808569979
12626,30515644 -11195,2675764614 -13487,5959918901 -12064,6810905296
12626,30515644 -11300,3267894281 -13420,1289919187 -12064,3244192673
12626,30515644 -11172,3180164783 -13231,6186063401 -12027,5100450942
12626,30515644 -11100,0677629011 -13661,4815937355 -11987,1097226133
12626,30515644 -11069,1811890141 -13469,2528332868 -11975,1175490834
12626,30515644 -11324,1317055605 -13374,9990022002 -12038,8741107654
12626,30515644 -11434,4515070398 -13171,0108640896 -12071,5205293705
12626,30515644 -11409,7640894105 -13542,2354944168 -12052,2001263163
12626,30515644 -11432,6132649113 -13261,2113478734 -12063,4558318543
12626,30515644 -11468,8038700797 -13466,7808740002 -12013,098416771
12626,30515644 -11020,971401981 -13600,3928845508 -11937,7735846382
12626,30515644 -10985,9539436523 -13662,3905178282 -11909,8992053858
12626,30515644 -10830,383079929 -13629,1625825051 -11884,8394117221
12626,30515644 -10822,4707218393 -13486,4573963861 -11938,9568624982
12626,30515644 -10828,006843338 -13213,7282612816 -11852,1518847135
12626,30515644 -10920,4411965468 -13364,8895370957 -11810,9114933207
12626,30515644 -11070,7665875225 -13267,4503549972 -11817,9581545729
12626,30515644 -11128,3654413158 -13543,6045081016 -11900,1098348088
12626,30515644 -11105,6715135013 -13607,5298803495 -11853,5848458332
12626,30515644 -11055,1941802444 -13817,1965510657 -11832,9756714511
12626,30515644 -10989,8483784748 -13270,4652338771 -11804,3506604118
12626,30515644 -10938,439273245 -13241,194392568 -11715,7603646205
12626,30515644 -10927,0478134566 -13133,0849016226 -11793,9633911763
12626,30515644 -10991,5061593927 -13052,2812626789 -11787,6180068433
12626,30515644 -11025,089652733 -13350,6447508252 -11748,7420234965
12626,30515644 -11003,1517597058 -13409,335753897 -11773,1153964008
12626,30515644 -11107,161711185 -13693,8838651146 -11769,4557515497
12626,30515644 -11293,7790170787 -13235,3112035567 -11820,4741188006
12626,30515644 -11265,4468326057 -13278,3007067933 -11816,7792172158
12626,30515644 -11024,8333122909 -13226,0003594644 -11823,9479848627
12626,30515644 -10989,6264787085 -13297,1078006546 -11752,5360558224
12626,30515644 -11007,8575629149 -13414,6240481621 -11776,5726364159
12626,30515644 -10994,2893469639 -13382,3959912706 -11793,3707858126
12626,30515644 -11311,124885422 -13521,0223363604 -11760,2496909296
12626,30515644 -11193,0508634587 -13114,4959478353 -11808,1074800726
12626,30515644 -11303,3221484698 -13314,1468109891 -11819,0496234911
12626,30515644 -11144,8704363909 -13516,3961476813 -11795,1212641865
12626,30515644 -11273,2708965074 -13356,7942794269 -11780,9950981913
12626,30515644 -11014,1267205532 -13155,0120651967 -11742,3248645744
12626,30515644 -11081,1729948584 -13402,9488800514 -11838,3921249378
12626,30515644 -11064,0997266459 -13284,3656833387 -11761,6141613147
12626,30515644 -11025,4883785609 -13587,3701010266 -11806,6321531589
12626,30515644 -10940,0716435308 -13270,0840198671 -11772,9792840335
12626,30515644 -10740,1058804269 -13295,8697448963 -11838,0526840487
12626,30515644 -10790,3139060563 -13410,9296919442 -11837,0545023482
12626,30515644 -10764,6761585448 -13524,0476595808 -11799,0124327164
12626,30515644 -10766,8150628028 -13723,4566745858 -11800,9849165827
12626,30515644 -10871,3882894628 -13477,2315244885 -11873,4967405558
12626,30515644 -10867,9938334595 -13290,656600092 -11833,0433279285
12626,30515644 -10860,4975605697 -13444,5096649689 -11772,7695709845
12626,30515644 -10918,8347910374 -13495,2706787075 -11815,4460598415
12626,30515644 -10895,9897677498 -13491,7558078741 -11881,5168033242
12626,30515644 -10838,148368179 -13428,8029520234 -11855,5836548601
12626,30515644 -10838,692608625 -13545,9424126908 -11834,1675886132
12626,30515644 -11051,5968327693 -13364,0584962024 -11871,1251360441
12626,30515644 -11109,6344696887 -13154,57585796 -11889,6025917849
12626,30515644 -11104,9467538061 -13690,1767277908 -11915,065423153
12626,30515644 -11104,9467538061 -13663,9109705229 -11984,3414994129
12626,30515644 -11107,7761041452 -14006,0062707946 -11973,9809631944
12626,30515644 -11216,2144341491 -13474,966873587 -12005,3563003693
12626,30515644 -11401,4718952261 -13637,3255240026 -12068,1951351848
12626,30515644 -11305,84659439 -13637,1334897109 -12091,7455118409
12626,30515644 -11205,7478977103 -13498,3466046867 -12094,6913561705
12626,30515644 -11301,5103829458 -13654,3054013715 -12155,631471395
12626,30515644 -11317,4956845594 -13864,5378172859 -12171,2787492172
12626,30515644 -11704,7645204448 -13492,9427771891 -12240,5085610429
12626,30515644 -11698,0140474243 -13680,7786206476 -12241,7040199185
12626,30515644 -11698,0140474243 -13606,8930386629 -12225,8650977896
12626,30515644 -11351,0344373931 -13372,6640406344 -12115,0040411522
12626,30515644 -11343,3262991922 -13548,2666429768 -12054,7460588914
12626,30515644 -11403,7770638297 -13364,1431564189 -12009,8677277889
12626,30515644 -11408,6146449717 -13695,1414945896 -12004,5266535892
12626,30515644 -11435,6012110694 -13263,2417027932 -12037,4784346219
12626,30515644 -11371,7198911287 -13277,3602315436 -11955,0319756449
12626,30515644 -11280,8985433839 -13330,3700555438 -11930,7718006148
12626,30515644 -10958,7558680151 -13268,8508705775 -11799,8129829018
12626,30515644 -10868,1681630122 -13118,771327364 -11834,5777652236
12626,30515644 -11109,8699472616 -13153,0110940205 -11874,8190067913
12626,30515644 -11089,335359573 -13196,3209619388 -11780,9538910713
12626,30515644 -11113,2914020229 -13230,1129699549 -11720,3055223464
12626,30515644 -11084,2325201263 -13416,3816154509 -11760,8373973209
12626,30515644 -10999,3755527566 -13618,9891425342 -11747,9431297347
12626,30515644 -11040,2490182842 -13911,6504575818 -11777,4129356556
12626,30515644 -10905,2062529725 -13931,408242438 -11736,5970085349
12626,30515644 -10995,2361251399 -13863,4012280104 -11746,6380074084
12626,30515644 -10983,5401858702 -13743,2331300894 -11718,6129205927
12626,30515644 -10910,2750098946 -13881,9887080043 -11767,2219153647
12626,30515644 -10909,6941038041 -13634,9133567934 -11794,9726614481
12626,30515644 -11062,6539370327 -13744,1929729483 -11736,5962004171
12626,30515644 -11057,5832057952 -14257,0059383963 -11712,8733650674
12626,30515644 -10811,9710107526 -13908,5202039189 -11740,7196001255
12626,30515644 -10807,2118964007 -13389,1205462465 -11715,6468131865
12626,30515644 -10881,7894640427 -13515,5395102724 -11842,2623940833
12626,30515644 -10833,2936487809 -13430,2280308156 -11835,749065998
12626,30515644 -10753,5986795624 -13756,6218547805 -11814,5769049975
12626,30515644 -10753,3534444294 -13348,8469383163 -11768,2437868383
12626,30515644 -10671,3389474822 -13370,9493504556 -11685,2467334621
12626,30515644 -10892,2875203048 -13495,0991309636 -11714,6170078006
12626,30515644 -10443,9406870187 -13470,2526352434 -11652,8836256125
12626,30515644 -10510,0810022046 -13607,0865566462 -11681,5454883905
12626,30515644 -10381,069724577 -13478,9133951748 -11654,0987732998
12626,30515644 -10638,6394317566 -13351,1188619427 -11743,5590672594
12626,30515644 -10523,7187998784 -13450,8757004189 -11811,469780828
12626,30515644 -10452,1004730392 -13562,8793210252 -11789,3194795597
12626,30515644 -10555,516238401 -13666,1811539098 -11830,8295768219
12626,30515644 -10689,5550116642 -13791,7872186381 -11821,2615874132
12626,30515644 -11019,1708673687 -14187,8600605484 -11715,2982204587
12626,30515644 -10792,0376191847 -13878,6270644708 -11754,1197128072
12626,30515644 -10534,1715483863 -13749,6915084317 -11786,1755613661
12626,30515644 -10632,8005045729 -13571,0877144704 -11855,6541506051
12626,30515644 -10498,5868931544 -13514,144161905 -11861,3463802365
12626,30515644 -10431,8903414949 -13751,577686414 -11851,2283457916
12626,30515644 -10565,2174954172 -13446,1634522772 -11922,8064414259
12626,30515644 -10713,6534806871 -13690,6183050751 -11965,1160083793
12626,30515644 -10606,0812254447 -13953,4924265222 -12008,0857862823
12626,30515644 -10694,1647623967 -14353,2819525617 -12004,629836521
12626,30515644 -10672,3225870926 -14610,2327937973 -11989,3741605617
12626,30515644 -10491,9137577994 -14480,38809286 -11977,7997523515
12626,30515644 -10717,4094423084 -14421,5875811251 -12054,8300690874
12626,30515644 -10704,3591269713 -14902,4028291003 -12057,7208818376
12626,30515644 -10636,6871262768 -14339,1952496381 -12094,7854887548
12626,30515644 -10829,3620161647 -14472,0778594198 -12069,0324201818
12626,30515644 -10813,0893665377 -14313,885863564 -12058,647048585
12626,30515644 -10890,7417671579 -13731,716052481 -12151,9209699507
12626,30515644 -10875,8829578589 -14383,2062640162 -12092,5058484416
12626,30515644 -11022,0190208066 -13978,3063803527 -12140,9346477112
12626,30515644 -10830,19819322 -13829,2335924809 -12138,1392491031
12626,30515644 -10829,6172871294 -13875,2107902902 -12134,9868886821
12626,30515644 -11006,7205391209 -13861,5457989109 -12189,7655728673
12626,30515644 -10781,5021903987 -13927,3407548221 -12151,6013772689
12626,30515644 -10771,3572518135 -14049,6496079786 -12230,8749259954
12626,30515644 -10847,2224426014 -14034,9150435868 -12174,8549067343
12626,30515644 -10882,7994233033 -13722,9214452155 -12205,0645572523
12626,30515644 -10546,8304321645 -13680,2948526741 -12186,1613066602
12626,30515644 -10787,8822326721 -13788,1227050573 -12207,253463318
12626,30515644 -10958,5569189334 -13533,5783293058 -12235,8168116434
12626,30515644 -10960,3351163183 -14056,6808643227 -12262,9338898248
12626,30515644 -10908,2198060631 -14441,9934696263 -12276,3539692027
12626,30515644 -10976,89816709 -13974,1415779457 -12178,0601162177
12626,30515644 -10964,3363247886 -14200,8124073719 -12232,7535141711
12626,30515644 -10820,9545657929 -13935,7978041843 -12201,2916263936
12626,30515644 -10761,2053429766 -14321,5490490792 -12181,5827603885
12626,30515644 -10911,492082556 -13890,9261637817 -12185,9893231915
12626,30515644 -10867,4430114135 -13894,3630975452 -12176,9072554558
12626,30515644 -11038,318250823 -13878,0279110803 -12155,4626678179
12626,30515644 -10978,6039043094 -13732,8972714734 -12105,3306601294
12626,30515644 -11112,5849475409 -13375,5691159644 -12113,9320482104
12626,30515644 -11211,0890333691 -13795,8112700991 -12105,5310980318
12626,30515644 -11295,1533523219 -13425,0836440077 -12119,490679905
12626,30515644 -11286,7437573401 -13667,6925034211 -12081,6771359366
12626,30515644 -11162,9298690583 -13664,8499203077 -11996,8096927038
12626,30515644 -11084,0848052242 -13576,6526417332 -12021,8763846546
12626,30515644 -11015,2162103549 -13575,7372109637 -12009,8037509502
12626,30515644 -11155,5254976747 -13253,8263964599 -12009,8139240601
12626,30515644 -11023,8181271671 -13355,1551482542 -12013,0196189545
12626,30515644 -10999,6445945551 -13294,5931229489 -12094,5197279313
12626,30515644 -11076,9102991676 -13532,5005978538 -12106,8902902765
12626,30515644 -11061,6548319184 -13379,8498794496 -12104,8087810689
12626,30515644 -11110,2867134401 -13377,8491504834 -12129,2553900809
12626,30515644 -11372,6401306389 -13488,4246501209 -12200,7391702088
12626,30515644 -11428,523187288 -13526,309318398 -12139,3982429791
12626,30515644 -11224,8348773612 -13543,2314327747 -12110,5044951706
12626,30515644 -11224,8348773612 -13796,1239550205 -12127,2314077697
12626,30515644 -11416,4907876697 -13640,3841149157 -12100,6258641509
12626,30515644 -11658,4494137935 -13617,7810197426 -12103,8301627042
12626,30515644 -11628,5822427243 -13518,9892296089 -12107,5953125715
12626,30515644 -11636,3824537291 -13616,5246587599 -12215,5052099217
12626,30515644 -11772,680089823 -13795,7130286683 -12256,7422412717
12626,30515644 -11724,0650105261 -13709,6238941495 -12268,6104594069
12626,30515644 -11710,5435222097 -13758,8443057421 -12304,9444277662
12626,30515644 -11565,6814709797 -14417,2165365339 -12213,1751243963
12626,30515644 -11557,9993105403 -13641,6176428052 -12188,6631364687
12626,30515644 -11503,7538241526 -13684,2986079512 -12180,552408172
12626,30515644 -11483,5925715612 -13519,5231033832 -12180,8845908158
12626,30515644 -11560,2848591768 -13697,0320475835 -12104,5154635821
12626,30515644 -11402,7695679497 -13580,7504117122 -12085,1673656691
12626,30515644 -11402,7695679497 -14068,1163795338 -12117,785403939
12626,30515644 -11464,5361641618 -13929,469047904 -12145,3644305671
12626,30515644 -11515,6080593788 -13792,202819659 -12164,3566822454
12626,30515644 -11593,0808726874 -14071,5173075019 -12146,0025370193
12626,30515644 -11693,8458159707 -14164,3448531791 -12142,2370213921
12626,30515644 -11681,8495828365 -14310,0121159906 -12156,175124778
12626,30515644 -11823,4858901487 -13989,4983197743 -12148,8451798196
12626,30515644 -11671,6510007099 -14155,2363351723 -12111,1123988496
12626,30515644 -11648,0032469743 -14136,4010161886 -12132,3569553423
12626,30515644 -11767,9726075921 -14229,7182099844 -12241,6112461382
12626,30515644 -11625,0713972371 -14368,9274315168 -12212,6713955569
12626,30515644 -11645,884150722 -14292,4829534793 -12205,625646223
12626,30515644 -11662,4124152643 -13813,7818171452 -12215,3673305951
12626,30515644 -11532,7815512141 -14087,8230214688 -12152,2768022244
12626,30515644 -11532,7815512141 -13587,0333766479 -12193,106092406
12626,30515644 -11506,3446451547 -13292,146258958 -12187,3652880478
12626,30515644 -11399,3168441584 -13253,0404069381 -11972,3753899951
12626,30515644 -11435,063832135 -13113,740686647 -12017,6696960595
12626,30515644 -11435,063832135 -13497,8821124282 -12006,4373696093
12626,30515644 -11403,9006911885 -13147,9444493834 -12034,389798118
12626,30515644 -11462,8467237075 -13376,9044859396 -11982,6461462973
12626,30515644 -11569,8745247038 -13061,9596225849 -11930,7125943588
12626,30515644 -11341,6808375651 -13079,3688927494 -11832,9814418889
12626,30515644 -11152,2373357937 -13259,1210704797 -11791,3815536387
12626,30515644 -10924,9965479754 -13022,6819210776 -11791,0240249689
12626,30515644 -11011,943164762 -13431,52147994 -11776,7901028619
12626,30515644 -11004,6410727536 -13659,0171871347 -11763,4798977985
12626,30515644 -10847,1702986408 -13338,8926082838 -11704,2769644115
12626,30515644 -10561,6406425239 -13315,875841232 -11662,7213905806
12626,30515644 -10522,0382107911 -13574,9698148466 -11673,9563398915
12626,30515644 -10522,0382107911 -13564,7322982453 -11710,165171626
12626,30515644 -11034,6890414382 -13471,0745212732 -11769,174575673
12626,30515644 -10968,1761263696 -13591,6252344971 -11840,2416858862
12626,30515644 -11136,8565866451 -13422,3689465276 -11821,514850523
12626,30515644 -11144,6567976498 -13088,4288823472 -11863,0881425638
12626,30515644 -11152,7712710042 -13518,1327210864 -11899,0738613355
12626,30515644 -11128,9553661566 -13699,4857991165 -11888,9226896935
12626,30515644 -11175,8895754781 -13337,4370847952 -11929,1473308305
12626,30515644 -11399,7237064104 -13356,3454702799 -11895,9369213692
12626,30515644 -11472,1572201039 -13024,1787846585 -11889,9423851737
12626,30515644 -11426,7270460634 -13258,1934985301 -11814,6648507885
12626,30515644 -11269,0743208038 -13153,2321076788 -11813,6611961324
12626,30515644 -11281,1075725366 -13249,3013104822 -11790,2695740787
12626,30515644 -11276,3962369022 -13520,3244035098 -11832,8479657507
12626,30515644 -11221,2774309439 -13370,1964732853 -11872,419561901
12626,30515644 -11442,1593978167 -13459,0109073834 -11933,4435976367
12626,30515644 -11371,6326065546 -13304,3655086717 -11897,337559223
12626,30515644 -11312,5799257422 -13275,7013595484 -11796,8136718
12626,30515644 -10881,3284022529 -12893,5974634612 -11770,9238922315
12626,30515644 -10887,7307571692 -13082,7099366724 -11776,5099178
12626,30515644 -10970,6941984857 -13273,6358322493 -11844,6917019935
12626,30515644 -10945,1706586068 -13201,7888141575 -11782,4936366445
12626,30515644 -11004,8912543867 -13108,9094433845 -11798,9594956352
12626,30515644 -11022,173300289 -13043,8644119128 -11799,3212647809
12626,30515644 -11176,6161435151 -13268,0545765354 -11834,9984331282
12626,30515644 -11442,852316243 -13238,3371311134 -11839,7407220899
12626,30515644 -11442,5560068955 -13183,7018974154 -11887,7770217328
12626,30515644 -11301,9970712386 -13115,6198703653 -11823,9069152261
12626,30515644 -11445,3040664969 -12793,7012993736 -11810,0928318353
12626,30515644 -11378,3956141407 -12981,6061648234 -11773,487274139
12626,30515644 -11357,5231195785 -12990,620073951 -11909,2826309507
12626,30515644 -11340,9644475935 -13269,7478190296 -11977,8857394869
12626,30515644 -11305,5259853718 -13451,3138464015 -12058,2023938556
12626,30515644 -11220,9720151466 -13607,3283610388 -12005,7301180216
12626,30515644 -11257,6426780432 -13371,706592868 -11944,2689398573
12626,30515644 -11179,1955804208 -13288,7317691964 -11983,8524586115
12626,30515644 -11384,0200580278 -13576,8349844603 -11997,348860507
12626,30515644 -11323,1065151537 -13252,4218723188 -11984,1165920871
12626,30515644 -11286,9903631204 -13320,5496450837 -11898,1380922544
12626,30515644 -11314,0941657722 -13207,4401521878 -11915,3312398302
12626,30515644 -11299,1549312071 -13305,14286009 -11953,0221326736
12626,30515644 -11211,5391077809 -13432,4297398411 -12037,6313575321
12626,30515644 -11173,2780153307 -13251,5360323844 -12001,2534224788
12626,30515644 -11084,914551173 -13314,2083387498 -11993,823440455
12626,30515644 -11047,2170809618 -13245,7595913816 -11937,8102914835
12626,30515644 -11184,1005912815 -13000,2112110246 -11949,664423928
12626,30515644 -11267,3546159532 -13075,1141727302 -11924,6017759927
12626,30515644 -11056,7676222385 -13271,7962887229 -11945,0428276322
12626,30515644 -11091,3409758135 -13189,2028196884 -11936,0523044915
12626,30515644 -11004,4203643258 -13072,0028380804 -11910,9788848248
12626,30515644 -11023,4794368288 -12976,0701444713 -11889,029980259
12626,30515644 -11051,9843598371 -13237,3849965976 -11897,1841293447
12626,30515644 -10976,0595543208 -13195,52030709 -11858,8821139865
12626,30515644 -10775,8406318024 -13186,2802097967 -11852,9224667464
12626,30515644 -11182,0618487977 -12799,8253128079 -11905,1795120091
12626,30515644 -11110,1755950308 -13279,0189171111 -11858,8699541975
12626,30515644 -11128,6698188494 -12904,4211459444 -11813,9118713891
12626,30515644 -11101,0166112507 -12869,6620200247 -11735,520638202
12626,30515644 -11320,3701080955 -12809,8913546711 -11789,9240788626
12626,30515644 -11195,0496555763 -13071,2431257249 -11878,7899733586
12626,30515644 -11011,5443541103 -13246,728622747 -11839,0968127858
12626,30515644 -11405,8445244865 -13233,7721655636 -11854,1464689907
12626,30515644 -11176,7329785695 -13163,2548284466 -11874,7222508378
12626,30515644 -11096,9432985075 -13524,824950623 -11859,1218955667
12626,30515644 -11161,4326362852 -13498,7667723585 -11909,1163168757
12626,30515644 -11176,3962946193 -13692,8028398512 -11849,2482431884
12626,30515644 -10947,9319915612 -13451,2561506307 -11832,6505571681
12626,30515644 -11150,8368714612 -13582,8052665421 -11819,3693605577
12626,30515644 -11138,049248449 -13585,2685604026 -11849,075067136
12626,30515644 -10996,4839990154 -13524,0757186219 -11807,3790965668
12626,30515644 -10998,9471009864 -13596,0735604034 -11868,3322747411
12626,30515644 -10851,00994059 -13773,0658011454 -11963,389206854
12626,30515644 -10852,0145475113 -13859,9371455507 -12000,1407584515
12626,30515644 -10539,0737118855 -13791,6285902846 -12004,7806427678
12626,30515644 -10643,33453281 -13524,6549415673 -12032,6932220492
12626,30515644 -10859,9367228974 -13480,474471481 -11996,0403236004
12626,30515644 -10847,2513332848 -13582,8628662784 -12024,286109324
12626,30515644 -10571,2532706024 -13807,5275267304 -12017,2907824562
12626,30515644 -10639,7481194276 -14033,4446896995 -12066,2194217883
12626,30515644 -10594,0939814665 -14215,4534752822 -12067,0552503954
12626,30515644 -10686,5861024945 -13871,5498134407 -12089,2461590978
12626,30515644 -10471,5979718961 -13949,5986383951 -11987,5118533361
12626,30515644 -10689,1875218581 -13711,6878760782 -12056,8069245071
12626,30515644 -10574,4397088753 -13515,765710225 -12056,083147161
12626,30515644 -10676,5874532499 -13874,0362206474 -12137,654073444
12626,30515644 -10664,4735746184 -13299,2846021489 -12149,2199916493
12626,30515644 -10579,0032295061 -14020,1729358718 -12279,0201487079
12626,30515644 -10486,8105468886 -13870,2957333418 -12185,1196194961
12626,30515644 -10828,2364076053 -14430,0349948577 -12256,7004868453
12626,30515644 -10866,6441805389 -13936,2733254965 -12325,0746344638
12626,30515644 -10926,3740343152 -13907,5910356103 -12125,2029712167
12626,30515644 -10880,7210347904 -14004,2412777364 -12158,039801499
12626,30515644 -10965,3955804469 -14019,4893094477 -12175,0334086457
12626,30515644 -10910,1247901266 -14499,9053093605 -12172,5372388291
12626,30515644 -11124,3633772016 -14422,2207751767 -12208,2604169402
12626,30515644 -11273,4818479852 -14225,4846529445 -12198,9527976652
12626,30515644 -11319,1377108295 -14174,3351754971 -12211,8717372013
12626,30515644 -11293,3815876063 -14306,8121297973 -12161,7698561671
12626,30515644 -11213,0453701922 -13943,56432535 -12127,4477253441
12626,30515644 -11221,4190820774 -13963,0538344136 -12073,5991191628
12626,30515644 -11099,2882165099 -13714,5228908265 -12091,3882473794
12626,30515644 -11116,4572319914 -13978,830610036 -12020,3855890869
12626,30515644 -11053,2077603509 -14172,2658345167 -11982,5083156178
12626,30515644 -11047,6253458006 -13841,1930872494 -11978,199041911
12626,30515644 -11219,4279224029 -13621,2114588354 -12038,1075735133
12626,30515644 -11176,7473598803 -14107,0945550082 -12041,3976010899
12626,30515644 -11046,9786306807 -14100,3948177006 -11919,0420578323
12626,30515644 -11049,9665255702 -13871,2405074973 -11891,9897930249
12626,30515644 -10898,0268598074 -13974,7090211023 -11928,2171950836
12626,30515644 -10870,5343781754 -14101,6631569424 -11969,9309249035
12626,30515644 -10842,7550552796 -13768,0103430277 -11838,8979687928
12626,30515644 -11308,2744299679 -13531,8101590151 -11998,7888805846
12626,30515644 -11356,9443848448 -13843,3800030937 -12009,3621591015
12626,30515644 -11279,5566960177 -13286,824552146 -12066,4092155442
12626,30515644 -11252,9722451301 -13553,5746496012 -12167,169670667
12626,30515644 -11228,1039743726 -13336,3427739414 -12146,2937740566
12626,30515644 -11658,7104196134 -13388,9808686542 -12142,4132159774
12626,30515644 -11437,5323448531 -13317,5078869324 -12036,9780925394
12626,30515644 -11668,598248806 -13236,4262633518 -12119,5479074916
12626,30515644 -11138,9724661847 -13166,1351275162 -12112,3922085398
12626,30515644 -11220,9327329207 -13256,2993963651 -12033,0100945143
12626,30515644 -11243,160952576 -13180,2514523317 -12001,7031426457
12626,30515644 -11352,7411490562 -13294,3831152556 -11929,6866729734
12626,30515644 -11308,3979075876 -13237,9781880445 -11878,6356089351
12626,30515644 -11294,1707331473 -13134,996539231 -11817,168155309
12626,30515644 -11246,2951273318 -13347,984360347 -11831,0152668252
12626,30515644 -11245,6132967722 -13148,4712681085 -11840,330141065
12626,30515644 -10951,1508266189 -13197,5773251974 -11826,2685704255
12626,30515644 -10955,2616948569 -13431,2770996277 -11777,7332572766
12626,30515644 -11144,9187582457 -13172,1470406368 -11823,8018235678
12626,30515644 -11253,5671241923 -13447,3758830423 -11789,1824290365
12626,30515644 -11231,0616822511 -13249,4620501056 -11769,7958141023
12626,30515644 -11111,1220575277 -13353,3874531915 -11739,7239095662
12626,30515644 -11153,2186736336 -13451,6917367541 -11750,4935069121
12626,30515644 -11041,0448642754 -13205,7758965972 -11747,9564071699
12626,30515644 -10981,677924324 -13499,1627370878 -11726,3136122332
12626,30515644 -11144,782076559 -13174,1985214135 -11737,0604861666
12626,30515644 -10993,3994397577 -13433,8349027569 -11683,3915212584
12626,30515644 -11043,7890167154 -13492,1186555943 -11716,7770494487
12626,30515644 -11102,3974788653 -13178,3672860602 -11774,5589366394
12626,30515644 -11004,284572569 -13072,0990563693 -11711,6926680648
12626,30515644 -11081,9369731892 -13001,0195315151 -11719,4656499609
12626,30515644 -10904,4584916813 -13203,5315293406 -11661,7382215513
12626,30515644 -10877,987367144 -13051,5841628919 -11676,7043205376
12626,30515644 -10854,447471525 -13048,9678166795 -11697,9616239138
12626,30515644 -11079,6312539466 -13171,0989569795 -11749,1395900285
12626,30515644 -11033,1029514815 -13525,3565342638 -11829,3334533586
12626,30515644 -10951,0038391367 -13292,8473966433 -11787,6114839233
12626,30515644 -10883,2231916718 -13576,8309485189 -11755,7460844971
12626,30515644 -10932,4830026109 -13199,6505026745 -11783,4241029623
12626,30515644 -10904,8751096541 -13041,9872306264 -11785,5360600074
12626,30515644 -10522,761860145 -13320,247012556 -11783,6729282113
12626,30515644 -10441,3818114009 -13131,4430501597 -11730,0916449578
12626,30515644 -10385,9638348773 -13173,3591181746 -11820,8368594312
12626,30515644 -10364,4668686848 -13464,7810177265 -11751,2667683818
12626,30515644 -10286,8144680645 -13091,7138018852 -11764,6624256723
12626,30515644 -10386,3277364567 -13104,5664100597 -11793,6919626445
12626,30515644 -10386,3277364567 -13566,7062685548 -11821,3355075787
12626,30515644 -10712,5377321556 -13553,3111325787 -11853,9546521596
12626,30515644 -10596,8341742693 -13513,6224475979 -11921,0916103107
12626,30515644 -10710,2054086763 -13561,4484154233 -11900,7534250234
12626,30515644 -10661,5399702582 -13596,2142205191 -11826,9834828481
12626,30515644 -10618,8786004829 -13480,8771664828 -11809,8331253409
12626,30515644 -10619,9473080694 -13354,2725160528 -11824,0109238168
12626,30515644 -10632,9331079165 -13648,5737863809 -11776,1642817807
12626,30515644 -10741,7619620442 -13487,8478557866 -11742,8734974162
12626,30515644 -10888,403336885 -13256,6176752189 -11731,5602541308
12626,30515644 -10884,7142445542 -13700,0395734988 -11773,5319435391
12626,30515644 -11102,9025804017 -13445,0196485404 -11767,8336447922
12626,30515644 -10984,9446693194 -13611,4985131339 -11744,110393328
12626,30515644 -11128,4603180937 -13599,0404987029 -11846,3521939104
12626,30515644 -11267,7519859029 -13471,8274107976 -11891,8195969508
12626,30515644 -11213,5852834353 -13321,7701824513 -11949,1934860662
12626,30515644 -11329,8889293063 -13525,4663432907 -11965,1894471521
12626,30515644 -11200,7522215741 -13661,1681704963 -12060,4970757794
12626,30515644 -11182,3308199303 -13341,0543048781 -12006,181710533
12626,30515644 -11329,408345623 -13256,15607885 -11911,1920380009
12626,30515644 -11335,8403920501 -13168,3579613827 -11955,878889579
12626,30515644 -11228,0413131881 -13492,3469708216 -11948,740688928
12626,30515644 -11207,2870013575 -13232,4668027321 -11962,436119848
12626,30515644 -11118,4874463433 -13835,3129570739 -11943,1481161554
12626,30515644 -11140,7972267297 -13625,1670195923 -11887,2566102512
12626,30515644 -11404,2335875454 -13275,8973966799 -11878,8168341406
12626,30515644 -11304,3897943412 -13191,0642742668 -11899,9334152842
12626,30515644 -11487,2188397127 -13412,6694007121 -11936,6664130232
12626,30515644 -11469,9482661609 -13496,7152820702 -12010,7134881714
12626,30515644 -11475,8661534564 -13482,8395422912 -11954,4880221854
12626,30515644 -11372,5347565421 -13373,5149855678 -11914,9927505833
12626,30515644 -11520,2281870938 -13846,2600737466 -11960,5961748171
12626,30515644 -11398,0310534879 -13452,6487769264 -11915,8346959446
12626,30515644 -11369,9193026169 -13494,2397368387 -11886,9418459057
12626,30515644 -11450,4585503048 -13215,7920589555 -11835,6778866749
12626,30515644 -11278,6748384169 -13434,7716208367 -11778,9765682472
12626,30515644 -11328,4021556676 -13031,393869991 -11795,3939260791
12626,30515644 -11376,2035208465 -13086,9230809214 -11809,3680258539
12626,30515644 -11220,2920486814 -13424,5672509255 -11746,1898089982
12626,30515644 -11299,059645579 -13110,5883644975 -11756,9444816708
12626,30515644 -11513,3233221937 -13143,9310874844 -11809,8738248917
12626,30515644 -11200,8699577803 -13189,5579583539 -11745,9587479619
12626,30515644 -11223,8636172008 -12903,0782623661 -11752,5652605274
12626,30515644 -11102,4844384469 -12989,7434603339 -11770,3431543682
12626,30515644 -10973,3291295971 -13692,5638976852 -11788,7581863534
12626,30515644 -10841,4595949422 -12933,8349075339 -11771,8723437899
12626,30515644 -10877,3766713262 -13014,3821171157 -11746,8895874581
12626,30515644 -10905,1764008239 -12911,5654253341 -11761,6981192837
12626,30515644 -10895,9655860989 -12759,0317236594 -11727,3310676267
12626,30515644 -10915,9299658832 -13005,5815728092 -11751,820503785
12626,30515644 -10915,9299658832 -13245,3069665238 -11705,9511836101
12626,30515644 -10721,220544505 -12961,9451900946 -11687,5272938684
12626,30515644 -10702,1617772773 -13172,1914278308 -11598,3555993074
12626,30515644 -10962,7000485865 -13099,4882402946 -11734,3074553177
12626,30515644 -10940,713891295 -13311,6810800381 -11761,4618451341
12626,30515644 -11134,6234545061 -13231,2575145566 -11730,8817240598
12626,30515644 -11134,6234545061 -13112,805191245 -11729,7528161229
12626,30515644 -10942,4595632585 -12752,2570251544 -11635,7834642127
12626,30515644 -11065,0298706609 -12920,3416490578 -11666,7791318902
12626,30515644 -11111,5696717274 -12958,8285902916 -11664,6249561075
12626,30515644 -11295,4059005504 -13167,5024325878 -11803,5052124839
12626,30515644 -11295,4059005504 -13265,7258553917 -11911,5986948671
12626,30515644 -11240,6127770492 -13613,339650112 -11903,3309716958
12626,30515644 -11233,6700100608 -13525,1975411597 -11910,7889581228
12626,30515644 -11142,6525646509 -13905,3093354747 -11981,8375505217
12626,30515644 -11199,7749164633 -13903,2024724987 -12006,4468294149
12626,30515644 -11041,7300212532 -13896,0427387525 -11940,1428129313
12626,30515644 -11056,6692558184 -13881,5726591621 -11911,0150801825
12626,30515644 -11086,6290816621 -13649,7419696337 -11914,7361941734
12626,30515644 -11216,9352892527 -13802,2066127181 -11981,788544538
12626,30515644 -11233,2279943361 -13814,3665374002 -11983,8513547933
12626,30515644 -11428,5020885589 -13361,7412580311 -12068,1775616371
12626,30515644 -11357,8626774583 -13825,1253816327 -12011,8077591417
12626,30515644 -11274,4563382002 -13891,6434771611 -12071,1718084445
12626,30515644 -11276,4133442592 -13978,000268322 -12089,4356401104
12626,30515644 -11213,3341209837 -13880,6969081783 -11997,072082708
12626,30515644 -11240,7119209488 -14072,8432891781 -12042,600848542
12626,30515644 -11155,2204788732 -13766,7864433715 -12000,396494587
12626,30515644 -11492,9208748836 -13488,4844979988 -12106,8008861506
12626,30515644 -11465,7857647861 -13562,7513833106 -12090,5474354175
12626,30515644 -11478,8373364172 -13707,9109610057 -12064,1508841425
12626,30515644 -11605,4573688535 -13271,7347270571 -12101,9050911302
12626,30515644 -11564,1111667037 -13499,3851731038 -12078,0807690142
12626,30515644 -11625,5137195336 -13403,1177656269 -12074,6206756097
12626,30515644 -11370,5886362784 -13535,0388285752 -12080,3689838477
12626,30515644 -11373,7178769896 -13916,2266757328 -12085,136811466
12626,30515644 -11369,6384128488 -13373,0922655412 -12072,1549554357
12626,30515644 -11383,0020344012 -13438,8675285842 -12109,8068031787
12626,30515644 -11109,217363073 -13848,5435868863 -12065,0971908954
12626,30515644 -11273,6857602223 -13728,9239887835 -12075,4817273119
12626,30515644 -11321,8104944508 -13474,5388921749 -12092,3331149318
12626,30515644 -11431,7493064859 -13291,6738812968 -12074,2534990016
12626,30515644 -11433,3381684916 -13390,2466279398 -12027,2835226452
12626,30515644 -11394,8640011096 -13344,715996735 -11984,6933045986
12626,30515644 -11375,4291503381 -12975,644809505 -11947,5378181671
12626,30515644 -11281,1553298795 -12981,2444704177 -11919,9631584132
12626,30515644 -11300,5152942061 -13246,2869588895 -12003,8702262465
12626,30515644 -11333,6544000276 -13405,2375264989 -11944,3596665857
12626,30515644 -11364,9825482748 -13225,8914891617 -11979,5835421179
12626,30515644 -11361,2326654216 -13361,2433014746 -11995,9473433848
12626,30515644 -11306,7073751152 -13374,1493786705 -11944,5442801349
12626,30515644 -11337,0735137613 -13060,7008942812 -11959,5937419718
12626,30515644 -11376,9772312471 -13434,6938699982 -12011,3231816007
12626,30515644 -11401,4813294384 -13304,6415858043 -12035,0274600443
12626,30515644 -11271,6263516767 -13407,5372899159 -11984,9575609099
12626,30515644 -11237,471005235 -13373,6986069781 -11906,2960581398
12626,30515644 -11259,2794648436 -13073,2667732719 -11904,90076631
12626,30515644 -11268,2108370878 -13011,5449811409 -11971,7156103138
12626,30515644 -11127,0766854867 -13135,3919747051 -11937,6796666119
12626,30515644 -11263,4694891607 -13014,052242209 -12002,756710243
12626,30515644 -11241,1384090794 -13365,4074427615 -11968,4894987926
12626,30515644 -11273,6965158639 -13422,6643671105 -11912,2286991852
12626,30515644 -11239,7751271748 -13333,6111296494 -11921,8804423674
12626,30515644 -11057,5972480826 -13790,5116665971 -11926,105659618
12626,30515644 -11138,8691771676 -13649,5341686789 -11914,5559889211
12626,30515644 -10963,3281691985 -14056,5766419053 -11849,3869649439
12626,30515644 -10931,5256704407 -13617,2693335672 -11856,1875487004
12626,30515644 -11056,4254309305 -13879,4216200976 -11862,6617035118
12626,30515644 -10872,2717744297 -13696,5086780392 -11819,1328808642
12626,30515644 -10912,1250129202 -13814,892669898 -11787,530685361
12626,30515644 -10912,1250129202 -13739,5786385163 -11782,4541560946
12626,30515644 -10836,2786899801 -13486,1719396465 -11803,2941030052
12626,30515644 -10836,2786899801 -13989,0074947733 -11830,4313257738
12626,30515644 -11147,6003756162 -13545,6903419757 -11920,2375931444
12626,30515644 -11017,8059886336 -13640,8968674833 -11901,4542466205
12626,30515644 -10768,030762516 -13548,8539162 -11831,5551067791
12626,30515644 -10450,5485963551 -13131,1802801898 -11735,5900870543
12626,30515644 -10789,4861696709 -13136,6097515561 -11704,7374957247
12626,30515644 -10723,4177474467 -13124,8239469442 -11780,5026105362
12626,30515644 -10934,7677414946 -13242,187033194 -11767,0334683139
12626,30515644 -10971,1432857113 -13503,0198316392 -11783,2015769605
12626,30515644 -10860,9964996114 -13117,3688680071 -11683,1719076477
12626,30515644 -10888,4889812434 -13160,8263601197 -11611,7032379387
407,366316251864
