-26579,9713980195 -26579,9713980195 -31998,5392732528 -27893,288943692
-25104,882430131 -25104,882430131 -30411,9958152265 -26733,0312210199
-24779,1958968343 -24779,1958968343 -28945,3041466952 -25943,7070279993
-23909,3683212088 -23909,3683212088 -28565,8762655889 -25426,6839538286
-23110,2125968324 -23110,2125968324 -28346,1225009723 -24773,62439176
-23110,2125968324 -23110,3500640766 -29801,2177197299 -24356,2341220247
-22736,3493297599 -22736,3493297599 -27199,7225678401 -24243,8996628792
-22651,5077978993 -22651,5077978993 -26560,530741194 -24022,3644322055
-22338,8086891522 -22338,8086891522 -27625,3314575994 -23506,2795017582
-21164,3600963038 -21164,3600963038 -26578,9555196538 -23060,3471797894
-21127,1770300024 -21127,1770300024 -26857,1651234228 -22627,7001314769
-20462,5162763304 -20462,5162763304 -26380,3065206507 -22211,9437470605
-20009,7753380946 -20009,7753380946 -25220,8905107565 -21775,3488743942
-19597,3969105672 -19597,3969105672 -25932,1799848328 -21420,0693115354
-19193,2912350198 -19193,2912350198 -24123,0570297468 -21166,5486602201
-18843,4574423491 -18843,4574423491 -24195,3523854938 -20792,604804036
-18843,4574423491 -18854,0119518493 -24574,4940687774 -20661,4854306106
-18179,4443834748 -18179,4443834748 -23558,992911175 -20347,0088861348
-18052,7774080948 -18052,7774080948 -25890,6627041912 -20176,7475302099
-18005,4377996284 -18005,4377996284 -24327,5407434779 -20044,1450610935
-17877,4310977552 -17877,4310977552 -24282,3510279744 -19938,1818628505
-17717,375052287 -17717,375052287 -24267,3466947502 -19899,4452881941
-17169,1655907564 -17169,1655907564 -23938,7488964648 -19705,1871151616
-16321,1108174315 -16321,1108174315 -24085,6008333341 -19470,940351141
-16321,1108174315 -16383,2272810486 -23087,4994441655 -19272,3945621521
-16288,433765657 -16288,433765657 -23826,6469049786 -19085,4078000589
-16132,6984095862 -16132,6984095862 -22903,5894246916 -18806,0901960742
-16132,6984095862 -16268,842368024 -23512,2689512862 -18696,634479377
-16132,6984095862 -16286,3834103106 -23673,1456807489 -18681,3182431299
-16132,6984095862 -16306,6953316945 -22773,9911875195 -18579,899030128
-16131,5796167167 -16131,5796167167 -22673,6648013466 -18459,0974543615
-16131,5796167167 -16247,5759268175 -22448,3087479544 -18414,9505409082
-16131,5796167167 -16218,9312827902 -22337,6635078979 -18381,8709174271
-16131,5796167167 -16218,9312827902 -23075,7214602535 -18296,6155350567
-16131,5796167167 -16155,575723574 -22205,7376789407 -18226,6548457607
-16027,7821808678 -16027,7821808678 -22157,3415660979 -18125,1328839769
-16027,7821808678 -16340,7200901196 -22132,1704071952 -17998,0624328076
-16027,7821808678 -16639,3901217406 -22015,4465664952 -17909,3676743958
-16027,7821808678 -16780,6760603259 -21799,6289993986 -17784,3088976166
-16027,7821808678 -16875,0236914573 -22211,3544349029 -17822,087294844
-16027,7821808678 -17015,1845295372 -21895,4183920927 -17909,7895973919
-16027,7821808678 -17030,662172204 -22552,7674664361 -17790,9239728571
-16027,7821808678 -16887,4766477303 -22639,6749298908 -17702,4444411256
-16027,7821808678 -16131,6171876764 -21995,6728937552 -17524,2895757788
-16027,7821808678 -16321,5475796378 -22495,4174103788 -17445,5615035321
-16027,7821808678 -16261,1914203692 -20761,2891703462 -17324,2015380047
-16027,7821808678 -16283,5640298958 -20989,5667329237 -17306,6308495734
-16027,7821808678 -16178,5578691001 -21326,3346188618 -17061,4394829214
-16027,7821808678 -16224,4698969707 -21678,8564866519 -17049,5504779619
-15936,9654034506 -15936,9654034506 -21294,6677861494 -17036,7222931754
-15766,0094181975 -15766,0094181975 -20557,4963065522 -16958,3088981131
-15672,5432926327 -15672,5432926327 -22773,9677453828 -16902,9223637917
-15473,0039849436 -15473,0039849436 -22656,6930417762 -16772,4959502134
-15473,0039849436 -15886,0668759502 -22246,254464887 -16699,46985524
-15428,1961759476 -15428,1961759476 -20456,1473042295 -16685,1897746626
-15233,2466580512 -15233,2466580512 -22003,211046592 -16656,8747982924
-15233,2466580512 -15583,0695361594 -20551,9059022337 -16812,5713267363
-15123,9522874094 -15123,9522874094 -20823,9928221636 -16603,3116184294
-15027,0170204595 -15027,0170204595 -21244,4853077255 -16562,1069183131
-15027,0170204595 -15081,2871168796 -22135,0744252499 -16642,9772802576
-14965,0614182856 -14965,0614182856 -21342,3679478203 -16683,4848974266
-14965,0614182856 -15247,0541444715 -22371,8655983054 -16608,601454953
-14965,0614182856 -15222,4005562165 -20941,4004323509 -16585,3203989773
-14852,7270721349 -14852,7270721349 -21061,7968220975 -16451,4215366359
-14852,7270721349 -14864,0341390847 -20745,8817859953 -16370,0029538539
-14680,3105018202 -14680,3105018202 -21559,2949412143 -16274,5189238044
-14680,3105018202 -14756,1180297443 -20238,4262516268 -16209,6294141337
-14680,3105018202 -14833,5458647303 -19877,52744582 -16217,4352543002
-14680,3105018202 -14841,3977804815 -21311,8781847258 -16284,465671429
-14680,3105018202 -14760,8458175418 -20118,1498860699 -16271,5450364104
-14680,3105018202 -15111,0828156884 -20342,9717922939 -16302,0009466727
-14680,3105018202 -15236,2373325258 -20864,2796883495 -16259,0985225594
-14680,3105018202 -15156,0274685634 -20669,5779898307 -16213,6653721282
-14680,3105018202 -15169,7236662446 -20706,5478483024 -16167,1032887086
-14680,3105018202 -14973,5822130338 -21122,9519972663 -16068,501222387
-14680,3105018202 -15270,9630757807 -21413,6126989387 -16141,0159226352
-14680,3105018202 -15044,233551549 -21112,8851213552 -16062,7926317168
-14680,3105018202 -15110,0023171428 -21588,9367881968 -15971,8875208629
-14680,3105018202 -15240,6556196183 -19334,8111473214 -16050,6473393135
-14680,3105018202 -15174,6557139931 -22251,6911185222 -15912,8873304333
-14680,3105018202 -15160,9789783524 -20627,3220183244 -15930,065857911
-14680,3105018202 -15057,7931280259 -21715,2703850607 -15906,3912456826
-14680,3105018202 -14798,7753596636 -19303,5128766556 -15863,2846009158
-14680,3105018202 -15161,4965227739 -22137,8407220561 -15935,9274708503
-14680,3105018202 -14974,3230802822 -21049,3578607178 -15921,2921485489
-14680,3105018202 -14738,542614828 -20003,503120039 -15872,7914320968
-14680,3105018202 -14748,9703491821 -20048,4937728109 -15954,7945992211
-14294,4072195258 -14294,4072195258 -20093,4799687902 -15856,2792958668
-14294,4072195258 -14393,0138746593 -20146,1228585457 -15829,4682265484
-14289,8227775236 -14289,8227775236 -21257,3357479924 -15847,5589327687
-14281,1071101651 -14281,1071101651 -21054,5960288965 -15814,479382202
-14281,1071101651 -14348,2365688547 -20478,1008307735 -15607,2878311622
-14281,1071101651 -14602,9480890155 -20704,353105584 -15703,8054556907
-14281,1071101651 -14576,8384498963 -20485,1025353549 -15634,1936379945
-14281,1071101651 -14710,2454463989 -21092,1282778176 -15631,616833298
-14281,1071101651 -14655,7979712214 -21360,8214889193 -15615,7198446287
-14281,1071101651 -14599,0566704053 -20003,1407532529 -15570,4528482823
-14281,1071101651 -14422,5791693965 -20765,3858503698 -15563,5363175591
-14281,1071101651 -14571,7236123256 -20067,9015902982 -15566,488829933
-14281,1071101651 -14716,5439152322 -20425,1063867257 -15656,3298549967
-14281,1071101651 -14622,0346007632 -20450,6915176446 -15619,7171235955
-14281,1071101651 -14636,8123817675 -19206,3826261843 -15626,0248734951
-14281,1071101651 -14591,1379441175 -19951,4231589088 -15694,5317413994
-14121,1420249281 -14121,1420249281 -19704,1729740544 -15584,8053980227
-14116,3561051806 -14116,3561051806 -20446,0633786636 -15476,1615650023
-14116,3561051806 -14165,5605271014 -20634,5533872685 -15429,8178137744
-13522,7359026908 -13522,7359026908 -19354,8380549289 -15403,3503693059
-13522,7359026908 -13774,3763231776 -20787,3341482669 -15318,5800780151
-13522,7359026908 -14226,0307834659 -19232,4077741465 -15436,4850148352
-13522,7359026908 -14444,5591467229 -20044,3375153582 -15465,3375055124
-13522,7359026908 -14530,9279431134 -20237,8934539377 -15370,5154839775
-13522,7359026908 -14475,9883575888 -20389,5243051482 -15365,5650789111
-13522,7359026908 -14511,7468337473 -19513,4852732773 -15244,0694080728
-13522,7359026908 -14408,4686874256 -19514,0394300535 -15254,2712145455
-13522,7359026908 -14322,5577662027 -20679,2493897131 -15398,8190531841
-13522,7359026908 -14259,9797908601 -21328,7670567264 -15281,6243936239
-13522,7359026908 -14152,7133550029 -19785,9268062891 -15247,5255016719
-13522,7359026908 -14102,9750829135 -21026,4922560867 -15339,1255315491
-13522,7359026908 -14201,065541796 -20277,3938575598 -15392,2936414039
-13522,7359026908 -14222,9120363483 -20012,8213348305 -15406,1195977652
-13522,7359026908 -14028,6851316119 -20748,2667287045 -15380,349490409
-13522,7359026908 -13998,1498556143 -19586,9378698627 -15423,4341579235
-13522,7359026908 -14278,1860273721 -19623,8163339977 -15436,7909156966
-13522,7359026908 -14255,7563033347 -19579,5555424873 -15339,2127407131
-13522,7359026908 -14493,3314511286 -19212,6501272148 -15304,5010380809
-13522,7359026908 -14279,9016591988 -21340,2213563942 -15256,615592779
-13522,7359026908 -13947,286204161 -20413,4727677955 -15331,9559221708
-13522,7359026908 -13847,9876434952 -19197,5329438066 -15294,3222300006
-13522,7359026908 -13911,8474654826 -20269,1800593065 -15242,2665565714
-13522,7359026908 -14097,998064831 -19141,80778312 -15262,4551591753
-13522,7359026908 -14301,2150839433 -19305,3167358046 -15266,1385411446
-13522,7359026908 -14797,0328487987 -20116,2955667239 -15339,2288373253
-13522,7359026908 -14515,5648028581 -19680,3438070573 -15383,7898116499
-13522,7359026908 -14610,5550037741 -20250,2419407038 -15385,1513683043
-13522,7359026908 -14951,27172521 -19351,4424483847 -15369,482784388
-13522,7359026908 -14986,842881901 -19249,4234121799 -15473,8765170276
-13522,7359026908 -15058,2822506447 -19537,3167071316 -15461,9778456651
-13522,7359026908 -15110,5997980594 -20109,7266694567 -15562,1582426649
-13522,7359026908 -15072,4188705462 -19658,1983600787 -15630,2101116712
-13522,7359026908 -14779,310251818 -19916,8903850919 -15536,2954042695
-13522,7359026908 -14626,817860389 -20315,6555145546 -15533,5953600597
-13522,7359026908 -14887,8779529581 -20182,889863307 -15592,3346472434
-13522,7359026908 -14742,1416812812 -20216,8948205954 -15622,4194568776
-13522,7359026908 -15000,227832917 -19339,7218023249 -15633,7345605777
-13522,7359026908 -15158,1107205226 -19801,3015500005 -15787,3327900238
-13522,7359026908 -15104,9337262481 -19071,6254509053 -15810,1581308536
-13522,7359026908 -15147,8647773677 -20384,4521423286 -15805,1256865373
-13522,7359026908 -15033,9548082343 -20706,8645248557 -15869,2319977857
-13522,7359026908 -14684,5631860996 -19894,5731545059 -15661,4323366953
-13522,7359026908 -14782,8558134976 -19948,5211851765 -15682,6448381558
-13522,7359026908 -14754,1540558756 -20155,1948614033 -15648,6487149469
-13522,7359026908 -14691,2951898723 -20239,8016710297 -15771,8263746864
-13522,7359026908 -14592,256295774 -20088,65431543 -15759,8175128052
-13522,7359026908 -14503,5087900928 -20416,7581335091 -15702,3767470149
-13522,7359026908 -14533,7294506285 -19661,1420504416 -15745,5471001981
-13522,7359026908 -14092,068377082 -21629,528226811 -15731,1188423513
-13522,7359026908 -14302,2969663818 -19994,3536339149 -15736,360932199
-13522,7359026908 -14363,459502108 -20457,2145148154 -15791,3957054663
-13522,7359026908 -14623,841377221 -20300,0026631723 -15799,201411733
-13522,7359026908 -14581,3781955442 -20425,2000761251 -15706,1049143142
-13522,7359026908 -14447,64482468 -20589,7223043 -15725,1866651419
-13522,7359026908 -14220,8544476023 -19710,5229970056 -15642,8081494813
-13522,7359026908 -13651,563087899 -20492,9509016827 -15577,8595537888
-13522,7359026908 -13674,4425782818 -20420,3076005311 -15590,0534819149
-13522,7359026908 -13605,3937642343 -19985,8753939258 -15527,4369970695
-13522,7359026908 -14354,7202342219 -19687,3652813695 -15684,7176801811
-13522,7359026908 -14456,0549716457 -21136,6639930388 -15627,8364109924
-13522,7359026908 -14357,2470947675 -20085,2942071633 -15601,466631618
-13522,7359026908 -14282,5660842193 -19366,3051555993 -15489,4392720658
-13522,7359026908 -14197,7501353951 -19373,8899380652 -15404,1275393506
-13522,7359026908 -14197,7501353951 -20422,360952566 -15410,7423287815
-13522,7359026908 -14190,0916908549 -19184,751473021 -15569,4713636769
-13522,7359026908 -14302,739311446 -19668,4771858371 -15601,0700571075
-13522,7359026908 -14323,5541619548 -20089,9634618403 -15484,4748114926
-13522,7359026908 -13807,374802893 -20028,2830304438 -15376,7518759755
-13522,7359026908 -14096,8927517267 -19839,8767664847 -15400,1242179325
-13522,7359026908 -14024,8778316877 -20149,6771857838 -15394,606103083
-13522,7359026908 -13890,0962269621 -19145,9344269815 -15372,8545179633
-13522,7359026908 -13716,4384658671 -19624,4345797934 -15259,3159673077
-13522,7359026908 -13700,1457607837 -19738,465188009 -15313,109985607
-13522,7359026908 -13649,9309150336 -18933,4566843062 -15347,7910742126
-13522,7359026908 -13654,0441487658 -19209,0943962334 -15360,9829199784
-13522,7359026908 -13627,0796073806 -19250,7676961796 -15410,1821852766
-13522,7359026908 -13556,0247862097 -19977,815980389 -15456,741982202
-13522,7359026908 -13701,8269308245 -21194,974324945 -15333,2108311097
-13428,3050056394 -13428,3050056394 -19476,5824754018 -15294,8696808164
-13354,5724024049 -13354,5724024049 -19838,69801439 -15279,2068837064
-13306,3667629128 -13306,3667629128 -19475,1074710565 -15336,4882832447
-13025,1667904145 -13025,1667904145 -20125,7244327419 -15300,805354173
-13025,1667904145 -13188,7826865987 -19918,3057640097 -15265,6587336373
-13025,1667904145 -13041,2426669036 -20538,8184010548 -15173,8130275661
-12840,1203839934 -12840,1203839934 -20218,2817353678 -15140,1944679507
-12840,1203839934 -12975,1998524532 -19605,4801927655 -15120,1095087235
-12840,1203839934 -13017,4227627773 -20106,2596952588 -15143,1580368042
-12840,1203839934 -12938,2978730292 -20661,9082376851 -15115,3560555309
-12840,1203839934 -13210,7025133251 -19631,2683772699 -15163,1688171694
-12840,1203839934 -13195,3144382591 -20889,8042985575 -15059,9277227261
-12840,1203839934 -13168,7125731084 -19860,2045565065 -15147,7521452279
-12840,1203839934 -13037,9697739747 -19929,2395132586 -15019,790026459
-12840,1203839934 -13101,9245482925 -19079,6189019472 -14893,015376471
-12840,1203839934 -13499,0651930668 -20072,1200157346 -14918,5345182816
-12840,1203839934 -13201,5899646306 -19799,4653612993 -14798,2874831935
-12840,1203839934 -13002,2088647021 -19469,8138000196 -14733,8533618782
-12840,1203839934 -13158,2144511738 -19714,5575509614 -14732,4614118653
-12840,1203839934 -13380,8161967988 -19911,8929589359 -14772,648659617
-12840,1203839934 -13048,0293528473 -19008,211129765 -14786,0808412646
-12840,1203839934 -13180,683197598 -19593,0984487882 -14683,9062427578
-12840,1203839934 -13231,7187787903 -19871,961111696 -14573,3896453765
-12840,1203839934 -13313,5595591422 -20333,075086389 -14673,0724307692
-12840,1203839934 -13269,8752116641 -20679,6248023716 -14716,1429302868
-12840,1203839934 -13276,4141561457 -19029,8007639417 -14715,1537292246
-12840,1203839934 -13259,278882023 -18944,8136023554 -14785,7544842893
-12840,1203839934 -13131,6100060203 -20088,3369941585 -14815,5602313286
-12840,1203839934 -12996,2091272289 -20089,0194324084 -14810,245394727
-12840,1203839934 -12862,7450617798 -19491,8020143368 -14712,936950756
-12840,1203839934 -12900,9948616428 -19695,1408875557 -14696,6529128028
-12840,1203839934 -12860,5660423959 -19161,1770373545 -14725,4798179012
-12840,1203839934 -12965,4953352216 -19383,8429848561 -14872,895465077
-12438,8356132297 -12438,8356132297 -18956,394485784 -14713,3034248984
-12138,5691266554 -12138,5691266554 -19778,7175909234 -14645,384766959
-12138,5691266554 -12379,4454003781 -19798,6270876951 -14611,6229850242
-12138,5691266554 -12250,3961748769 -19314,8878522926 -14647,9899807194
-12138,5691266554 -12388,8705167061 -19665,7746998879 -14559,0994663414
-12138,5691266554 -12339,9757830378 -20060,5888857308 -14504,5791019966
-12138,5691266554 -12687,4513478552 -20435,0945113472 -14495,6179077083
-12138,5691266554 -12661,4797898854 -19194,8771055976 -14506,2449713954
-12138,5691266554 -12762,9886011727 -19173,9040465106 -14514,1353533366
-12138,5691266554 -12645,7233081806 -19112,0200942552 -14516,3900138572
-12138,5691266554 -12990,9779584399 -19436,3387619956 -14518,7709160187
-12138,5691266554 -12959,1933487334 -19354,0984420865 -14505,4240353736
-12138,5691266554 -12954,1087874554 -19240,8378921011 -14446,3281609045
-12138,5691266554 -12842,8759580188 -18582,3749671113 -14485,1670614845
-12138,5691266554 -12752,6488870963 -19607,1390774338 -14467,6993729049
-12138,5691266554 -12785,1475162153 -18830,0160571804 -14494,1002773549
-12138,5691266554 -12635,9152551015 -20234,4063637794 -14536,1565831796
-12138,5691266554 -12955,7206078711 -19078,0714041133 -14559,9180282358
-12138,5691266554 -12829,4266234996 -18269,4384635066 -14483,7053800297
-12138,5691266554 -12988,8557747631 -19925,2573994275 -14703,5218236505
-12138,5691266554 -13168,7170268249 -18836,5907812695 -14655,8921806672
-12138,5691266554 -13360,930091451 -18498,0725208902 -14801,3256700973
-12138,5691266554 -13913,4633536778 -19158,2973720434 -14746,9989601046
-12138,5691266554 -13817,426627129 -20010,8551678536 -14740,9752643848
-12138,5691266554 -13965,7185617842 -19507,2639574762 -14763,231536418
-12138,5691266554 -13553,8776017519 -19897,1202674531 -14762,3628604735
-12138,5691266554 -13633,810321056 -19473,03448235 -14871,258015382
-12138,5691266554 -13755,2555177405 -19414,3958633121 -14823,3734909721
-12138,5691266554 -13410,1673728393 -18971,3706355735 -14761,0512108579
-12138,5691266554 -13578,9095251256 -19543,0062561605 -14913,9929909681
-12138,5691266554 -13547,812937036 -19848,7789849536 -14780,3373985422
-12138,5691266554 -13538,4476316787 -20855,6806641625 -14702,2413839175
-12138,5691266554 -13398,5319071149 -20993,5371165204 -14643,6454536113
-12138,5691266554 -13412,1188062871 -19861,6578707924 -14774,6102629016
-12138,5691266554 -13683,711770525 -20848,7559263177 -14818,5281198637
-12138,5691266554 -13846,5455050454 -20792,7273127431 -14970,4641774285
-12138,5691266554 -13576,5040316541 -19685,3629760606 -14872,4073496017
-12138,5691266554 -13754,725991502 -19519,8259282628 -14883,2198056428
-12138,5691266554 -13657,469789681 -19831,891189484 -14885,7435088278
-12138,5691266554 -13590,7783485232 -20009,4362930231 -14835,0466358637
-12138,5691266554 -13457,1869377175 -19667,5115279176 -14884,5225908947
-12138,5691266554 -13435,7207720172 -20882,4017770616 -14872,2258590874
-12138,5691266554 -13780,1120298754 -19784,764329578 -14939,4871378365
-12138,5691266554 -13514,060143579 -19637,3715977566 -14829,8124665133
-12138,5691266554 -13485,7378232638 -19417,553324539 -14674,270396326
-12138,5691266554 -13539,634200542 -19128,0464245426 -14636,1981143624
-12138,5691266554 -13518,1316618066 -18335,7476722862 -14678,4036126059
-12138,5691266554 -13105,7381680976 -20239,4053506783 -14611,685074599
-12138,5691266554 -12925,5624429173 -19160,350888747 -14429,2251288701
-12138,5691266554 -12927,438612127 -19070,8875267453 -14421,7931776785
-12138,5691266554 -13239,732549874 -19810,3140194998 -14464,1489079999
-12138,5691266554 -13180,6300727935 -18843,7697394501 -14558,0081119635
-12138,5691266554 -13030,1806061558 -20166,3481106926 -14500,2213618547
-12138,5691266554 -12835,7599461769 -19477,5864022501 -14418,9327952896
-12138,5691266554 -12986,1120727425 -20185,2226485859 -14501,7063324642
-12138,5691266554 -12986,1120727425 -18876,4660575914 -14538,0948513205
-12138,5691266554 -12771,6226963041 -19105,9758366396 -14385,3269315976
-12138,5691266554 -12682,2764233396 -18631,690005196 -14375,3378819595
-12138,5691266554 -12682,2764233396 -19098,1826700629 -14333,6100152203
-12138,5691266554 -12718,2671286116 -19755,2095034967 -14397,869320539
-12138,5691266554 -12845,7681218808 -19450,5732135416 -14393,9990438682
-12138,5691266554 -13102,4155699643 -18568,9967468787 -14397,1869268996
-12138,5691266554 -12711,5244372876 -18338,2768038666 -14400,7996199765
-12138,5691266554 -12912,8066431078 -19729,1334387303 -14485,2664483349
-12138,5691266554 -13070,7574815052 -19221,3489108289 -14443,702739141
-12138,5691266554 -13047,5303210042 -18737,4309413793 -14402,2411056956
-12138,5691266554 -13089,6506183375 -18781,877627895 -14439,8810345925
-12138,5691266554 -13191,3652602618 -19052,160749553 -14396,9450897969
-12138,5691266554 -13231,1011921015 -17900,7142114269 -14347,9990742483
-12138,5691266554 -13231,6131661864 -18361,483082129 -14259,2917312261
-12138,5691266554 -13654,0601061283 -18058,8518684693 -14408,2674893909
-12138,5691266554 -13669,5322239039 -18477,1160738485 -14383,1670309848
-12138,5691266554 -13489,0806156137 -18852,2600402466 -14403,4720166051
-12138,5691266554 -13496,6667052116 -18616,8078449185 -14397,9245529977
-12138,5691266554 -13406,1880667869 -18782,7225317679 -14346,0067575237
-12138,5691266554 -13389,874852573 -19161,7035282105 -14333,2962620458
-12138,5691266554 -13294,0225208087 -18159,4086556357 -14404,7213377054
-12138,5691266554 -13365,792409516 -19682,1597453321 -14367,8358235811
-12138,5691266554 -13126,49217177 -18651,3122253979 -14372,4581749787
-12138,5691266554 -13455,0073192189 -19716,7490064575 -14355,4376945919
-12138,5691266554 -13617,9494697445 -19298,3496415936 -14426,2555844955
-12138,5691266554 -13952,2928789341 -19070,2200737127 -14512,3561146974
-12138,5691266554 -13854,0607461941 -20520,205219845 -14517,2124928216
-12138,5691266554 -13909,6047584447 -19726,023165729 -14520,5042558851
-12138,5691266554 -13760,3646687063 -19955,1905217929 -14544,5349599258
-12138,5691266554 -13488,9381808331 -18532,9028953248 -14506,4909776577
-12138,5691266554 -13755,2473459953 -19997,0509363133 -14632,4848686928
-12138,5691266554 -13428,1027889127 -19816,6451596815 -14615,6520702305
-12138,5691266554 -13683,1761415924 -18966,7354846555 -14695,1418564407
-12138,5691266554 -13741,5186496755 -20121,3364409824 -14712,3846355645
-12138,5691266554 -14161,9629931783 -19464,1363079115 -14746,5230245044
-12138,5691266554 -14366,1897788502 -19119,6848673037 -14801,6527537944
-12138,5691266554 -14289,7059118726 -19215,0548496439 -14752,1422739156
-12138,5691266554 -13760,6173938572 -19380,2812621206 -14625,560899137
-12138,5691266554 -13779,2032266868 -19791,6937363882 -14663,601404471
-12138,5691266554 -13636,9809376872 -19060,031586143 -14637,9061643408
-12138,5691266554 -13590,323540369 -19825,3953751708 -14539,0645670322
-12138,5691266554 -13685,2444417687 -20044,5383346832 -14497,7766414267
-12138,5691266554 -13726,8082195012 -19027,3577990243 -14509,7823261897
-12138,5691266554 -13870,9516165956 -20879,5645227521 -14616,8273879579
-12138,5691266554 -13664,3290500221 -19622,9957310792 -14599,837415199
-12138,5691266554 -13711,2196960917 -18974,2994764826 -14622,7356639619
-12138,5691266554 -14001,3364534866 -20595,3874958157 -14732,9726852998
-12138,5691266554 -14046,4243486266 -19199,3643506529 -14711,7407963603
-12138,5691266554 -14011,6863813935 -19047,4905185294 -14696,7017411037
-12138,5691266554 -13850,9476237165 -20806,2700044349 -14692,6683632236
-12138,5691266554 -13565,724433499 -19403,8121697912 -14684,9599041419
-12138,5691266554 -13380,9513939396 -20776,4616937318 -14737,055032382
-12138,5691266554 -13656,1260982733 -19605,0181788643 -14800,6351559005
-12138,5691266554 -13540,030303979 -19925,5713703686 -14729,8219154762
-12138,5691266554 -13522,7482580766 -19698,012142324 -14722,1090608572
-12138,5691266554 -13437,1383051461 -19193,4594975168 -14601,7686164322
-12138,5691266554 -13330,7450492179 -18938,1715166532 -14513,3239239928
-12138,5691266554 -13361,7615129618 -18558,5708170841 -14460,623955681
-12138,5691266554 -13282,6612936469 -19334,6489532105 -14555,2985207668
-12138,5691266554 -13428,950409087 -19275,6265098194 -14591,7952979933
-12138,5691266554 -13291,9146111966 -19381,54358473 -14613,6737112391
-12138,5691266554 -13340,1666825927 -19417,4074289126 -14610,9076449479
-12138,5691266554 -13268,1705943393 -19182,1927217618 -14522,326630176
-12138,5691266554 -13364,3096389695 -19089,7523228243 -14660,7966141689
-12138,5691266554 -13361,8790613913 -19020,4829160243 -14622,9920425881
-12138,5691266554 -13256,6221637836 -19143,7897266188 -14643,2629156589
-12138,5691266554 -13226,2951166578 -18865,3356009804 -14564,7539780707
-12138,5691266554 -13086,0289765156 -19982,1582858523 -14537,6585780903
-12138,5691266554 -13170,1444792384 -20124,5196557614 -14448,0559396969
-12138,5691266554 -13423,1887495216 -18820,3545049405 -14484,2837044679
-12138,5691266554 -13837,5436162379 -20357,9091658266 -14624,7219873058
-12138,5691266554 -13631,1163036909 -18892,9189825537 -14547,0978777098
-12138,5691266554 -13543,3386797915 -19865,9628224147 -14539,4766621162
-12138,5691266554 -13331,753922266 -19435,9107918655 -14433,7129390161
-12138,5691266554 -13339,3081124365 -18515,4333938603 -14448,6914531007
-12138,5691266554 -13590,9411063078 -18869,4219858066 -14363,4818049139
-12138,5691266554 -13658,0649817251 -18445,7570619276 -14432,011328184
-12138,5691266554 -13377,3002109584 -19017,2912378262 -14254,6073391643
-12138,5691266554 -13459,6648763071 -19018,0031081984 -14262,72178907
-12138,5691266554 -13460,6737957355 -18917,99500585 -14299,9655689575
-12138,5691266554 -13614,8581660157 -18770,9351586052 -14281,5843899753
-12138,5691266554 -13345,4409510312 -18745,3248077018 -14210,8748568288
-12138,5691266554 -13429,1634454933 -19650,0555561469 -14206,8823647696
-12138,5691266554 -13660,5057117609 -20297,4126722209 -14312,581438498
-12138,5691266554 -13644,3130765495 -18726,5023908089 -14369,850936855
-12138,5691266554 -13248,3516690275 -19152,6374227871 -14286,4843357115
-12138,5691266554 -12815,4028767659 -18218,7629104689 -14292,4590446854
-12138,5691266554 -13303,7931067686 -19211,8517935381 -14408,0050875108
-12138,5691266554 -13105,8908534044 -19185,4800773031 -14387,2293900464
-12138,5691266554 -13032,8107733903 -19795,1698588414 -14419,5407433301
-12138,5691266554 -13029,0432205844 -19400,9935312606 -14378,2990468411
-12138,5691266554 -12908,3109537132 -18927,3614615517 -14308,8293509701
-12138,5691266554 -12885,5254121772 -17938,4135490196 -14239,8261017573
-12138,5691266554 -13119,4208359176 -19470,468377293 -14254,4138036221
-12138,5691266554 -12948,5138673197 -19091,3365119384 -14351,8102630615
-12138,5691266554 -12945,4777277329 -18924,6901056528 -14204,0689165635
-12138,5691266554 -13351,5304092593 -18457,4915762437 -14282,1234676704
-12138,5691266554 -13223,2866068257 -18549,2263641994 -14212,3250847756
-12138,5691266554 -12978,8047700354 -18242,7295630489 -14223,6212659693
-12138,5691266554 -13097,3691277882 -19002,1819914526 -14259,33329396
-12138,5691266554 -13346,7966053297 -18845,0184471331 -14207,9594936095
-12138,5691266554 -13529,7210623535 -18508,597167313 -14240,7496404893
-12138,5691266554 -13619,351431103 -18227,4024382859 -14237,3039636015
-12138,5691266554 -13417,5799055471 -19183,5181669623 -14215,0828425543
-12138,5691266554 -13287,8750358873 -18418,8977574142 -14284,1987554705
-12138,5691266554 -13345,1122386116 -18904,4243135118 -14426,7417771463
-12138,5691266554 -13525,0504291769 -18699,798994432 -14532,9184104875
-12138,5691266554 -13433,2938151318 -18348,1568517182 -14474,1242533922
-12138,5691266554 -13444,4267549666 -19469,5737619627 -14448,1159216035
-12138,5691266554 -13198,3929662097 -18543,3647956692 -14279,7026019602
-12138,5691266554 -12988,1820169705 -19073,8741181396 -14221,9648684529
-12138,5691266554 -12974,4417830275 -19198,9751632983 -14190,3423327585
-12138,5691266554 -13135,8699997498 -17904,7476404445 -14176,0934400868
-12138,5691266554 -12768,6954552757 -18883,5517271758 -14163,9896725967
-12138,5691266554 -12774,0503986046 -18659,2385231067 -14214,0302235257
-12138,5691266554 -12784,2296724712 -18589,0254383868 -14121,0891447054
-12138,5691266554 -12756,2654276102 -18834,9275151017 -14099,2936381868
-12138,5691266554 -12803,9833057632 -18879,4301911445 -14157,8028709653
-12138,5691266554 -12793,0798420073 -19012,200960225 -14116,5822233031
-12138,5691266554 -12847,0958540411 -18782,0023642583 -14135,5355016169
-12138,5691266554 -12737,9723358097 -19543,6040432299 -14053,4387411753
-12138,5691266554 -12752,6432549068 -18861,8025730686 -14070,5466969204
-12138,5691266554 -13076,9870216856 -18028,5268982895 -14188,2536751893
-12138,5691266554 -13052,0299570419 -19763,2372922979 -14156,1106599042
-12138,5691266554 -13153,6567288832 -18876,3137618951 -14150,8741077169
-12138,5691266554 -13112,8004881151 -18884,9607304138 -14187,6282136711
-12138,5691266554 -12742,7296846944 -18581,226241313 -14229,5851058715
-12138,5691266554 -12828,2426617829 -19267,1824555703 -14238,6075860355
-12138,5691266554 -12958,3583358575 -19352,2100218121 -14132,2282197575
-12138,5691266554 -13086,2462232169 -20098,3769774179 -14124,4713102491
-12138,5691266554 -13143,5932245517 -18932,6398639124 -14076,1852048557
-12138,5691266554 -13197,9673896364 -18592,2845568819 -14085,1759568881
-12138,5691266554 -13113,4897695816 -18584,2577894402 -13956,3836242491
-12138,5691266554 -13266,3466522946 -17946,8731936606 -13887,4701728359
-12138,5691266554 -13089,4826183633 -18094,5519187872 -13869,5073899479
-12138,5691266554 -13022,9824680128 -18872,6114967851 -13946,9814845496
-12138,5691266554 -13265,8146935298 -18442,9122039396 -14033,4608252393
-12138,5691266554 -12964,1129287378 -19740,6554740738 -13965,3927987277
-12138,5691266554 -12984,2741813292 -18896,8484716887 -13911,8612698966
-12138,5691266554 -12928,1675468953 -17930,872308106 -13881,705503344
-12138,5691266554 -12696,3416641921 -17870,725958769 -13830,6836229737
-12138,5691266554 -12614,9447961519 -18900,1076910855 -13824,9778524538
-12138,5691266554 -12708,9132172769 -18503,1711666229 -13881,8027633865
-12138,5691266554 -12718,6991240791 -18603,0032294519 -13964,4654519087
-12138,5691266554 -12878,2867234119 -18140,1048007375 -13945,6480033304
-12138,5691266554 -13314,9316483975 -20511,3913809467 -14032,3817899115
-12138,5691266554 -13285,4485629129 -19237,8120875961 -14052,9414819362
-12138,5691266554 -13164,1023288129 -17801,6764216878 -14076,9623126304
-12138,5691266554 -13403,8221556349 -19204,6162617088 -14101,1475391006
-12138,5691266554 -13324,4936240482 -20370,8697773668 -14108,369731222
-12138,5691266554 -13385,6561597744 -18843,0075817225 -14019,5656363837
-12138,5691266554 -13350,8735510599 -18382,6212254962 -14079,0035667344
-12138,5691266554 -13353,4373589438 -18377,4647484396 -14071,0038674755
-12138,5691266554 -13221,1112483699 -18418,1178585072 -14121,8635766516
-12138,5691266554 -13077,2649000044 -18141,0225370891 -14091,6522272198
-12138,5691266554 -12939,7571212275 -17581,8473885927 -14067,5636046761
-12138,5691266554 -12651,387023083 -18805,0668137695 -14043,4248467868
-12138,5691266554 -12892,8353912199 -19247,8166776051 -14253,2621436474
-12138,5691266554 -12908,7696896808 -18810,1617373028 -14269,7957073895
-12138,5691266554 -12892,198292903 -19920,4460242044 -14242,2205142531
-12138,5691266554 -12823,3240606963 -18546,8376034338 -14280,0578198657
-12138,5691266554 -12805,4725897314 -19279,6047259127 -14310,5928780712
-12138,5691266554 -12727,443061641 -19015,1432109686 -14327,7980604149
-12138,5691266554 -13010,5594607164 -20685,3648657718 -14505,6977623275
-12138,5691266554 -12944,9573402462 -19416,5629498566 -14559,9027900812
-12138,5691266554 -12676,5292254659 -20909,2688957512 -14539,4579414566
-12138,5691266554 -12552,6671322971 -18596,0129798819 -14457,5680573868
-12138,5691266554 -12640,0680064822 -19844,4491090537 -14421,6767762093
-12138,5691266554 -12621,9006079518 -19779,3203438077 -14359,1712225413
-12138,5691266554 -12694,0291147427 -18470,5057419759 -14302,8357305531
-12138,5691266554 -12776,9997498663 -20054,597329646 -14328,0007351328
-12138,5691266554 -12848,5859775224 -18932,3739075438 -14331,2383059468
-12138,5691266554 -12859,2513505061 -18735,1274110769 -14286,8060960431
-12138,5691266554 -13149,0547335966 -18713,108935727 -14374,4627998503
-12138,5691266554 -13142,6303289762 -18809,4794552065 -14337,945388802
-12138,5691266554 -13224,2745108342 -20864,5469086311 -14338,3111496996
-12138,5691266554 -13232,4919008695 -18753,8128138143 -14290,7438778412
-12138,5691266554 -13061,4912989815 -20269,5897176045 -14198,8637471239
-12138,5691266554 -13205,5941970683 -19724,3508460677 -14200,0338146316
-12138,5691266554 -13140,5353156157 -19273,8446724548 -14215,5804027918
-12138,5691266554 -13135,6760782346 -18399,695658472 -14080,4353000134
-12138,5691266554 -13079,5274587406 -19949,0146637471 -14014,1036453319
-12138,5691266554 -13114,9291625725 -17955,4437095424 -13855,4382287514
-12138,5691266554 -13309,7419194783 -17826,5671263233 -13809,38641992
-12138,5691266554 -13281,5602059106 -18894,8590913863 -13905,1935902422
-12138,5691266554 -13269,5403857982 -19100,6187607182 -13910,9035169273
-12138,5691266554 -13168,0935169543 -19123,5334502769 -13906,0485492685
-12138,5691266554 -13288,3856100868 -18712,7964655896 -13926,3717208498
-12138,5691266554 -13440,1767051383 -19144,2801635944 -14037,7730300442
-12138,5691266554 -13324,4759239033 -19794,7695475776 -14090,4032481956
-12138,5691266554 -13330,8720940136 -20734,7366793538 -14044,9719076542
-12138,5691266554 -13329,8079593708 -19610,0208876016 -14061,6997333244
-12138,5691266554 -12966,8396291338 -18431,6407166681 -14014,8246522069
-12138,5691266554 -12828,6844693906 -18451,3757987603 -14012,644512709
-12138,5691266554 -13037,7073830475 -18730,6223390544 -13920,5078450116
-12138,5691266554 -12905,9006595994 -18440,6746579671 -13881,5707590192
-12138,5691266554 -12954,260468001 -19265,4813047354 -13817,5827502614
-12138,5691266554 -12871,2806282012 -19894,0119545465 -13766,1494712215
-12138,5691266554 -12946,1243370415 -18406,5063997177 -13843,3884968916
-12138,5691266554 -12929,3640918858 -18073,029331315 -13841,1889033571
-12138,5691266554 -12997,8532769404 -18899,2703482664 -13896,8037366045
-12138,5691266554 -12778,3754233907 -18640,4242958146 -13842,3683243752
-12138,5691266554 -12517,1659862021 -19491,0528680517 -13776,2694192734
-12138,5691266554 -12555,6426650533 -18278,907765185 -13795,4825310135
-12138,5691266554 -12775,1205186031 -19502,9258842466 -13789,5180048978
-12138,5691266554 -12626,4155860643 -18625,6759634899 -13675,1540689483
-12138,5691266554 -12675,1462714206 -18512,4064618416 -13693,3339806832
-12138,5691266554 -12672,3729057892 -18270,305077952 -13778,2221443269
-12138,5691266554 -12787,1924149947 -19134,6134214864 -13823,9502183796
-12138,5691266554 -12704,984686297 -18914,5684142903 -13831,139469856
-12138,5691266554 -12644,4926148583 -18857,5844039309 -13877,9243922552
-12138,5691266554 -12612,9236763499 -19788,5659452266 -13847,0842633465
-12138,5691266554 -12580,330984242 -19057,8262639884 -13874,0967901182
-12138,5691266554 -12616,6794349958 -18628,2358228359 -13894,5666863328
-12138,5691266554 -12607,3612849192 -18150,4962224463 -13873,8443452868
-12138,5691266554 -12559,2335210315 -19134,8968178406 -13792,2451727559
-12138,5691266554 -12708,0556824675 -18425,35977998 -13822,93142973
-12138,5691266554 -12663,5831354167 -19280,6104423838 -13908,5591892032
-12138,5691266554 -12525,3038852619 -18516,4810491516 -13946,356984599
-12138,5691266554 -12942,9111996873 -19708,9218958355 -14043,2418544646
-12138,5691266554 -12912,830955723 -18146,7208648168 -14056,0890297871
-12138,5691266554 -12971,8394282106 -19136,1475729116 -14096,222266172
-12138,5691266554 -12760,3584662581 -18217,408965421 -14107,0172540995
-12138,5691266554 -12834,5686133821 -18492,9451195529 -14250,5621894153
-12138,5691266554 -12974,9591225884 -19457,8777264597 -14326,4901783569
-12138,5691266554 -12953,8771698873 -20247,0041558994 -14224,6646478812
-12138,5691266554 -12952,4194455577 -20839,5387008707 -14135,4489113931
-12138,5691266554 -13078,8584876083 -18516,4956264559 -14135,5029345835
-12138,5691266554 -13065,2523857672 -18824,4796097669 -14171,5812477888
-12138,5691266554 -12997,741504405 -18819,402964665 -14213,0569599095
-12138,5691266554 -13084,3166063827 -18732,2718708585 -14198,9650976614
-12138,5691266554 -13351,9994863959 -19161,1639126646 -14357,1759587705
-12138,5691266554 -13305,1458939369 -19076,692214406 -14238,7056024418
-12138,5691266554 -13523,6899356473 -18711,8628558951 -14204,3704366094
-12138,5691266554 -13371,2922262522 -18518,4486801486 -14157,7658214219
-12138,5691266554 -13378,3472795071 -18187,3843394826 -14139,7093860092
-12138,5691266554 -13336,600293058 -18901,4530530053 -14153,1078968329
-12138,5691266554 -13322,8331675587 -19243,8476078455 -14161,3656803353
-12138,5691266554 -13507,3844049181 -18332,618662772 -14179,0303931746
-12138,5691266554 -13498,3346830947 -19692,6769160547 -14189,0259186379
-12138,5691266554 -13589,6723404985 -18566,310580197 -14198,2244518311
-12138,5691266554 -13139,240009336 -18943,9797256158 -14079,7554720488
-12138,5691266554 -13236,8988744816 -19288,8288688006 -14054,279165389
-12138,5691266554 -12967,9263734864 -18152,8183724924 -13971,0035949331
-12138,5691266554 -13057,7814628071 -19110,3738015613 -13976,360359033
-12138,5691266554 -13119,9706629138 -18442,5091193307 -14031,8981253154
-12138,5691266554 -12929,1992160868 -18193,3669048567 -14039,126822992
-12138,5691266554 -12838,8636590575 -18881,4053031659 -13960,3838572904
-12138,5691266554 -12772,6579915595 -20014,0604336618 -13896,4779097092
-12138,5691266554 -12947,9742804614 -18469,0306388965 -13942,8473582687
-12138,5691266554 -12861,1049205298 -19949,1288682637 -13874,0755260123
-12138,5691266554 -12798,8990809562 -18717,1618044402 -13984,8227608199
-12138,5691266554 -12820,594731472 -19212,7360399085 -13983,9977177193
-12138,5691266554 -12906,7859126681 -19012,7932918458 -14069,883389824
-12138,5691266554 -12786,6669978141 -18756,2639119427 -14021,5753085486
-12138,5691266554 -12948,4147544241 -19693,6762626436 -14059,6704474576
-12138,5691266554 -13088,4513193637 -18582,3049195712 -14031,2990511154
-12138,5691266554 -13134,8984667825 -18461,3618977721 -14054,4709929846
-12138,5691266554 -12854,8532123808 -19551,0871699116 -14076,2560438782
-12138,5691266554 -12718,3076533403 -19191,7296340356 -14098,7383969007
-12138,5691266554 -12491,4905588582 -19485,7401020602 -14006,6035792644
-12138,5691266554 -12231,4813827297 -18807,6369379064 -13831,4719112026
-12138,5691266554 -12286,8620218805 -20038,6983895966 -13892,6946118415
-12138,5691266554 -12759,257813043 -18463,2409727913 -13957,1980888893
-12138,5691266554 -12755,3824294012 -18574,4368543442 -13943,4093434469
-12138,5691266554 -12727,4068482836 -17660,5811531821 -13929,5975662471
-12138,5691266554 -12880,8157076415 -18258,6153154824 -13930,8103794327
-12138,5691266554 -12624,2182588049 -18900,5721410243 -13925,3589753492
-12138,5691266554 -12620,1876701136 -18057,790249916 -14034,5226707293
-12138,5691266554 -12529,959075177 -19663,5556515061 -14015,7741979506
-12138,5691266554 -12827,5887740979 -20131,268795699 -14102,1088197118
-12138,5691266554 -12864,3933336441 -18952,0851866553 -14001,6365739371
-12138,5691266554 -12440,3162057512 -18951,6238987058 -13867,3902109198
-12138,5691266554 -12720,5198263466 -18785,7833939433 -14026,0166603346
-12138,5691266554 -12339,676382186 -19257,1457771991 -13977,4291062149
-12138,5691266554 -12341,9750733405 -18498,5037358076 -13987,5663472806
-12138,5691266554 -12298,9569048488 -19765,7939294828 -14032,9152516637
-12138,5691266554 -12255,5249228394 -17879,7559938854 -13943,1118772959
-12138,5691266554 -12305,3544225145 -19473,9279949442 -13963,408775041
-12138,5691266554 -12977,399710493 -18577,3586221456 -13999,9324958514
-12138,5691266554 -12977,5545834466 -19190,7228893063 -13999,996160285
-12138,5691266554 -12876,4959485319 -18527,3366596892 -13992,2057133442
-12138,5691266554 -12895,525640404 -18939,5742658495 -13983,7514491844
-12138,5691266554 -13081,8225424233 -18599,0688407935 -14002,4498709221
-12138,5691266554 -12952,3399116372 -18852,9108163786 -13933,9132621947
-12138,5691266554 -12677,2038148182 -17626,2467898076 -13910,5069169002
-12138,5691266554 -12613,5296098839 -19369,7500657527 -13988,0782637249
-12138,5691266554 -12687,9403553457 -18434,300101452 -13996,4047824596
-12138,5691266554 -12542,8615268089 -19953,7307560077 -13976,6337599928
-12138,5691266554 -12757,1777357338 -18890,3519362092 -14105,7370100622
-12138,5691266554 -13528,262533121 -19288,9643576939 -14160,3281801617
-12138,5691266554 -13432,3022610024 -19611,9391784968 -14056,317627349
-12138,5691266554 -13234,2284329694 -20321,311946046 -13947,2287434044
-12138,5691266554 -13035,5304966761 -18115,3272573729 -13898,6988721918
-12138,5691266554 -12994,2855600338 -18151,6893718736 -14011,7201659877
-12138,5691266554 -13260,3951761689 -18985,1086410826 -14066,201716333
-12138,5691266554 -13250,39769686 -19334,0167410718 -14113,7175726566
-12138,5691266554 -13404,5950072156 -18626,049255439 -14073,78689243
-12138,5691266554 -13223,846970672 -19225,4993647471 -14043,5401007569
-12138,5691266554 -13083,8341434827 -18503,4863993645 -14089,5413713212
-12138,5691266554 -13300,6984705936 -19675,0873017329 -14063,5088722046
-12138,5691266554 -13397,2630212974 -18540,7096378086 -14002,1596005896
-12138,5691266554 -13376,2823022227 -18108,2735380834 -14064,4448848265
-12138,5691266554 -13206,3349003415 -18363,4010922203 -13932,9946534696
-12138,5691266554 -13172,5075985399 -19190,2481046717 -13912,9604481359
-12138,5691266554 -12923,4986650013 -19151,7426934409 -13877,2300496831
-12138,5691266554 -12877,8208231971 -18936,4135167978 -13818,8413025701
-12138,5691266554 -12942,5454796515 -18853,1271904969 -13730,9665425425
-12138,5691266554 -13007,490188461 -18925,4310276534 -13774,6870694164
-12138,5691266554 -12409,6909295767 -19515,6362742793 -13668,9214230057
-12138,5691266554 -12398,6709172559 -17601,5106381624 -13649,4425004
-12138,5691266554 -12461,8222661899 -18769,3678841602 -13676,9373820889
-12138,5691266554 -12469,3185390797 -18136,2668020961 -13775,1366237526
-12138,5691266554 -12478,7950941723 -18876,8424990781 -13788,4957467171
-12138,5691266554 -12671,336846107 -18964,6907943122 -13908,2339786083
-12138,5691266554 -13074,5171185614 -18587,2145851732 -13996,1282806027
-12138,5691266554 -13107,688693818 -18529,4793280981 -13936,6197213942
-12138,5691266554 -13457,094475852 -19852,2728555688 -13969,4492921537
-12138,5691266554 -13599,8500367699 -19129,9665246388 -14033,8955511654
-12138,5691266554 -13093,5707833593 -18555,4686229727 -13936,8975243069
-12138,5691266554 -13280,395682638 -19307,8220366022 -13995,6106950681
-12138,5691266554 -13179,7332477429 -19695,7681276404 -13960,7188610164
-12138,5691266554 -13280,6181572567 -18563,500941241 -14145,9717133126
-12138,5691266554 -13218,188902845 -18778,7636405208 -14176,343977979
-12138,5691266554 -13251,7544112889 -19947,866850579 -14248,3644636385
-12138,5691266554 -13166,1552480645 -18785,7666721224 -14352,7750071938
-12138,5691266554 -13351,7744417387 -19281,6956801205 -14451,3198356488
-12138,5691266554 -13177,8148366873 -18915,3977966462 -14212,3205462517
-12138,5691266554 -13154,6443307817 -18365,3332499391 -14140,1235607328
-12138,5691266554 -13182,5488361796 -19438,4088596882 -14176,7377991712
-12138,5691266554 -13202,4556404727 -18145,1579081358 -14230,2086541999
-12138,5691266554 -13217,3184654003 -19770,4267875134 -14190,0880527407
-12138,5691266554 -13118,2167791145 -19903,1645512921 -14170,0004999369
-12138,5691266554 -13008,8547904102 -18681,5944094429 -14121,6345648293
-12138,5691266554 -13139,6101543431 -19762,0711830684 -14207,0140969711
-12138,5691266554 -13149,9630941589 -19135,5470730938 -14202,9871556246
-12138,5691266554 -13027,4519753331 -19102,3086697581 -14277,6768048225
-12138,5691266554 -13200,4382390919 -18956,7930033137 -14233,4934152684
-12138,5691266554 -13001,1729530602 -18663,5104579391 -14123,5528487352
-12138,5691266554 -13106,9276287013 -18560,2558503492 -14116,2516453149
-12138,5691266554 -13044,041612844 -18356,0699576769 -14119,902998735
-12138,5691266554 -12745,0949104163 -19189,5190477054 -14018,1833161501
-12138,5691266554 -12792,6101815295 -19228,2229835799 -14001,3243503413
-12138,5691266554 -12814,1145435312 -19283,1279531535 -13981,8803811906
-12138,5691266554 -12788,0206880708 -19358,9372652812 -13901,5952407646
-12138,5691266554 -13045,8105219591 -18940,7136602293 -13879,9242384502
-12138,5691266554 -13052,1838888946 -18229,4743223763 -13894,6219257992
-12138,5691266554 -13004,7290968422 -17900,8849529877 -13914,7399350422
-12138,5691266554 -13154,4018243531 -18414,8975231081 -13932,7331299991
-12138,5691266554 -12718,1179414552 -19016,7616538368 -14003,1506082502
-12138,5691266554 -12724,9173026891 -19897,4931522232 -13963,7299131149
-12138,5691266554 -12955,1383606595 -20336,4854492376 -14165,9066187862
-12138,5691266554 -12904,5852211236 -20216,9141238404 -14149,0116525088
-12138,5691266554 -12900,5136566307 -18612,4265301161 -14132,5753955245
-12138,5691266554 -12789,3784304959 -19612,8936531331 -14045,7204819924
-12138,5691266554 -12745,7923637028 -19098,702731976 -13984,5295977699
-12138,5691266554 -12581,479817515 -19646,098908978 -13925,2048111686
-12138,5691266554 -12623,6167421248 -19010,7078088859 -13886,2715498534
-12138,5691266554 -13088,070735291 -18527,3163659985 -13920,4210141731
-12138,5691266554 -12992,0883647861 -17591,1159411174 -13963,028434507
-12138,5691266554 -12987,7645812325 -19242,5213316138 -13928,2998621482
-12138,5691266554 -12915,2024799264 -18970,6533684977 -13895,799870639
-12138,5691266554 -13275,4971355566 -18057,177199461 -14036,3036140328
-12138,5691266554 -13045,5940514236 -19701,695644364 -14036,5974412153
-12138,5691266554 -13062,1875852353 -18266,1117516813 -14035,5152531886
-12138,5691266554 -13106,2694563405 -18640,1057220356 -14045,1317093898
-12138,5691266554 -13076,6649029516 -19756,4467638024 -13985,9038655956
-12138,5691266554 -12890,0924267368 -18587,2394223019 -14000,3381281835
-12138,5691266554 -13005,4875414341 -18713,8775948558 -13966,593033049
-12138,5691266554 -12895,0380272233 -19073,0505328807 -13964,0967722067
-12138,5691266554 -12355,5715917108 -17789,6932970187 -13832,0039297986
-12138,5691266554 -12359,9398168789 -18335,1291852457 -13743,2196375287
-12138,5691266554 -12706,7269777 -18258,4592237802 -13865,5672129845
-12138,5691266554 -12786,5320073023 -17889,939113502 -13947,3935758711
-12138,5691266554 -12439,7448464812 -18317,4343694704 -13943,1522077709
-12138,5691266554 -12462,1866723287 -18518,7972544241 -13915,3603521539
-12138,5691266554 -12462,1866723287 -18605,2949614524 -13835,4557300308
-12138,5691266554 -12393,6927958837 -17718,5492931592 -13777,9041596501
-12138,5691266554 -12373,4726037095 -18626,1744811669 -13882,5977119825
-12138,5691266554 -12316,1567170744 -18334,7708297922 -13913,7016422823
-12138,5691266554 -12193,9755110108 -18507,5840669493 -13871,8080268663
-12080,9967536306 -12080,9967536306 -19100,1746719992 -13973,0920353978
-12080,9967536306 -12095,7690329367 -19810,7457324205 -13912,4609437741
-12080,9967536306 -12325,7739159275 -19016,3834567532 -13978,9689889563
-12080,9967536306 -12148,3788723085 -18831,6063764351 -13843,2572791795
-11883,242031567 -11883,242031567 -20174,3584497927 -13991,4623887237
-11883,242031567 -11967,9686755816 -19059,1694423189 -13913,2653404117
-11778,294542357 -11778,294542357 -19086,6674625597 -13776,6968972391
-11778,294542357 -12181,3144238913 -20011,2910828297 -13739,6393554682
-11778,294542357 -12115,228635015 -19652,9951212094 -13753,1699506767
-11778,294542357 -12421,7255445163 -18720,1499970245 -13866,2145509279
-11778,294542357 -12675,1645320206 -18678,9872310452 -13867,0159462667
-11778,294542357 -12696,0750723101 -18337,1734435509 -13908,2200206261
-11778,294542357 -12553,4386196132 -19323,0210344298 -13884,4485717233
-11778,294542357 -12720,0752462213 -18489,3032036923 -13895,0238030998
-11778,294542357 -12279,3032512787 -18391,7181292566 -13863,2290965905
-11778,294542357 -12213,1020168203 -17785,6065307888 -13750,5349398898
-11778,294542357 -12101,0154040681 -18592,196347026 -13738,452964971
-11778,294542357 -12334,0709742619 -18166,5000248636 -13657,5154777824
-11778,294542357 -12588,0334016762 -19080,3240014123 -13584,5889818394
-11778,294542357 -12222,7303834884 -18313,08862415 -13624,0883983077
-11778,294542357 -12235,8845677037 -18340,9539369381 -13560,7012348558
-11778,294542357 -12111,8292784204 -18815,8968113247 -13633,1393765805
-11778,294542357 -12251,4887595546 -17722,0995255212 -13547,5103729966
-11778,294542357 -12354,6432572964 -18731,3429328855 -13582,9216735816
-11778,294542357 -12410,1410640709 -17607,5402402951 -13585,5150209213
-11778,294542357 -12448,4902112388 -17849,9518187031 -13608,4052767524
-11778,294542357 -12174,9751180234 -18853,5610780697 -13529,3937108828
-11778,294542357 -12235,2327898183 -18497,7902652693 -13610,8339970305
-11778,294542357 -12483,7081341633 -18632,4020899301 -13565,8647773954
-11778,294542357 -12359,0340964146 -18969,2973758901 -13529,0554589679
-11778,294542357 -12309,3320165254 -18134,1405031764 -13476,4815314816
-11778,294542357 -12287,6138553868 -18311,9864279071 -13446,6304389768
-11778,294542357 -12720,0423470007 -18973,874360276 -13413,5938920957
-11778,294542357 -12716,0858382162 -18497,8235687784 -13486,1265415302
-11778,294542357 -12548,8264565042 -18640,6478220215 -13541,6772180108
-11778,294542357 -12765,5678702022 -18393,3301492769 -13602,5778627941
-11778,294542357 -12753,5024788067 -18803,6309601266 -13557,989363491
-11778,294542357 -12757,8839539358 -18936,195630286 -13595,7822840359
-11778,294542357 -12574,9384520043 -17990,1095138724 -13567,914677826
-11778,294542357 -12635,7353707576 -18403,5098693081 -13594,0135147674
-11778,294542357 -12611,4918800188 -18412,1398003422 -13580,1899246696
-11778,294542357 -12568,1601989057 -18379,0987979262 -13467,5286831297
-11778,294542357 -12565,4051370275 -18733,2856292621 -13625,3909129841
-11778,294542357 -12663,0639704884 -18685,6452828079 -13498,1501326477
-11778,294542357 -12638,8903508212 -19054,1237747344 -13530,2929108244
-11778,294542357 -12539,0602673743 -17865,3234018388 -13615,4607256186
-11778,294542357 -12496,493828877 -18103,5136426173 -13657,4858016544
-11778,294542357 -12584,7561715727 -18507,6806186383 -13676,9277389871
-11778,294542357 -12634,0658452931 -19263,9897192423 -13622,0623723416
-11778,294542357 -12445,2731919735 -17911,2271894788 -13539,5385457695
-11778,294542357 -12619,0023936113 -18903,2466021071 -13547,8497415636
-11778,294542357 -12618,7060842637 -17686,6592388152 -13599,3097903656
-11778,294542357 -12679,6196271378 -18192,4107051565 -13649,6486525438
-11778,294542357 -12449,8884667284 -18797,2588887045 -13658,2198950834
-11778,294542357 -12312,608191611 -18769,0006612382 -13612,8807164699
-11778,294542357 -12251,6946487369 -19032,1445918047 -13524,1125255011
-11778,294542357 -12350,0143544587 -17876,5908340125 -13497,6611567421
-11778,294542357 -12300,6792301244 -17926,4338601372 -13503,4628779457
-11778,294542357 -12281,4158117543 -18758,0124414227 -13488,9587568719
-11778,294542357 -12172,2922935229 -18802,4338426837 -13284,5901737738
-11778,294542357 -12417,7531635145 -19182,5736035493 -13507,6394001783
-11778,294542357 -12420,537851273 -17844,3360842172 -13524,4801182736
-11778,294542357 -12534,2222498917 -17797,7378564089 -13674,3434599451
-11778,294542357 -12619,5346604649 -17445,7803209873 -13739,9196711588
-11778,294542357 -12491,3800317311 -19180,7892271078 -13675,4298495859
-11778,294542357 -12635,5575965148 -18072,4116164482 -13668,0055016369
-11778,294542357 -12596,177515858 -20567,0633902635 -13690,4975369192
-11778,294542357 -12411,0732584165 -18286,1066755923 -13757,7147851518
-11778,294542357 -12390,56286153 -17323,0293615733 -13880,902630217
-11778,294542357 -12442,1181126273 -18008,9680541604 -13903,2449284377
-11778,294542357 -12632,128198984 -18390,3999512559 -13820,3340949901
-11778,294542357 -12585,0351453838 -19178,7931141531 -13825,2583101314
-11778,294542357 -12592,8353563885 -18924,8177644099 -13806,4881239109
-11778,294542357 -12935,2192664442 -18257,9104237457 -13742,830660388
-11778,294542357 -13006,8821427782 -18142,0571206536 -13620,4794939436
-11778,294542357 -12926,0006081161 -18369,0862317773 -13606,0376363609
-11778,294542357 -12675,2472191244 -18543,9804288427 -13512,0527243379
-11778,294542357 -12404,3473599163 -17618,9379249324 -13451,2261822394
-11778,294542357 -12790,7378602396 -17533,7687758068 -13510,7885763407
-11778,294542357 -12748,8282144199 -18489,3440583878 -13577,0318462071
-11778,294542357 -12345,6787779453 -17485,2528284823 -13537,8472703235
-11778,294542357 -12275,8021931772 -18140,9917287002 -13445,6155994781
-11778,294542357 -12566,3678709065 -18531,8871586613 -13550,2577976404
-11778,294542357 -12520,3580891788 -18951,4107586338 -13620,5549584708
-11778,294542357 -12675,5380188258 -18413,4128576013 -13697,7744070277
-11778,294542357 -12591,9380446563 -18767,3507196179 -13664,9835531231
-11778,294542357 -12600,6738747348 -19803,449834824 -13648,0550162694
-11778,294542357 -12533,6720403573 -19076,502937515 -13635,5617666668
-11778,294542357 -12577,1639205533 -17227,755719553 -13669,5788224478
-11778,294542357 -12577,635252467 -18714,8814219721 -13687,1403987394
-11778,294542357 -12556,7267814157 -17751,5666474136 -13646,9214886897
-11778,294542357 -12397,4729277537 -18123,6209107656 -13610,5217846943
-11778,294542357 -12442,5571084439 -19690,8189359443 -13602,822941344
-11778,294542357 -12341,6688114 -18981,4624937764 -13589,8441350381
-11778,294542357 -12244,8225267602 -18874,4639942045 -13602,1776808781
-11778,294542357 -12231,0904979464 -18797,5941807718 -13546,0748406179
-11778,294542357 -12275,6207801745 -20311,1206470038 -13494,477572678
-11778,294542357 -12512,0873912578 -18213,0128452444 -13746,8221738134
-11778,294542357 -12525,1409693072 -18141,5222612677 -13719,9472220759
-11778,294542357 -12452,6951834456 -18909,6238583908 -13802,5809431135
-11778,294542357 -12637,4601120932 -17704,7756125663 -13820,9371934996
-11778,294542357 -12079,9326576245 -18383,6219903898 -13778,5548518665
-11778,294542357 -12599,0653317473 -19569,0670347661 -13962,8423013699
-11778,294542357 -12305,6806542296 -17724,0709143562 -13878,0013019793
-11778,294542357 -12521,9451373917 -18788,0370210925 -13862,7676350061
-11778,294542357 -12609,2885134957 -18955,8516157736 -13853,7625104731
-11778,294542357 -12609,0137913036 -19148,577028242 -13827,3151195213
-11778,294542357 -12799,9166949863 -18280,6566743388 -13873,1596624946
-11778,294542357 -13216,397385931 -18378,8040707969 -13840,9636602792
-11778,294542357 -12975,5140945156 -18224,7321915439 -13808,9985618871
-11778,294542357 -12723,0583966408 -18146,6135462649 -13783,2642831976
-11778,294542357 -12626,8400098385 -19590,4235145207 -13622,9630049922
-11778,294542357 -12485,215634023 -18667,7375789177 -13559,1354958746
-11778,294542357 -12748,1665826507 -18501,6983166091 -13625,4100354074
-11778,294542357 -12867,5546423282 -18724,0319982981 -13603,9549167024
-11778,294542357 -12627,3098178339 -18517,1928190236 -13623,5713756267
-11778,294542357 -12831,5855753332 -18240,9591085961 -13740,4630379023
-11778,294542357 -12639,0877881043 -18209,6964597313 -13759,8783138093
-11778,294542357 -12937,2426418299 -19622,9326364088 -13759,3737727156
-11778,294542357 -12834,5327852052 -19141,8336415399 -13819,310246263
-11778,294542357 -12661,1400178137 -19923,074666833 -13806,9182777428
-11778,294542357 -12686,5968508606 -19719,388206286 -13890,7533140824
-11778,294542357 -12616,6330009211 -19201,8093499958 -13960,9944794156
-11778,294542357 -12822,2778659055 -18544,9388116133 -13911,6361058363
-11778,294542357 -12809,6539871481 -19722,8169524211 -13892,6787649028
-11778,294542357 -13201,8054676544 -18631,0432019514 -13936,4246322862
-11778,294542357 -13208,4928567135 -18583,664983701 -13997,5378573478
-11778,294542357 -13358,911265605 -19246,3663716847 -13996,2744358586
-11778,294542357 -13168,0873696788 -19500,4893715363 -13862,914098021
-11778,294542357 -13067,5493027489 -19610,1089418428 -13833,3452789473
-11778,294542357 -12949,693644671 -18236,6618466732 -13932,3868741241
-11778,294542357 -12938,8263474538 -19047,9236881617 -13848,1404685335
-11778,294542357 -13042,9539638114 -18032,3307954903 -13773,4908515773
-11778,294542357 -12871,0845770131 -18548,2169697728 -13671,8917142904
-11778,294542357 -12903,602956369 -19457,4923219077 -13688,8885594882
-11778,294542357 -12862,7635994153 -18787,3513235688 -13729,1025861049
-11778,294542357 -12880,2572242831 -20512,2320562054 -13797,4223048069
-11778,294542357 -13014,6089863763 -18868,5149278667 -13769,3399517781
-11778,294542357 -12766,3661209121 -19628,3530415248 -13794,2823144944
-11778,294542357 -12596,4225616059 -19143,643732023 -13874,5854200529
-11778,294542357 -12541,2797962678 -19133,926514878 -13902,2345999129
-11778,294542357 -12316,2787336289 -20969,1072684747 -13798,3029911411
-11778,294542357 -12561,1547645328 -19082,2966810176 -13780,6727254703
-11778,294542357 -12548,2068216028 -21078,0073541418 -13762,3674721013
-11778,294542357 -12906,3869664145 -18609,1693473098 -13922,9499594319
-11778,294542357 -12967,1431336935 -19649,6045138999 -13943,1632951302
-11778,294542357 -12611,7992244653 -19554,881870324 -13845,8264886713
-11778,294542357 -12843,4832592288 -18513,0798975036 -13786,3419961342
-11778,294542357 -12824,4084004942 -18238,3849479327 -13785,2314210063
-11778,294542357 -12962,8011038552 -18309,5950153687 -13801,6103139165
-11778,294542357 -12935,3284204501 -18765,6867602798 -13765,2237274584
-11778,294542357 -12680,6938799739 -17871,6557359908 -13736,8509474505
-11778,294542357 -12544,5861496358 -18323,065653978 -13644,9499142509
-11778,294542357 -12458,023757998 -19416,3223427507 -13571,3707277346
-11778,294542357 -12387,5201713474 -18884,5225368467 -13586,9579163752
-11778,294542357 -12111,1008099105 -18604,5416131246 -13606,3216107158
-11778,294542357 -12111,1008099105 -18697,6715167918 -13700,4216217719
-11778,294542357 -11914,7018981541 -18059,5838294404 -13728,2030264493
-11778,294542357 -12247,5679039234 -19084,2554692521 -13819,439601727
-11778,294542357 -12317,8104523957 -18588,9553115497 -13840,4856237224
-11778,294542357 -12390,7444935023 -19435,4340882769 -13846,9102259058
-11778,294542357 -12659,4679664257 -19110,4100491144 -14025,9925191361
-11778,294542357 -12329,573122024 -18794,0254570307 -13950,4266132286
-11778,294542357 -12388,9994831353 -18623,9670401306 -13977,1129660437
-11778,294542357 -12378,1239033777 -18386,9373681547 -13982,6564334933
-11778,294542357 -12504,7449930518 -18366,2394882872 -13823,2686822118
-11778,294542357 -12488,3584430389 -20510,2408138407 -13842,1131411587
-11778,294542357 -12531,9324182894 -18192,8038394233 -13780,6718620106
-11778,294542357 -12058,4824025904 -19237,9181032759 -13813,1900558453
-11778,294542357 -12046,7579248781 -18120,7773276543 -13788,2310094937
-11778,294542357 -12022,0654228656 -18858,4876523666 -13696,9574956248
-11778,294542357 -12234,8407511379 -19104,2707747336 -13709,454478057
-11778,294542357 -12322,7873547915 -18116,0656237879 -13777,9096815181
-11778,294542357 -12444,0937409959 -17951,7648997379 -13795,2614983448
-11778,294542357 -12400,7003699216 -18199,8815395583 -13821,9439375235
-11778,294542357 -12543,0982883732 -18536,5676879242 -13810,4061599381
-11778,294542357 -12436,3651123305 -19502,5985908701 -13815,1696549549
-11778,294542357 -12421,6596229448 -18922,5510117422 -13841,9194734494
-11778,294542357 -12435,7218194943 -17848,0293913021 -13797,583373246
-11778,294542357 -12504,9470013485 -17851,5994337392 -13810,1967664281
-11778,294542357 -12423,3965398732 -18843,5555233914 -14017,3669245123
-11778,294542357 -12451,2761138902 -18556,7636439411 -13926,8131510162
-11778,294542357 -12369,1714371193 -19684,3393895233 -13836,883987012
-11778,294542357 -12326,8028392825 -19061,8695130593 -13881,4543841908
-11778,294542357 -12621,3229583375 -19150,1906258926 -14142,2989117039
-11778,294542357 -12648,1915746033 -18449,2494110163 -14065,0920691179
-11778,294542357 -12648,1915746033 -19353,7761897755 -14057,6234348394
-11778,294542357 -12474,2872285673 -18870,9820437274 -14150,3601607302
-11778,294542357 -12360,9977045757 -19657,628999165 -14177,9472104948
-11778,294542357 -12553,6549160598 -19002,7209937831 -14107,4553882222
-11778,294542357 -12372,5296976054 -19845,5450898629 -14049,9464345618
-11778,294542357 -12495,1550072176 -17895,6630242972 -14100,7839109069
-11778,294542357 -12461,0220455898 -18933,0951991401 -14077,7407033436
-11778,294542357 -12367,8726970262 -18752,5121744284 -14013,1622221505
-11778,294542357 -12281,5496258707 -18721,2565227747 -14094,8628762017
-11778,294542357 -12559,4573964054 -18670,7479014169 -14065,483763851
-11778,294542357 -12407,4056176985 -19216,2579954438 -14035,627561547
-11778,294542357 -12429,5979927302 -19107,8315562878 -14066,346873602
-11778,294542357 -12689,7075553079 -17944,2398410578 -14027,5953061998
-11778,294542357 -12540,3417644946 -19263,2772508945 -14022,951778677
-11778,294542357 -12598,446517277 -18611,1626263114 -14069,7584788705
-11778,294542357 -12659,0258836746 -19504,8506084503 -13984,1645305335
-11778,294542357 -12433,9794478666 -18486,9479081101 -13905,6501103591
-11778,294542357 -12390,8517284266 -18740,9884849965 -13855,3859741235
-11778,294542357 -12383,9285554376 -19169,4847395788 -13981,930159464
-11778,294542357 -12676,6257802944 -19568,8752393786 -14030,2649189609
-11778,294542357 -12712,2097732446 -18845,7340271288 -14078,1691138113
-11778,294542357 -12900,8524160994 -18975,5336605724 -14158,7804140006
-11778,294542357 -12861,5839550104 -19196,4803811807 -14027,6719284485
-11778,294542357 -12488,4698991507 -18742,3681573167 -13879,5697410925
-11778,294542357 -12287,0792791683 -18414,2964553888 -13703,7920194597
-11778,294542357 -12160,2023416832 -20111,9795839878 -13629,298911985
-11778,294542357 -12412,4580126417 -19140,9222447117 -13709,5802525967
-11778,294542357 -12087,467699168 -20039,4747600533 -13767,2407448145
-11778,294542357 -12011,1037446152 -19782,0065450753 -13840,6982294175
-11778,294542357 -11834,8102610234 -18462,9252825398 -13813,1887121183
-11778,294542357 -12032,1026136406 -19061,9878132862 -13809,5919056924
-11778,294542357 -11940,4244184318 -20037,5173844381 -13781,9603097556
-11778,294542357 -12303,6096248587 -18540,4201327884 -13802,3025537343
-11778,294542357 -12344,1854353436 -19438,6330870256 -13762,8110457473
-11778,294542357 -12289,1140614129 -18893,5632729419 -13732,3477581741
-11778,294542357 -12551,0359822604 -18519,8576383504 -13782,5688295151
-11778,294542357 -12455,4941769931 -19227,7288401886 -13819,8005678541
-11778,294542357 -12461,2211014392 -19928,5360244378 -13858,4300191862
-11778,294542357 -12609,098021897 -18174,7897653159 -13816,5711690031
-11778,294542357 -12906,9533261517 -19440,5854344977 -13837,0415673303
-11778,294542357 -12901,538548044 -18965,3808437825 -13842,165792067
-11778,294542357 -13032,0124436115 -18935,8254533272 -13840,9300766359
-11778,294542357 -12902,5150325031 -17760,2854596426 -13724,0095724189
-11778,294542357 -12915,0963760641 -19398,0079006614 -13702,7010542469
-11778,294542357 -12720,0809536494 -19621,3882704875 -13599,6134339829
-11778,294542357 -12471,7184198204 -18772,138914393 -13672,0781809591
-11778,294542357 -12407,1449198489 -19692,3782932137 -13669,5645077336
-11778,294542357 -12515,3960665146 -18587,572972026 -13594,3823194417
-11778,294542357 -12241,4418988736 -18589,7365375174 -13538,5921239943
-11778,294542357 -12251,2521811331 -18654,5476899518 -13688,9036082771
-11778,294542357 -12342,247076322 -19396,9113722825 -13767,8161083366
-11778,294542357 -12359,5724239133 -18722,8060493072 -13641,4229575721
-11778,294542357 -12244,4803937943 -18300,946327313 -13612,3247675727
-11778,294542357 -12315,7840032317 -18449,7060547701 -13708,3790513246
-11778,294542357 -12653,4275941605 -19104,9998452006 -13742,6908381294
-11778,294542357 -12936,979854572 -19272,7944682273 -13804,6458096274
-11778,294542357 -13021,2231842901 -17882,4518462743 -13847,4496930853
-11778,294542357 -12986,6845034532 -19265,6357161254 -13963,0854950497
-11778,294542357 -13292,8740614636 -19635,3055858513 -14040,9728786435
-11778,294542357 -13287,6553052902 -19304,0291015264 -14088,0071665383
-11778,294542357 -13395,9149477549 -18803,7016900731 -14001,7086003707
-11778,294542357 -13305,0186594841 -19374,1832544809 -14001,1353310812
-11778,294542357 -13338,9037502777 -18600,9625123308 -13941,0927249377
-11778,294542357 -13247,4455593034 -17360,1386414198 -14016,4989601511
-11778,294542357 -12918,0256492556 -19622,0439902351 -14076,5565173754
-11778,294542357 -12583,2678972816 -19185,9616735589 -14030,3414997204
-11778,294542357 -12597,6746080106 -18830,3420817923 -13957,1289662061
-11778,294542357 -12338,346662719 -18753,4930774324 -14010,2748832116
-11778,294542357 -12537,0025557048 -19857,1492019266 -14120,3275367148
-11778,294542357 -12573,3845926541 -19457,6023542696 -14129,2560394496
-11778,294542357 -12441,0556765283 -18679,2408752757 -14220,9158369944
-11778,294542357 -12398,0700632819 -20526,0624559881 -14089,2753028231
-11778,294542357 -12476,57167825 -18495,8363013462 -14040,9017383948
-11778,294542357 -12540,9518187741 -18455,2076988831 -13984,7728984966
-11778,294542357 -12516,7701235833 -18636,5795505721 -14029,4621856546
-11778,294542357 -12531,7623110282 -18477,2818353223 -13916,6193214134
-11778,294542357 -12576,425708734 -18831,6906471336 -14048,2770184854
-11778,294542357 -12589,1011751142 -19159,8150410081 -13922,4808201944
-11778,294542357 -12786,939657793 -18914,8937676305 -13996,6654212622
-11778,294542357 -12748,3559729666 -18996,4645027519 -13865,890719627
-11778,294542357 -12698,02495762 -18999,7189987983 -13847,9758139445
-11778,294542357 -12680,1092119842 -18597,782665984 -13880,3658033743
-11778,294542357 -12316,1879699273 -18546,5863915904 -13856,2133428009
-11778,294542357 -12242,731649491 -19538,3436689043 -13965,6922025862
-11778,294542357 -12488,3129745311 -18807,3910158467 -13984,7191405651
-11778,294542357 -12443,5781276094 -18372,692309383 -14043,6420004676
-11778,294542357 -12070,6467259557 -18188,4969846031 -13951,0129624912
-11778,294542357 -12502,7975006951 -19942,6847159644 -13953,0048556323
-11778,294542357 -12474,7517787637 -18930,427765884 -13955,5163919004
-11778,294542357 -12525,058411427 -19389,8809479115 -13936,8288601832
-11778,294542357 -12342,44141718 -19296,2963779925 -13945,2014219418
-11778,294542357 -12493,1180272187 -18800,7827925844 -13978,6732528482
-11778,294542357 -12599,4889356859 -19233,0803124119 -14104,3509573624
-11778,294542357 -12523,0198189328 -19084,750998645 -14103,7532658081
-11778,294542357 -12394,5749825551 -17753,4884787445 -13981,3668139639
-11778,294542357 -12376,3774197967 -19107,8489484585 -13952,0106646293
-11778,294542357 -12574,5720867471 -19298,5877608701 -13979,0567037732
-11778,294542357 -12646,1159190801 -18707,7199043559 -13953,8842991711
-11778,294542357 -12681,6260119647 -20179,1998446591 -13972,8303954126
-11778,294542357 -12690,9889704641 -19669,8304681419 -13986,8968780045
-11778,294542357 -12565,7926736537 -20147,528564418 -13938,8598161436
-11778,294542357 -13001,4126452463 -18546,3196742977 -14011,445287413
-11778,294542357 -12949,5623228831 -17956,9585890952 -13960,592368237
-11778,294542357 -12943,4072890735 -19902,1979574991 -13929,94823416
-11778,294542357 -13023,0701376809 -19553,2729453862 -14005,9235061292
-11778,294542357 -13019,9820528708 -18292,745394154 -13946,6781485233
-11778,294542357 -12803,7037399626 -18846,5110702432 -13806,5410003194
-11778,294542357 -12657,8235435847 -18020,338048661 -13749,0000443177
-11778,294542357 -12857,4873887302 -18947,6243705814 -13757,1096125246
-11778,294542357 -12699,2144119277 -18005,7610827917 -13759,9176664209
-11778,294542357 -12410,1095335701 -18289,8595661219 -13761,528546605
-11778,294542357 -12413,1976183802 -18567,1141617588 -13809,4798916119
-11778,294542357 -12526,7318704447 -18417,7713556126 -13856,5351493996
-11778,294542357 -12295,5038839609 -19281,4031309345 -13911,1886760309
-11778,294542357 -12386,2704525009 -19249,2923702245 -13801,4999621427
-11778,294542357 -12784,0244724635 -19356,1720319105 -13877,7244810966
-11778,294542357 -12740,5574830273 -18818,3448072313 -13930,7213071298
-11778,294542357 -12728,7920636077 -19461,1607755406 -14005,3022795739
-11778,294542357 -12830,4368661065 -20034,990962295 -13991,3853203905
-11778,294542357 -12719,437429257 -18922,2870851574 -13889,3923752668
-11778,294542357 -12340,5939395905 -18931,7507379615 -13837,2394616216
-11778,294542357 -12341,1484252776 -19781,4818934676 -13841,8919951729
-11778,294542357 -12422,3465964281 -18489,4983143129 -13963,4955050388
-11778,294542357 -12544,5340099783 -20390,2256019427 -13907,6424643388
-11778,294542357 -12619,5606204681 -20467,0318695848 -13991,2504821049
-11778,294542357 -12652,6397804606 -18890,9030197397 -14036,3338428843
-11778,294542357 -12658,1354954388 -19536,2641254463 -14012,2834629535
-11778,294542357 -13003,4439402088 -19079,4110452975 -13987,0670205344
-11778,294542357 -12764,7145148469 -19279,3038538504 -14044,9204846498
-11778,294542357 -12744,2729593022 -18920,3732657511 -14140,1835858326
-11778,294542357 -13049,0120837071 -19292,1054860132 -14276,2565706422
-11778,294542357 -13328,134768308 -19670,0140429273 -14269,9839430473
-11778,294542357 -12881,9174124331 -19345,8031063361 -14225,0238682808
-11778,294542357 -12840,1319199344 -19335,9555069097 -14290,6908271011
-11778,294542357 -12686,518449101 -20603,7700846628 -14313,2260724115
-11778,294542357 -12677,4739783393 -19125,652267687 -14245,2609195686
-11778,294542357 -12647,6478384181 -18526,0552591189 -14305,712304429
-11778,294542357 -13035,654210766 -19432,9660030297 -14294,8473148411
-11778,294542357 -12991,3811425443 -19052,407377975 -14280,6499408907
-11778,294542357 -13149,3430330438 -19068,3729883616 -14257,9671945614
-11778,294542357 -13308,236435213 -19832,9776741103 -14311,1728689978
-11778,294542357 -13049,9792031986 -19094,5436382698 -14161,0019936629
-11778,294542357 -13213,1668680998 -18808,044541004 -14165,1887225758
-11778,294542357 -13257,052841279 -18738,6234918083 -14107,0017177653
-11778,294542357 -13317,8579853111 -18152,6999573842 -14049,348070837
-11778,294542357 -13395,1888101021 -20017,1929581098 -14157,9534840514
-11778,294542357 -13205,8102195297 -18477,4111026447 -14149,4487864787
-11778,294542357 -13259,2913039334 -20576,9123037198 -14091,1202510371
-11778,294542357 -13486,5470732363 -19072,1932275021 -14233,6363703778
-11778,294542357 -13547,9366796006 -18665,0862596612 -14424,1680276407
-11778,294542357 -13522,8994262549 -18685,2188869037 -14344,1947461252
-11778,294542357 -13214,4418881113 -18694,4631917402 -14279,227912128
-11778,294542357 -13201,8056582808 -17961,4524630961 -14219,5043903137
-11778,294542357 -13354,9086202895 -18462,9412923411 -14273,3954261423
-11778,294542357 -13199,9685880294 -19467,473024131 -14296,2585515018
-11778,294542357 -13530,8017291295 -20121,7566356493 -14312,6818569106
-11778,294542357 -13567,4675625551 -18890,5112576854 -14374,456405909
-11778,294542357 -13528,9721334757 -18574,8918730136 -14316,8565274924
-11778,294542357 -13425,7999536946 -18838,0181068594 -14310,074269352
724,949101074049
