-25557,3479124709 -25643,7821681579 -32026,4393161345 -28599,552155089
-24779,935533086 -24779,935533086 -31260,354617368 -28054,7382621223
-23863,6049066502 -23863,6049066502 -30901,6287029287 -27219,4812947384
-23341,6011712257 -23341,6011712257 -29917,9189976632 -26760,0583258472
-23128,2248001578 -23128,2248001578 -29352,8207215321 -26120,1848290519
-22876,1943151342 -22876,1943151342 -29686,555111251 -25948,619828281
-22861,2112539156 -22861,2112539156 -29463,9816784105 -25722,9860957471
-22231,3532814545 -22231,3532814545 -29215,2789179176 -25272,3629118512
-21566,8818230466 -21566,8818230466 -28664,0105484621 -24628,5936137601
-21388,9404467501 -21388,9404467501 -28275,8151684358 -24180,467142921
-20914,3798163991 -20914,3798163991 -27181,0921563276 -23711,4068608615
-20525,7202905281 -20525,7202905281 -26390,4734293376 -23318,6991958224
-20512,9241282588 -20512,9241282588 -27301,3910206089 -22848,0741036308
-20003,9167309729 -20003,9167309729 -25702,8338659934 -22345,2656706561
-19107,1868356426 -19107,1868356426 -25662,9491372265 -22106,0346118034
-18607,043416127 -18607,043416127 -25372,171742955 -21749,0463757386
-18390,5866856315 -18390,5866856315 -25416,1598515256 -21428,9401717018
-18149,8690583587 -18149,8690583587 -25187,1224520584 -21060,4415821657
-17966,9733191217 -17966,9733191217 -24528,6069204113 -20883,583209495
-17743,8616345905 -17743,8616345905 -24414,300743483 -20658,4154855873
-17661,2241708682 -17661,2241708682 -23620,7806499794 -20194,8510745803
-17597,6747136107 -17597,6747136107 -24811,320221962 -20069,284058292
-17561,5362783416 -17561,5362783416 -23627,1717671731 -19763,4218489617
-16882,2820387587 -16882,2820387587 -23372,1371103142 -19427,5531446881
-16779,6920377178 -16779,6920377178 -23587,1371008796 -19264,0393667918
-16779,6920377178 -16912,0139947329 -22911,0641120024 -19116,6592889283
-16779,6920377178 -16856,3896621938 -22336,3139378205 -18833,7082194472
-16717,2886029447 -16717,2886029447 -22651,5741196375 -18709,934467408
-16427,2614671851 -16427,2614671851 -21868,6479695376 -18530,1006163079
-16107,3725049446 -16107,3725049446 -21370,5923474494 -18395,6040372383
-16056,2513493276 -16056,2513493276 -21341,1149344451 -18180,1157930924
-16016,822441699 -16016,822441699 -21693,4521392319 -18080,5758420766
-15695,5245148669 -15695,5245148669 -20798,293606343 -17786,0885116859
-15561,1557088196 -15561,1557088196 -21503,0578407681 -17581,0190939947
-15561,1557088196 -15561,1557088196 -20400,4942130421 -17419,7067094502
-14972,198156183 -14972,198156183 -19816,782055973 -17141,3045066604
-14968,767930624 -14968,767930624 -19870,8195707322 -17013,5737450379
-14956,9808939946 -14956,9808939946 -20356,7621998063 -16856,6245156009
-14956,9808939946 -14956,9808939946 -19942,6420406801 -16573,201244989
-14754,2957848313 -14754,2957848313 -19602,5056801153 -16407,8599429307
-14609,069390928 -14609,069390928 -19219,2460472052 -16246,654428045
-14536,7112725272 -14536,7112725272 -18752,384403427 -16013,7517017999
-14536,7112725272 -14560,5071603498 -19111,2633784858 -15921,3029987168
-14536,7112725272 -14560,5071603498 -18711,441862951 -15862,9843998918
-14466,422155734 -14466,422155734 -18611,2797698834 -15904,6880597565
-14466,422155734 -14540,11467487 -18393,777339311 -15747,4744626216
-13432,3920217159 -13432,3920217159 -17996,1390223404 -15470,8316929622
-13432,3920217159 -13474,7060840252 -18056,5272512975 -15435,2632286503
-13076,1862777174 -13076,1862777174 -18014,3422272552 -15279,266278783
-13076,1862777174 -13218,1961670252 -17834,8894921615 -15230,119900299
-13076,1862777174 -13285,4627353877 -18249,5356602948 -15090,28380326
-12959,7529244928 -12959,7529244928 -17787,9427384993 -15010,4130661353
-12959,7529244928 -13032,9000559281 -18109,8227459842 -15072,2352803328
-12959,7529244928 -13053,0613085195 -17775,8273307105 -14926,1833353432
-12959,7529244928 -13148,9962729559 -17565,0884155707 -14896,1782437647
-12818,0776262021 -12818,0776262021 -17633,9659753497 -14883,4500068409
-12583,6704821401 -12583,6704821401 -17751,2390976583 -14697,6663823685
-12583,6704821401 -12643,4003359164 -17290,5780425276 -14742,3922954535
-12583,6704821401 -12641,0023415342 -18117,4183160639 -14607,0203376729
-12392,1697263084 -12392,1697263084 -17413,5526020244 -14647,1254706924
-12392,1697263084 -12418,2510566246 -17575,5748252105 -14538,7453206727
-12311,8035556452 -12311,8035556452 -17413,2592409343 -14350,6123453722
-12311,8035556452 -12346,7897368854 -17912,5572232173 -14333,7182204487
-12311,8035556452 -12432,7686083114 -17829,2751067324 -14271,53878659
-12264,0648468397 -12264,0648468397 -17184,5426967238 -14218,158784679
-12264,0648468397 -12268,9270964511 -16956,1589954309 -14146,3887225519
-12264,0648468397 -12299,2373253241 -16719,5458229744 -14094,1964555048
-12264,0648468397 -12316,2618535468 -16957,9398597243 -13985,8964118793
-12264,0648468397 -12316,2618535468 -16531,3502115924 -13904,8442056945
-12264,0648468397 -12293,0352967506 -17074,7130116568 -13875,9399578336
-12264,0648468397 -12266,5308047975 -16638,6746654946 -13783,5937704266
-12121,9103588884 -12121,9103588884 -17080,9030059233 -13812,4139473953
-12121,9103588884 -12296,184382065 -16697,7472688753 -13753,4721052572
-12121,9103588884 -12236,6893507397 -16749,740175485 -13653,7563426294
-12121,9103588884 -12233,4398277552 -16929,7727480909 -13671,1366866432
-12121,9103588884 -12290,9977863138 -17034,9275301849 -13751,8891508724
-12121,9103588884 -12147,5740100981 -16600,1626853919 -13685,7645604435
-11868,6626835105 -11868,6626835105 -17171,3385823879 -13617,349758621
-11868,6626835105 -12175,5845626302 -16358,3372330802 -13599,4086800084
-11868,6626835105 -12274,1248853681 -16114,2995374645 -13548,7807132528
-11868,6626835105 -12260,7933400441 -16104,1786043069 -13442,9961152351
-11868,6626835105 -12084,4895787082 -16776,4645584265 -13358,7271135101
-11868,6626835105 -12033,1451385409 -16242,0634683506 -13256,1288910871
-11868,6626835105 -11938,3471433796 -16678,7071842665 -13244,4232211521
-11868,6626835105 -11922,5762676495 -16479,6719125847 -13273,7370937789
-11803,8473737431 -11803,8473737431 -16394,2795308328 -13209,1957403491
-11803,8473737431 -11932,661768057 -15729,4351705631 -13209,0609131381
-11803,8473737431 -11813,045759697 -15633,2320047561 -13042,3520538494
-11803,8473737431 -11823,5843985538 -16253,862992214 -13005,9394816092
-11643,6983887578 -11643,6983887578 -16626,6665563747 -13013,0790520357
-11643,6983887578 -11698,5056125548 -15944,1721183066 -13047,9484973773
-11643,6983887578 -11649,3464154248 -16393,2633143121 -12979,2065746086
-11566,6233816676 -11566,6233816676 -16454,2387946923 -13031,0094080872
-11555,2627540978 -11555,2627540978 -15789,3082064414 -13133,7974045421
-11503,9280525147 -11503,9280525147 -16092,5851189866 -13053,7744906433
-11503,9280525147 -11569,023428129 -16446,3496422092 -13080,8053956348
-11503,9280525147 -11569,6698231164 -16300,6760841791 -13041,6551575507
-11503,9280525147 -11599,5056205511 -16336,1180389791 -12990,4894706496
-11458,6379960638 -11458,6379960638 -15385,4931480611 -12968,2202929409
-11458,6379960638 -11482,6980234035 -15445,327642216 -12977,5846169572
-11331,2911436755 -11331,2911436755 -16476,8267177642 -12963,555957795
-11212,4888002374 -11212,4888002374 -16118,6466805584 -13003,6831870787
-11059,8404668374 -11059,8404668374 -15992,8517730201 -12947,1515504548
-11055,6994815225 -11055,6994815225 -16104,186895556 -12936,7974966213
-11055,6994815225 -11059,7300702138 -16132,3027247297 -13013,6327615833
-11055,6994815225 -11188,2487821698 -16460,0080438608 -12999,8360087287
-11055,6994815225 -11307,0511256079 -16641,4206712838 -12931,9690520522
-11055,6994815225 -11287,8718041723 -16299,9780750313 -12932,9128062401
-11055,6994815225 -11218,796958865 -15747,5120318528 -12800,0414959153
-11055,6994815225 -11286,1429626073 -15804,1600652109 -12706,7640170371
-11055,6994815225 -11220,5876560067 -16125,5898150782 -12637,2377707237
-11055,6994815225 -11237,0442519506 -16367,3858929912 -12676,5708323016
-11055,6994815225 -11344,7907043116 -16811,9743311719 -12637,6491641717
-11055,6994815225 -11085,0552107172 -16374,4353376135 -12618,2532801401
-11055,6994815225 -11289,0427192107 -15741,2461163218 -12649,5571327098
-11055,6994815225 -11065,14957441 -15714,1099817501 -12636,5302601706
-11055,6994815225 -11116,270730027 -16367,6728593505 -12748,1972073286
-11055,6994815225 -11329,0296682947 -16404,1110482716 -12813,2108986271
-11055,6994815225 -11246,3228115607 -15885,4315703604 -12762,179218035
-11055,6994815225 -11678,0386302737 -16781,5012000115 -12732,7983160437
-11055,6994815225 -11822,8730740204 -15530,8500847903 -12743,0015507307
-11055,6994815225 -11915,3169459361 -15649,5890037839 -12802,1206971136
-11055,6994815225 -11683,7700379868 -16665,6218566805 -12762,9584209573
-11055,6994815225 -11686,402235747 -15830,0665467591 -12734,7823013453
-11055,6994815225 -11618,8001196486 -16106,0334826068 -12756,8268244051
-11055,6994815225 -11708,6586576317 -15855,0954917476 -12787,340639695
-11055,6994815225 -11694,1789210126 -16308,2447741182 -12800,0280401465
-11055,6994815225 -11808,06802085 -15835,0162870696 -12897,577436174
-11055,6994815225 -11815,490974951 -15989,6190021446 -12889,361253558
-11055,6994815225 -11725,6324369679 -16410,1336679331 -12921,6796774225
-11055,6994815225 -11756,5966834567 -15543,5910416339 -12921,6722767376
-11055,6994815225 -11668,6909238403 -16276,8044813462 -12827,1674986773
-11055,6994815225 -11751,9210824839 -16950,1439198541 -12752,0464347499
-11055,6994815225 -11784,6128946779 -16664,051783684 -12723,1562507471
-11055,6994815225 -11439,1359626839 -15684,1963613732 -12645,6506644884
-11055,6994815225 -11507,9485739145 -15846,1658809952 -12691,0880981131
-11055,6994815225 -11507,9485739145 -16422,897795372 -12715,0494374682
-11055,6994815225 -11506,9439669932 -15919,1722927928 -12841,3542516271
-11055,6994815225 -11485,1949916262 -16932,2244119428 -12839,6524514464
-11055,6994815225 -11624,8955950148 -16266,4256154212 -12798,5472996271
-11055,6994815225 -11485,180400548 -15765,3813893545 -12877,68787564
-11055,6994815225 -11211,0873940791 -15649,2479948135 -12873,7616533047
-11055,6994815225 -11220,9758517723 -16276,4809666207 -12773,701466267
-11055,6994815225 -11392,9462496011 -15493,380394685 -12743,0508216016
-11055,6994815225 -11384,84873477 -16148,67447681 -12756,9835933798
-11055,6994815225 -11384,1785851477 -15750,0344292161 -12749,4188548988
-11055,6994815225 -11618,9909521425 -15308,2018718383 -12738,721588073
-11055,6994815225 -11660,9256449152 -15374,8919584204 -12807,8276441191
-11055,6994815225 -11762,2168587855 -15362,8770267479 -12841,1770457586
-11055,6994815225 -11676,3924879366 -15411,327319458 -12768,0981802903
-11055,6994815225 -11681,4178194384 -15395,3859661045 -12734,0470455432
-11055,6994815225 -11568,1834772379 -16366,5089418396 -12727,2674746751
-11055,6994815225 -11377,2529838467 -14922,6225901929 -12713,6781802478
-11055,6994815225 -11377,2529838467 -15862,7584170594 -12705,4641509867
-11055,6994815225 -11552,0677721283 -15574,5278986107 -12728,3067728421
-11055,6994815225 -11565,2950580685 -16129,4491841916 -12663,9850752456
-11055,6994815225 -11436,811237541 -15177,154216623 -12553,621717442
-11055,6994815225 -11288,7467343732 -15500,3373308553 -12539,0724025186
-11055,6994815225 -11139,0343970639 -14811,6114018906 -12510,5082065967
-11055,6994815225 -11077,841946438 -15975,3986871771 -12556,1198955698
-10918,8052899446 -10918,8052899446 -15410,3965358361 -12457,9312501766
-10735,8908702764 -10735,8908702764 -15708,3798547148 -12465,7869737805
-10542,5646099813 -10542,5646099813 -15097,6078272599 -12366,8181864258
-10542,5646099813 -10865,0196381754 -15174,074215464 -12325,9011928305
-10542,5646099813 -10927,8362257332 -15613,4147252315 -12344,4233511694
-10542,5646099813 -10899,9682140824 -15452,507189776 -12340,3078708446
-10542,5646099813 -11077,3537147486 -15466,2855685229 -12410,0718783533
-10542,5646099813 -11087,5797706919 -15101,6692994383 -12416,0559670647
-10542,5646099813 -11175,350409315 -15392,3424232622 -12353,9742752366
-10542,5646099813 -11249,9606856141 -15734,4973041942 -12364,3736770619
-10542,5646099813 -11454,9700721829 -14883,6935929343 -12290,530621366
-10542,5646099813 -11459,5462586292 -15119,5193740876 -12322,2359923943
-10542,5646099813 -11713,9643223166 -15073,3322169539 -12359,4102347934
-10542,5646099813 -11677,0629972967 -14574,906524212 -12356,544979266
-10542,5646099813 -11738,221331883 -15461,6883224909 -12299,2437842231
-10542,5646099813 -11663,7009713475 -14820,0688879273 -12274,7094455564
-10542,5646099813 -11411,3530441455 -15392,8746788112 -12201,422755887
-10542,5646099813 -11354,2616542948 -15447,9425895862 -12213,5589135017
-10542,5646099813 -11449,3953482227 -15123,8223971524 -12213,3128113807
-10542,5646099813 -11471,8014237855 -14992,5291667715 -12185,6634804954
-10542,5646099813 -11461,7122057165 -15126,8807434629 -12279,5771614428
-10542,5646099813 -11606,8842809099 -15151,6056120668 -12245,1741866373
-10542,5646099813 -11441,206550099 -15635,1459862352 -12196,5051139915
-10542,5646099813 -11391,4466519209 -15277,8689080427 -12183,2954703487
-10542,5646099813 -11211,6509587742 -14812,5043647472 -12141,8741030861
-10542,5646099813 -11295,2444462561 -14614,517092578 -12137,7576604372
-10542,5646099813 -11377,582922439 -14489,1024389465 -12109,0720183542
-10542,5646099813 -11316,3738483525 -15331,2988821012 -12058,5067870125
-10542,5646099813 -11569,6496219838 -15087,2699862635 -12055,9945218179
-10542,5646099813 -11312,0742920221 -15402,8344577424 -11988,4275077254
-10542,5646099813 -11436,0396285114 -14431,2098485349 -12029,6934974176
-10542,5646099813 -11440,3707795528 -15004,3467326895 -12045,1096434148
-10542,5646099813 -11355,4296371282 -15297,9091465735 -12004,7885241322
-10542,5646099813 -11516,1635836733 -14691,8907872484 -12031,9670108859
-10542,5646099813 -11651,4233388071 -15351,2049268025 -12051,4326137222
-10542,5646099813 -11576,99881333 -14882,882732511 -12102,5327899504
-10542,5646099813 -11513,4434629412 -14796,7475813059 -12117,5322564129
-10542,5646099813 -11651,1145802574 -15056,0760964847 -12158,4338059516
-10542,5646099813 -11506,3571290771 -15049,6317743201 -12168,2638026071
-10542,5646099813 -11259,4922020615 -14733,6576821362 -12172,5391092077
-10542,5646099813 -11186,8813355113 -15098,6734884106 -12213,7609949395
-10542,5646099813 -11209,2206444798 -15604,254969268 -12233,8067549074
-10542,5646099813 -11371,6017399638 -15110,2475342663 -12226,0122684702
-10542,5646099813 -11261,1481048766 -14535,3891505687 -12217,9424736326
-10542,5646099813 -11068,1113576003 -14950,7944109289 -12140,6561107238
-10542,5646099813 -11184,1253319861 -15068,8038840426 -12084,7098179716
-10542,5646099813 -11135,3020633291 -15292,9299517808 -12002,1628090544
-10542,5646099813 -11029,0180145255 -15324,7439260085 -11980,0806492817
-10542,5646099813 -10983,2993565262 -15327,5459800486 -11977,6819173662
-10542,5646099813 -10805,7505085984 -15415,6269770788 -11964,0575797752
-10542,5646099813 -11022,0824910579 -15742,6685581178 -11940,9378651819
-10542,5646099813 -10784,7850124402 -14952,8775355838 -11936,060677844
-10542,5646099813 -11164,2509359387 -15483,8001505833 -11984,8858775369
-10542,5646099813 -11087,6725683215 -15406,2894236256 -11939,3941990032
-10542,5646099813 -11356,7857121306 -14630,4847198628 -12054,0591010918
-10542,5646099813 -11271,1889832065 -14508,6213922365 -12034,8476912311
-10542,5646099813 -11497,5466022576 -15171,2942675587 -12126,7659448578
-10542,5646099813 -11678,4528135693 -15393,1973595178 -12143,9928548908
-10542,5646099813 -11485,833686736 -14982,0747588607 -12092,2860220097
-10542,5646099813 -11437,4910985353 -14486,444723748 -12075,4658603981
-10542,5646099813 -11536,8860127425 -14830,5605419647 -12046,7400849065
-10542,5646099813 -11536,8860127425 -15741,6809290941 -12098,9721140732
-10542,5646099813 -11517,043074168 -14807,2463478875 -12048,7377848173
-10542,5646099813 -11474,0967656374 -15634,2751157044 -12089,0582874441
-10542,5646099813 -11522,4962220581 -15155,6763633717 -12108,4146518009
-10542,5646099813 -11808,2985284558 -14400,2269787936 -12171,5945085246
-10542,5646099813 -11804,7146845441 -14985,1748131963 -12229,3830302709
-10542,5646099813 -11702,1246835033 -14457,5745320612 -12139,18952952
-10542,5646099813 -11668,7989067241 -14688,2188410828 -12186,4330584411
-10542,5646099813 -11386,1099458083 -14872,5779952706 -12132,0407794227
-10542,5646099813 -11524,6135320328 -14371,623972218 -12236,9495607314
-10542,5646099813 -11616,0707886669 -15624,8910689492 -12243,2735064513
-10542,5646099813 -11390,7143215118 -15070,5595647162 -12186,18289091
-10542,5646099813 -11375,4498173905 -15332,6303623371 -12127,281702001
-10542,5646099813 -11375,4498173905 -14741,6533567761 -12043,5119651707
-10542,5646099813 -11495,7359543332 -15573,6902974298 -11998,3087670146
-10542,5646099813 -11365,176552159 -14789,5876492268 -12027,2561711901
-10542,5646099813 -11389,4393872253 -14936,5561174391 -12026,5317895431
-10542,5646099813 -11162,5419154559 -15015,1903586264 -11995,5257870177
-10542,5646099813 -11227,5488678333 -14871,4123025037 -12012,7110789929
-10542,5646099813 -11184,2260818964 -14989,3904639506 -12051,7221125356
-10542,5646099813 -11281,2059019096 -14529,5162559366 -12142,5399696485
-10542,5646099813 -11224,0790072622 -14923,4327517802 -12070,1933227301
-10542,5646099813 -11108,5306265594 -15304,8365162757 -12123,4230460179
-10542,5646099813 -11107,0736561896 -14940,6027186578 -12021,958042733
-10542,5646099813 -11165,5331597707 -14965,518154929 -11996,5882107714
-10542,5646099813 -11165,5331597707 -15104,7970343185 -12037,366565328
-10542,5646099813 -11068,1486551588 -14546,8749909049 -11987,593745338
-10542,5646099813 -11155,764478585 -14676,9518709913 -11992,3679872606
-10542,5646099813 -11170,7037131501 -14824,2865438286 -12005,6732120303
-10542,5646099813 -11282,892234037 -14162,2444685351 -11977,8461447693
-10542,5646099813 -11263,4142146265 -14525,3135221909 -12001,8505522849
-10542,5646099813 -11364,8512996496 -15161,8803949051 -11960,3558451723
-10542,5646099813 -11263,194736725 -14382,08301368 -11980,8581987278
-10542,5646099813 -11297,4324141043 -14655,267862449 -12071,9794418403
-10542,5646099813 -11301,0510548867 -14471,890386361 -12107,2750489798
-10542,5646099813 -11311,9178733863 -14840,9367501226 -12081,420426719
-10542,5646099813 -11256,7301643818 -14691,9430134313 -12040,7922633085
-10542,5646099813 -11371,42678568 -14797,0591928853 -12030,7101938165
-10542,5646099813 -11298,417074534 -15459,125816321 -12066,8247692938
-10542,5646099813 -11261,0573612986 -15200,058993575 -12088,7420066206
-10542,5646099813 -11364,3903077773 -14695,6127089631 -12130,5908809457
-10542,5646099813 -11362,0765162211 -14510,4853475108 -12106,1690864152
-10542,5646099813 -11318,6578623563 -14499,3035205346 -12170,6150410064
-10542,5646099813 -11341,5218039554 -15146,0198489693 -12190,7204674124
-10542,5646099813 -11164,5230897047 -14902,0542042191 -12092,3153158691
-10542,5646099813 -11170,1381109912 -15235,3829722361 -12127,767728222
-10542,5646099813 -11427,4774865592 -14719,1745425015 -12152,2532642809
-10542,5646099813 -11380,8183824585 -14851,6901499054 -12094,5866216789
-10542,5646099813 -11365,5134751321 -15533,1171565267 -12018,6143694593
-10542,5646099813 -11263,5533740258 -14445,1555037076 -11967,0657651715
-10542,5646099813 -11372,9417959389 -14783,6759187022 -11983,4872958396
-10542,5646099813 -11311,7577644215 -14810,6196639641 -12050,8578962966
-10542,5646099813 -11510,9944692532 -15028,269361496 -12062,7636880054
-10542,5646099813 -11563,1073942041 -15266,7230110683 -12099,3794723157
-10542,5646099813 -11503,1440929621 -14504,5323392276 -12113,7325492653
-10542,5646099813 -11481,1694673716 -14568,3847662496 -12029,6649528097
-10542,5646099813 -11395,1912843295 -14341,7243491285 -12006,6943591637
-10542,5646099813 -11486,7163541344 -14970,8790282952 -12051,0067829407
-10542,5646099813 -11536,2110097559 -14592,6373706469 -12129,750936897
-10542,5646099813 -11682,0864246459 -14430,7427712102 -12100,7375968793
-10542,5646099813 -11728,3751701402 -14755,8316807851 -12100,0329278975
-10542,5646099813 -11254,4736876959 -14786,3872445782 -12050,1588416127
-10542,5646099813 -11254,4736876959 -14738,8792003482 -11989,8019457505
-10542,5646099813 -11356,4337888023 -14469,7536448642 -11942,0100041631
-10542,5646099813 -11283,7995290669 -15144,6682234137 -11903,0968589299
-10542,5646099813 -11289,1098037495 -14566,6198589749 -11946,8690927616
-10542,5646099813 -11290,1520733001 -14258,9117993607 -11974,1700712747
-10542,5646099813 -11276,2774472774 -14740,0663518389 -11930,5163404624
-10542,5646099813 -11290,9897248252 -14435,3566259857 -12026,0908938214
-10542,5646099813 -11291,2860341727 -15160,5836209702 -12033,8548348606
-10542,5646099813 -11231,6622777413 -15330,4905456857 -12034,3519867262
-10542,5646099813 -11272,641398514 -14680,0849466704 -12060,1373277701
-10542,5646099813 -11443,1086789246 -15367,1317667701 -12215,0257478821
-10542,5646099813 -11417,1329576032 -15147,4337064698 -12228,8094355828
-10542,5646099813 -11503,2828453086 -14696,7941720486 -12288,5964321593
-10542,5646099813 -11542,6552947301 -15228,0143267292 -12334,3176040626
-10542,5646099813 -11581,1333740675 -15144,9992450453 -12346,5142955202
-10542,5646099813 -11274,5645173018 -15255,033810197 -12283,1181785117
-10542,5646099813 -11054,5918422016 -14799,846972384 -12219,3337545755
-10542,5646099813 -11001,1207189186 -14949,4802985032 -12148,875856183
-10542,5646099813 -10963,8450774625 -15318,3005789912 -12143,609888373
-10542,5646099813 -10962,4004351283 -15473,3276735988 -12124,4767937426
-10542,5646099813 -10631,0496701949 -15767,932510347 -12127,6006904183
-10542,5646099813 -10637,658450017 -14968,43190638 -12136,8692522582
-10542,5646099813 -10625,2611991313 -15824,4452114947 -12116,1875020813
-10542,5646099813 -10808,0944061646 -14927,2750787755 -12125,8005517314
-10542,5646099813 -10719,9600290258 -15560,3022211443 -12143,5708715134
-10542,5646099813 -10843,5160273603 -15382,9441038885 -12107,4691606584
-10542,5646099813 -11091,5389068624 -15255,8563077116 -12143,3260682306
-10542,5646099813 -11106,7468493647 -16043,9615534052 -12134,5118286798
-10542,5646099813 -11183,8103511204 -15391,4930195537 -12155,1183216243
-10542,5646099813 -11183,8103511204 -15121,3871903589 -12093,8140744905
-10542,5646099813 -11041,4559324822 -15096,0238997969 -12054,2254070059
-10542,5646099813 -10954,2893424769 -14720,2804747246 -12072,7188688215
-10542,5646099813 -10701,7453921888 -14767,196521327 -12105,9387572579
-10542,5646099813 -10677,5729048119 -15134,4212293712 -12035,1321116677
-10542,5646099813 -10779,3272536073 -15949,0478026986 -12068,433754784
-10542,5646099813 -10713,7592584012 -15104,9519881751 -12041,6739970243
-10542,5646099813 -10693,6838045191 -14832,487155146 -11977,0755727009
-10542,5646099813 -11029,3885072643 -14676,380462097 -12053,459169005
-10542,5646099813 -11012,2336146622 -15436,8281016499 -12103,6079376239
-10542,5646099813 -11045,9940533336 -14820,6112169173 -12086,1319448617
-10542,5646099813 -11060,444280626 -14255,4250682873 -12075,8035621474
-10542,5646099813 -11082,4599548596 -14328,8454919876 -12050,4100078583
-10542,5646099813 -11322,8860953478 -14823,3159185793 -12099,6721678973
-10542,5646099813 -11289,5807113693 -14710,2813383825 -12058,2363494891
-10542,5646099813 -11134,7839616868 -14687,7628376042 -12071,9117925449
-10542,5646099813 -10949,8758114296 -15044,5712383202 -12039,7792848937
-10542,5646099813 -10919,7481092315 -15731,8579643532 -12099,4398369237
-10542,5646099813 -10929,8228151433 -15438,8192475572 -12145,4910843381
-10542,5646099813 -11201,186072286 -15831,9649942184 -12149,3380609408
-10542,5646099813 -11296,7745643697 -15470,3574014466 -12118,2623957287
-10542,5646099813 -10953,9041563912 -14827,2224518795 -12097,6500884571
-10542,5646099813 -10923,0585846669 -14761,1738866311 -12169,0540504475
-10542,5646099813 -11057,6012300413 -15747,857846408 -12241,6626665567
-10542,5646099813 -11275,9593104793 -15510,5670352632 -12275,5058347821
-10542,5646099813 -11301,9128503672 -15424,4859177944 -12266,00259821
-10542,5646099813 -11301,9128503672 -15803,1018256893 -12271,2592235066
-10542,5646099813 -11045,0758938556 -14675,7446710709 -12326,2546760961
-10542,5646099813 -11142,8156394304 -15205,0765326131 -12308,1355013433
-10542,5646099813 -11105,6738929993 -15207,2525609877 -12264,2432593307
-10542,5646099813 -11004,1647793369 -15517,2595393939 -12232,0599940011
-10542,5646099813 -11027,5955799356 -15524,2081397074 -12130,0173635573
-10542,5646099813 -11091,2399033281 -15291,6376236896 -12198,8023026194
-10542,5646099813 -11035,5954072834 -14645,9020524776 -12169,3268674962
-10542,5646099813 -11159,1514056179 -15185,2791391035 -12102,3721500026
-10542,5646099813 -11237,6931482476 -14794,5841308594 -12140,8864427993
-10542,5646099813 -11274,0406443039 -14848,9956198706 -12187,7086628088
-10542,5646099813 -11205,8619818051 -15359,4520875959 -12125,6176215231
-10542,5646099813 -11210,2420210797 -16028,8530374657 -12161,0134554936
-10542,5646099813 -11208,7842967501 -15241,1461143086 -12096,450545387
-10542,5646099813 -11051,9910131311 -15276,5031147408 -11983,3510527038
-10542,5646099813 -11042,4637094377 -15127,2867191676 -11987,5151679986
-10542,5646099813 -11117,1726736094 -14691,0751612869 -11982,1537047769
-10542,5646099813 -11117,1726736094 -14945,2174714441 -12006,256766815
-10542,5646099813 -11048,1115153896 -14272,4557925918 -11954,2374403583
-10542,5646099813 -11048,1115153896 -14703,4274262995 -11967,6905966141
-10542,5646099813 -11011,8107454067 -14949,9663785659 -11923,0844580194
-10542,5646099813 -10915,866215544 -14700,6987747208 -11833,2579266255
-10542,5646099813 -10668,3090367819 -14553,6179677128 -11870,2508007274
-10542,5646099813 -10793,6332771595 -14687,6187559212 -11894,0419096929
-10542,5646099813 -10729,7810029493 -15257,7294746929 -11851,5343808926
-10542,5646099813 -10671,8618598382 -14596,9254137711 -11801,002840551
-10542,5646099813 -10616,1579216418 -14829,9721129539 -11807,8674100336
-10542,5646099813 -10609,0252208299 -14853,4932136721 -11764,4452682948
-10542,5646099813 -10660,5032067583 -14169,2078685122 -11723,8417361985
-10542,5646099813 -10678,5580993301 -14282,9963362898 -11769,8288427815
-10542,5646099813 -10678,5580993301 -14961,9696947825 -11702,0400254169
-10542,5646099813 -10842,803214319 -14565,4633220811 -11715,5178239247
-10542,5646099813 -10987,4146970202 -14575,6865244553 -11760,8090573818
-10542,5646099813 -11146,4217245821 -14909,5348257415 -11871,0550872882
-10542,5646099813 -11112,6174663882 -14744,1506514637 -11807,1801756763
-10542,5646099813 -11113,8967850924 -14418,6385173972 -11782,276620278
-10542,5646099813 -10959,4697247881 -14908,7193846441 -11768,9566858764
-10542,5646099813 -10946,7292869862 -15130,927043573 -11767,091390285
-10542,5646099813 -10982,2134966653 -15106,0649566716 -11774,5691041563
-10542,5646099813 -10979,8838132628 -15047,0468658803 -11851,2326906259
-10542,5646099813 -10808,9588135195 -14588,6823257252 -11821,2181551972
-10542,5646099813 -10732,1743939541 -15108,0771113296 -11843,666345426
-10542,5646099813 -10656,7105746825 -14217,3103396661 -11919,1220104999
-10542,5646099813 -10797,8191273187 -14607,147228293 -11923,3487514005
-10542,5646099813 -10794,8081251475 -14219,9217370833 -11899,6413457543
-10365,7400669158 -10365,7400669158 -14577,7016299577 -11869,9681086653
-10345,8853760934 -10345,8853760934 -14648,6178679045 -11808,4100590524
-10055,1592129629 -10055,1592129629 -14648,6236103126 -11821,2611289839
-9960,26851656064 -9960,26851656064 -14224,5299327487 -11811,3372478565
-9956,89624790371 -9956,89624790371 -14240,337729748 -11790,3560720161
-9590,36020900241 -9590,36020900241 -14595,074766533 -11741,3737598389
-9590,36020900241 -9672,43619489674 -14509,6173068573 -11780,5111328905
-9590,36020900241 -9713,63337035253 -14621,1247864149 -11709,7753766186
-9590,36020900241 -9862,29814354197 -14650,6770899516 -11695,6326697273
-9590,36020900241 -9857,56027179492 -14213,0298354882 -11710,2398033632
-9590,36020900241 -9971,54428825178 -14188,3313822713 -11742,0225258583
-9590,36020900241 -9954,63463258926 -14287,9530932551 -11756,9463047823
-9590,36020900241 -10247,0993836491 -14080,4238290853 -11788,7923446384
-9590,36020900241 -10270,8458680236 -14634,9744770736 -11844,2928337937
-9590,36020900241 -10551,0148620173 -14818,037538421 -11909,6443924912
-9590,36020900241 -10417,2940269437 -14820,0761108438 -11825,1974733605
-9590,36020900241 -10750,6447162064 -14671,9490205804 -11790,4656941839
-9590,36020900241 -10655,1508239172 -14848,981446531 -11813,5340180777
-9590,36020900241 -10743,1887087315 -14857,3258368709 -11841,5447357077
-9590,36020900241 -10754,0870416755 -14628,7812600784 -11856,5115785032
-9590,36020900241 -10743,7370033102 -14832,8711428223 -11832,9816038224
-9590,36020900241 -10845,1874629982 -14678,1578146848 -11828,4779491207
-9590,36020900241 -10845,6879986573 -14904,7470561656 -11848,4795381252
-9590,36020900241 -10840,4000521745 -15087,8277928916 -11828,1532035154
-9590,36020900241 -10810,6734138806 -14780,9520296469 -11805,6136682297
-9590,36020900241 -10675,8713585531 -15606,6663683076 -11776,8972217649
-9590,36020900241 -10675,8713585531 -15229,0631615581 -11808,945389404
-9590,36020900241 -10691,6305358618 -15554,8795322406 -11840,5607808737
-9590,36020900241 -10691,6305358618 -15522,212813898 -11785,2412531602
-9590,36020900241 -10638,7798149067 -16038,670349305 -11838,8617042024
-9590,36020900241 -10561,8006872766 -14737,8046541509 -11788,6259211459
-9590,36020900241 -10459,9339565274 -15040,5271015766 -11796,9041166209
-9590,36020900241 -10360,9014756173 -14936,8968603772 -11771,2426106732
-9590,36020900241 -10420,2917375504 -14725,0635336171 -11735,3359115456
-9590,36020900241 -10415,154350419 -14172,7072323122 -11684,4635989629
-9590,36020900241 -10918,1822479785 -14470,944211106 -11695,2283655304
-9590,36020900241 -10880,3477464431 -14339,626912173 -11679,8913745681
-9590,36020900241 -10821,1209840923 -14653,8089883935 -11649,9346064068
-9590,36020900241 -10663,4273656034 -14422,7768759514 -11667,1998669193
-9590,36020900241 -10743,8609892892 -14616,0924839579 -11697,2262076166
-9590,36020900241 -10913,6038555869 -14343,5895417386 -11740,3603628265
-9590,36020900241 -10761,7249671869 -14198,6009284578 -11668,1720172483
-9590,36020900241 -10884,70896494 -14939,0389396764 -11666,9784893066
-9590,36020900241 -10847,300081834 -14649,075599034 -11691,4597370931
-9590,36020900241 -11043,8236615596 -15386,3738756111 -11681,689366725
-9590,36020900241 -11027,4216782397 -14288,0100458036 -11688,910417011
-9590,36020900241 -11111,0874301183 -14975,2601779999 -11738,9818143953
-9590,36020900241 -11274,3631134599 -14812,0393601713 -11816,1316967584
-9590,36020900241 -10912,3150488814 -14301,3344399808 -11739,1871814097
-9590,36020900241 -10821,398399712 -14425,2680321548 -11706,2053000947
-9590,36020900241 -10682,313261725 -14370,3399529303 -11676,5586577156
-9590,36020900241 -11063,4925345421 -15130,2891652223 -11738,6321300971
-9590,36020900241 -11063,4925345421 -14777,8021735397 -11738,0601369482
-9590,36020900241 -10992,4600820809 -14417,3322052665 -11750,8420869847
-9590,36020900241 -11113,3720340887 -14813,6129054585 -11764,8004122901
-9590,36020900241 -11140,2413240384 -14652,0050490493 -11782,4649469808
-9590,36020900241 -11112,436196787 -14659,3894913857 -11735,6903514529
-9590,36020900241 -10707,2250665575 -14441,6713613017 -11633,7919267388
-9590,36020900241 -10919,1802413894 -14641,3930502849 -11804,5612634137
-9590,36020900241 -10921,8204965466 -15012,8345917561 -11906,7179457444
-9590,36020900241 -11111,1990871189 -14675,8474891034 -11950,9652885258
-9590,36020900241 -11031,777452372 -14957,6559277544 -11906,3279195717
-9590,36020900241 -11183,0903814879 -15166,7374681992 -11970,8876122204
-9590,36020900241 -11227,5011622002 -14880,8636942173 -11983,4885141424
-9590,36020900241 -11172,6713486271 -15301,0064684637 -11973,7344697377
-9590,36020900241 -11108,2838016451 -14712,7804120049 -11996,0477409449
-9590,36020900241 -11124,8665667169 -15300,3947405936 -11975,7119993129
-9590,36020900241 -10939,3912732512 -14953,9621505391 -11866,7286688426
-9590,36020900241 -11069,7515105903 -15052,5199861318 -11949,0985581077
-9590,36020900241 -10908,2565154861 -14619,8704550363 -11888,6706754617
-9590,36020900241 -10906,2374778413 -15165,4269749814 -11836,3849142316
-9590,36020900241 -10885,7667810203 -15096,8246088137 -11938,9789990601
-9590,36020900241 -11151,4111750633 -14962,5472215851 -11998,1014799878
-9590,36020900241 -11193,158817757 -15113,7836385213 -11978,6365467917
-9590,36020900241 -11288,6527100462 -14768,2716645682 -11960,2706055652
-9590,36020900241 -11168,7709634519 -15001,6272109438 -11962,4833168765
-9590,36020900241 -11246,5395048898 -15628,2843831533 -11927,0685673533
-9590,36020900241 -11035,204440469 -14588,4970581798 -11847,2475319548
-9590,36020900241 -10945,4011799014 -13908,963350007 -11842,2270816731
-9590,36020900241 -11025,2674584718 -14759,749714164 -11780,5004629736
-9590,36020900241 -10992,7414128136 -14824,113204753 -11813,7004891984
-9590,36020900241 -10662,4249251403 -14817,7827914779 -11792,4980340427
-9590,36020900241 -10807,5140296226 -14762,3137117311 -11809,6342975751
-9590,36020900241 -10927,0710803912 -14904,6057661386 -11807,2814132704
-9590,36020900241 -10961,6547039967 -15334,3159572286 -11819,8915147122
-9590,36020900241 -10872,7819320894 -15315,8946463825 -11804,9872127816
-9590,36020900241 -10667,2558600376 -15156,820035271 -11778,6257164856
-9590,36020900241 -10782,4151638516 -15698,1113600924 -11770,4939139161
-9590,36020900241 -10530,6339599794 -14275,2694846776 -11662,478430375
-9590,36020900241 -10526,2953217508 -16017,6160046711 -11625,8739427985
-9590,36020900241 -10526,2953217508 -14793,2303696917 -11651,8871867666
-9590,36020900241 -10489,1247867274 -15375,9479721971 -11726,8736299021
-9590,36020900241 -10499,8721628196 -14814,1642373861 -11783,6295116093
-9590,36020900241 -10544,1740493283 -14533,1199454351 -11796,2527404345
-9590,36020900241 -10279,5835868422 -15040,0908332536 -11758,422894196
-9590,36020900241 -10235,2817003336 -15128,7180606405 -11814,6147688266
-9590,36020900241 -10279,5835868422 -14949,3605078842 -11860,4876861257
-9590,36020900241 -10187,3554048898 -14728,272901259 -11846,8333439095
-9590,36020900241 -10327,6646922096 -16048,8722865621 -11812,5343868803
-9590,36020900241 -10326,5048720183 -14959,5310244557 -11888,5064477927
-9590,36020900241 -10452,7926982585 -14553,986402885 -11911,0234972314
-9590,36020900241 -10761,0626260258 -14871,8128133113 -11980,3451784735
-9590,36020900241 -10591,8720137699 -14994,1758933481 -11959,7404703051
-9590,36020900241 -10765,3335442005 -15071,4351587841 -12020,6757478602
-9590,36020900241 -10832,4782145851 -14926,7637045556 -12016,7547987152
-9590,36020900241 -10853,461195828 -15310,8989070576 -12041,1338318404
-9590,36020900241 -11154,535732081 -15385,7995230501 -12152,1236069218
-9590,36020900241 -11205,0522399641 -14753,1741896786 -12126,7593390307
-9590,36020900241 -11226,3006029131 -16207,198226169 -12161,9446843391
-9590,36020900241 -11144,9080016914 -14968,6157120036 -12073,4302051645
-9590,36020900241 -11016,1506340412 -15053,0154588439 -12124,3480480111
-9590,36020900241 -11145,4432730144 -15358,435576136 -12160,8514148061
-9590,36020900241 -11105,6936401074 -15459,8676614233 -12155,4087251172
-9590,36020900241 -11164,1916391342 -14781,3948699708 -12179,6814577288
-9590,36020900241 -11237,7418299287 -15141,3439597893 -12234,5435279219
-9590,36020900241 -11208,9140573021 -15529,6130034396 -12262,2055392496
-9590,36020900241 -11280,4730454692 -15280,1147258028 -12244,9071217033
-9590,36020900241 -11321,4550257966 -15393,9359408388 -12233,3565695158
-9590,36020900241 -11291,1912332107 -15000,5469263373 -12172,9523085909
-9590,36020900241 -11119,4361141435 -15003,8459291549 -12163,3239741031
-9590,36020900241 -11069,4433068041 -15160,7173035672 -12090,7958649683
-9590,36020900241 -11007,885386445 -15395,7206379288 -12033,2769732127
-9590,36020900241 -11028,507963928 -15275,1747818163 -12085,4492556177
-9590,36020900241 -10991,4872691708 -15401,0581750969 -12078,3692072918
-9590,36020900241 -10843,0562821096 -15277,141853417 -12023,9319706945
-9590,36020900241 -10998,2898680432 -15391,6014952286 -12019,1134731538
-9590,36020900241 -11045,8312832929 -14835,3976691022 -12059,5331121382
-9590,36020900241 -11003,1716742571 -15341,90652707 -12014,5922277508
-9590,36020900241 -11107,8990859641 -14455,1205251993 -12060,1629678601
-9590,36020900241 -11188,0367052006 -14607,8654884601 -11994,2734724851
-9590,36020900241 -11210,5460052416 -14713,0261209325 -12025,6798502214
-9590,36020900241 -11087,0433235539 -14693,8066227298 -11986,9125004097
-9590,36020900241 -11028,0931372067 -15161,5603284059 -12048,9572344922
-9590,36020900241 -11068,0018805719 -14658,216185068 -12050,3445726476
-9590,36020900241 -10915,2044721856 -14816,7460469177 -12068,512147585
-9590,36020900241 -10812,1842445746 -15600,2877974377 -12035,1364808478
-9590,36020900241 -10720,6261219848 -15280,3774138303 -11964,9620759889
-9590,36020900241 -10877,8017413348 -14784,3601340175 -11927,5143910597
-9590,36020900241 -10863,9825754859 -15117,1688875419 -11827,6207334165
-9590,36020900241 -10860,375889284 -14665,852272799 -11779,9584406224
-9590,36020900241 -11114,4240005099 -14551,3565110188 -11837,2380274096
-9590,36020900241 -10896,2039556011 -14367,9963946773 -11761,1244759172
-9590,36020900241 -11057,0260046985 -14501,8335688245 -11832,6231564303
-9590,36020900241 -10998,2208116066 -14710,1531746294 -11751,2945856779
-9590,36020900241 -11296,0480194399 -14366,6223293742 -11862,8016555734
-9590,36020900241 -11275,5076006393 -14566,1746469883 -11891,5287821418
-9590,36020900241 -11292,1026782542 -14146,9323473707 -11935,7274213272
-9590,36020900241 -11390,5909713829 -14748,403430866 -11929,1668907908
-9590,36020900241 -11233,4153520328 -14714,6422631349 -11870,5271612717
-9590,36020900241 -11111,8773997621 -14138,1024180854 -11743,8505910011
-9590,36020900241 -11113,6353120576 -14464,0574165759 -11712,1741864351
-9590,36020900241 -11145,1250094126 -14669,1214172715 -11752,5452429561
-9590,36020900241 -11228,7244797965 -14600,6600186216 -11722,4115544525
-9590,36020900241 -11228,0452348013 -13863,980882006 -11727,5032123232
-9590,36020900241 -11050,080644323 -14369,3941197637 -11742,5685376397
-9590,36020900241 -11168,2278886806 -15066,8586474119 -11801,9490373814
-9590,36020900241 -11031,669154407 -14308,3278443251 -11821,0100671451
-9590,36020900241 -11035,8135138246 -14977,1075656808 -11785,0115735221
-9590,36020900241 -11035,9374962465 -14801,0035304919 -11810,5647383268
-9590,36020900241 -10912,8797127966 -14880,34871474 -11834,8663527436
-9590,36020900241 -10821,0362406798 -14511,1109299508 -11804,7628917977
-9590,36020900241 -11143,7913467826 -14718,1374203283 -11868,1255727142
-9590,36020900241 -11135,3483935419 -14195,9327360781 -11865,1410104166
-9590,36020900241 -11121,0186115656 -14491,1807588172 -11843,6134279487
-9590,36020900241 -11149,702686625 -14290,2108006632 -11729,5033861387
-9590,36020900241 -11149,702686625 -15060,3589856728 -11735,2190565812
-9590,36020900241 -11170,8223668078 -14468,8110409874 -11716,5757964258
-9590,36020900241 -11170,9463492298 -14098,8154387553 -11710,6926368238
-9590,36020900241 -11245,092192322 -13946,7135000116 -11745,2919583171
-9590,36020900241 -11392,6160085274 -14597,4757460555 -11727,9090006359
-9590,36020900241 -11113,290869916 -14718,6281163536 -11655,2061178705
-9590,36020900241 -11032,5189225717 -14116,4678544611 -11666,5392106881
-9590,36020900241 -11117,7063734591 -14541,3302731817 -11665,9375882385
-9590,36020900241 -10999,3944353473 -14947,6083004505 -11616,0562050847
-9590,36020900241 -10955,4155492067 -13617,4668388496 -11638,9550480922
-9590,36020900241 -11041,8058981288 -14635,1328840079 -11659,4483532689
-9590,36020900241 -11102,8049879324 -14343,176360574 -11651,509782509
-9590,36020900241 -10987,7474698063 -14476,6468346866 -11700,4474934608
-9590,36020900241 -11205,0606676316 -14442,3568549022 -11829,9885893845
-9590,36020900241 -11267,1055406679 -14757,9833518161 -11819,0947213389
-9590,36020900241 -11190,9427465576 -14525,6501555861 -11837,0722399591
-9590,36020900241 -11295,8820863639 -15144,0400414057 -11831,8137895482
-9590,36020900241 -11334,3480699285 -14667,4285226149 -11890,5855383502
-9590,36020900241 -11287,6614853199 -14757,7277627347 -11882,2765634714
-9590,36020900241 -11418,1907291137 -14605,729058025 -11878,4271178385
-9590,36020900241 -11375,8688208541 -14349,9832113147 -11925,7031537357
-9590,36020900241 -11317,5260780502 -15815,2174805252 -11884,6319653364
-9590,36020900241 -11115,7131918864 -15060,1512973039 -11882,4816366602
-9590,36020900241 -11097,2917902426 -14573,0559246127 -11881,7171187222
-9590,36020900241 -11267,277205112 -14962,0698698546 -11813,7184076885
-9590,36020900241 -11487,8129866771 -15331,9483871118 -11832,1600983552
-9590,36020900241 -11033,2690713417 -14333,8963821448 -11820,8999254842
-9590,36020900241 -11015,0297374854 -14504,1655852538 -11810,5393925187
-9590,36020900241 -11004,7215355405 -14373,9250131569 -11820,0932041099
-9590,36020900241 -11152,3691335899 -15018,3437593781 -11823,7631343645
-9590,36020900241 -11146,8145893038 -15153,061832402 -11802,9251187524
-9590,36020900241 -10983,3070330003 -14322,5253630173 -11773,4247366891
-9590,36020900241 -10917,393586911 -14792,6410156479 -11752,3444934066
-9590,36020900241 -10791,6422925234 -14385,3508570561 -11742,6580474279
-9590,36020900241 -10902,8169405936 -14400,7197019648 -11755,7577333812
-9590,36020900241 -10902,8169405936 -14765,2829242464 -11732,4996886456
-9590,36020900241 -10727,0250486036 -14777,472812893 -11738,4017309579
-9590,36020900241 -10712,6767676472 -14844,5979827254 -11676,4674725931
-9590,36020900241 -10668,5522557304 -14872,5386451812 -11679,289327545
-9590,36020900241 -11099,0553740537 -14439,918967471 -11697,9601974772
-9590,36020900241 -11255,7305433561 -14309,67474296 -11723,4720648419
-9590,36020900241 -11164,4220979159 -14878,9886711992 -11680,7089703533
-9590,36020900241 -11125,4335738444 -14240,4502233471 -11689,8407170188
-9590,36020900241 -11226,7500595362 -13991,1922956722 -11736,5150272827
-9590,36020900241 -11076,2533410185 -14249,5040651161 -11674,0543648293
-9590,36020900241 -11076,8997054598 -14527,9536304601 -11627,100575409
-9590,36020900241 -10934,4971152977 -14709,3869207661 -11578,7692813321
-9590,36020900241 -11020,1085474285 -13837,3581938659 -11664,4213972997
-9590,36020900241 -11079,4988093617 -14399,6351668782 -11662,8262113917
-9590,36020900241 -11156,8300548317 -14394,6932078954 -11741,5271220015
-9590,36020900241 -11190,0363593249 -14141,3061853345 -11753,963197443
-9590,36020900241 -11072,2074264782 -14433,6989497398 -11788,0698146468
-9590,36020900241 -10994,587319485 -14983,4293286754 -11788,765766747
-9590,36020900241 -10994,587319485 -14775,3821291544 -11811,297024382
-9590,36020900241 -11012,9922830643 -14163,9515377862 -11825,3788260734
-9590,36020900241 -11071,048580957 -14502,6183545081 -11884,8015520851
-9590,36020900241 -11009,0771627747 -14572,3369621793 -11978,6197771587
-9590,36020900241 -11130,489999021 -14493,9317822877 -12012,0747154813
-9590,36020900241 -11336,9297116757 -14807,784136084 -12044,2681758287
-9590,36020900241 -11465,3556205626 -14886,4755572918 -12000,874410932
-9590,36020900241 -11407,1231335641 -14828,7239893945 -11898,2958333254
-9590,36020900241 -11058,0529023501 -14911,7476995405 -11872,7291786365
-9590,36020900241 -10996,7627243703 -14712,0217242394 -11880,6984393851
-9590,36020900241 -10768,9282099208 -13876,5155087845 -11852,2886430631
-9590,36020900241 -10934,2654769348 -14546,9040065512 -11952,8758914966
-9590,36020900241 -10966,1067545631 -14618,2141808268 -11930,9926708755
-9590,36020900241 -11130,4772286095 -15151,5322287562 -11940,3608562241
-9590,36020900241 -11010,1910916668 -15299,2813525895 -11906,0718332846
-9590,36020900241 -11236,5451158063 -14794,80930523 -12014,590976957
-9590,36020900241 -10929,4858164387 -14485,0170903244 -11944,1351500975
-9590,36020900241 -11082,5573120428 -14808,4446606818 -12005,0489598133
-9590,36020900241 -11082,5573120428 -14854,695427881 -11981,6100125026
-9590,36020900241 -11262,2056719326 -15710,0429408057 -12118,2015516626
-9590,36020900241 -11123,0338552555 -15137,7535776478 -12137,9976937099
-9590,36020900241 -11147,812923322 -14960,8289681381 -12182,4356706335
-9590,36020900241 -11156,5170568539 -15538,1805420868 -12178,9025264749
-9590,36020900241 -11156,5170568539 -15195,5033608155 -12232,922113791
-9590,36020900241 -11130,3334553444 -14910,018195049 -12233,1428489469
-9590,36020900241 -11018,4530262559 -15350,9392735395 -12141,3109921532
-9590,36020900241 -10981,934027366 -14825,1257330701 -12120,8883969675
-9590,36020900241 -11275,7030692765 -15465,0256806234 -12136,4754537221
-9590,36020900241 -11223,5531311869 -15152,523132182 -12135,0592419736
-9590,36020900241 -11107,2025271079 -15131,5906293384 -12148,401518814
-9590,36020900241 -10902,4722657003 -15720,5699239297 -12128,413943427
-9590,36020900241 -10725,6944485664 -14765,4782883993 -12203,8371626714
-9590,36020900241 -10689,4422480828 -15345,805823245 -12169,5725980286
-9590,36020900241 -10843,1023101362 -15428,1384413705 -12185,7107434291
-9590,36020900241 -10954,6231345208 -15756,5702234871 -12212,5264584623
-9590,36020900241 -10875,0889185176 -15396,1061908338 -12192,1957326923
-9590,36020900241 -10678,2586822681 -15293,6758013287 -12184,9641044698
-9590,36020900241 -10865,9198712693 -14859,8593243976 -12207,2224065333
-9590,36020900241 -10862,2328905159 -15277,9109948194 -12157,3795566432
-9590,36020900241 -10743,6785994138 -14654,3584730225 -12118,2110572962
-9590,36020900241 -10895,8869267815 -15076,4270757308 -12181,6654266607
-9590,36020900241 -10899,1195682667 -14991,9876453562 -12161,3506530755
-9590,36020900241 -10874,6646989387 -15000,3374057226 -12196,9765836073
-9590,36020900241 -11128,243245813 -15555,1767391482 -12178,4490672564
-9590,36020900241 -11186,2269172393 -15513,7398903415 -12237,5028024692
-9590,36020900241 -11222,1100505981 -15130,9160036982 -12243,0272949033
-9590,36020900241 -11157,6750201639 -14850,3065149705 -12246,099214845
-9590,36020900241 -11318,2256171938 -14958,4364240511 -12183,2709346414
-9590,36020900241 -11275,32803355 -14930,9107339056 -12110,3155862643
-9590,36020900241 -11325,9845577491 -14903,3811301006 -12136,1833199295
-9590,36020900241 -11139,4469977854 -15189,4813347493 -12051,5193173545
-9590,36020900241 -11122,723994814 -15098,8707769691 -11997,725078544
-9590,36020900241 -11393,8208574473 -15112,277582059 -12045,401201668
-9590,36020900241 -11301,6533275099 -14711,5676777707 -12014,2808582146
-9590,36020900241 -11265,4678143333 -14910,6232823639 -12050,4513335259
-9590,36020900241 -11196,3463249887 -15160,9413851028 -12059,1283006364
-9590,36020900241 -11178,5709984236 -15514,7788494091 -12082,3802267308
-9590,36020900241 -11195,0232258859 -15407,4517460605 -12133,9123540727
-9590,36020900241 -11176,9683333141 -15786,1524976197 -12109,8953861452
-9590,36020900241 -11396,9978507714 -15788,0329349933 -12101,2745687892
-9590,36020900241 -11296,2872578906 -14929,422654977 -11977,1673776701
-9590,36020900241 -11061,0234754835 -15253,972445368 -11931,6069446694
-9590,36020900241 -11089,6317049072 -14969,9203078257 -11969,9902870084
-9590,36020900241 -10979,9264372379 -14567,7125925755 -11929,9634223971
-9590,36020900241 -11055,0413394393 -14942,2607757558 -11856,2236754712
-9590,36020900241 -11201,578001483 -14681,2304888974 -11959,5756656155
-9590,36020900241 -11112,8405006456 -15498,3427621889 -11971,1153414422
-9590,36020900241 -11203,8599408252 -15439,7090970767 -11950,9024945737
-9590,36020900241 -11279,0177728216 -15119,8006621382 -12034,0069742757
-9590,36020900241 -11186,8980703078 -14949,6288769342 -11918,9998025771
-9590,36020900241 -11196,9693653167 -15306,9230011861 -11893,0455216445
-9590,36020900241 -10789,2615306917 -15280,0008525435 -11861,9626155581
-9590,36020900241 -10771,7853263042 -14958,1367371591 -11884,7367545469
-9590,36020900241 -11096,5952897838 -14907,0523839724 -11947,8138334266
-9590,36020900241 -10946,0575826834 -14728,9000687593 -11965,5991157741
-9590,36020900241 -11081,8006812995 -14971,6757255307 -11962,614639257
-9590,36020900241 -11386,6502602692 -15279,5093760565 -12022,9334856579
-9590,36020900241 -11340,4118662006 -15136,3406524482 -11950,8467836007
-9590,36020900241 -11432,4035560888 -14485,2894599338 -12007,4974749446
-9590,36020900241 -11410,8351230089 -15235,1507781604 -12028,5593321486
-9590,36020900241 -11447,107031325 -14577,7328007577 -12042,0523120471
-9590,36020900241 -11441,6865454543 -14765,9885682184 -11962,4152856209
-9590,36020900241 -11225,1233299781 -13889,6257470168 -11945,047236496
-9590,36020900241 -11278,1829701971 -14845,7003511512 -11888,9214298795
-9590,36020900241 -11222,8791683393 -14142,9888320803 -11842,5116244813
-9590,36020900241 -10802,305614309 -14789,5580699652 -11822,9885738648
-9590,36020900241 -11016,6680671015 -14485,6948971049 -11946,0361308288
-9590,36020900241 -11197,7846722296 -14801,9911772033 -11917,6948941459
-9590,36020900241 -11212,5511752523 -14285,5987428598 -11910,7477190817
-9590,36020900241 -11439,3863618291 -15107,0228766973 -11921,3121310549
-9590,36020900241 -11273,3029895477 -14560,500631215 -11901,4312354599
-9590,36020900241 -11293,1899440285 -14959,9704306535 -11894,3293435601
-9590,36020900241 -11238,9867309207 -14780,4836250113 -11927,3740432853
-9590,36020900241 -11296,3695112884 -15052,3479574555 -12084,5713085872
-9590,36020900241 -11363,9520533303 -15110,2381928051 -12075,1328117856
-9590,36020900241 -11194,5959136863 -14756,4767811656 -12019,6766079149
-9590,36020900241 -11302,1856541583 -14364,1736119488 -11995,4612190591
-9590,36020900241 -11290,1706730214 -14657,2178424586 -11962,0506092747
-9590,36020900241 -11434,9210639956 -14708,6448086679 -11958,2112521305
-9590,36020900241 -11292,71280254 -14864,5905075969 -11981,0131078586
-9590,36020900241 -11035,9248928199 -14391,5398659842 -11932,6211856873
-9590,36020900241 -11033,806711777 -14908,1474078145 -11998,0332537872
-9590,36020900241 -10938,8159892118 -14476,9639953568 -11943,4786614844
-9590,36020900241 -10938,8159892118 -14491,2277485942 -11994,1357714197
-9590,36020900241 -10583,8970614 -15131,5670347615 -11915,1229497448
-9590,36020900241 -10583,8970614 -14929,9554585963 -11979,2170490936
-9590,36020900241 -10495,8732785636 -14705,4187653134 -11914,0025661622
-9590,36020900241 -10929,5312942705 -14861,5924617725 -11991,3622906727
-9590,36020900241 -10932,994737491 -14508,6881816083 -12020,5947642967
-9590,36020900241 -10981,5600134192 -15158,1415612409 -11991,219190461
-9590,36020900241 -10981,5600134192 -15197,5237185847 -11913,3636148516
-9590,36020900241 -10996,3167552352 -14904,1051047598 -11953,2320836282
-9590,36020900241 -10694,8400243389 -15099,0784535989 -11857,0471216424
-9590,36020900241 -10679,1972063073 -14882,1404462741 -11837,0500748121
-9590,36020900241 -11092,4143740689 -14475,1736959336 -11861,4744814219
-9590,36020900241 -11088,1267940374 -15058,9653401211 -11926,0582986621
-9590,36020900241 -11183,6685993046 -14335,0302950652 -11959,3307831375
-9590,36020900241 -11204,2183407214 -14532,1860901847 -11993,1370853415
-9590,36020900241 -11216,1264643634 -14674,9044033384 -11980,9336114768
-9590,36020900241 -11359,9711552481 -15018,8602422307 -12017,7320041521
-9590,36020900241 -11373,6567347799 -14985,3818900044 -12026,4372959482
-9590,36020900241 -11347,6125938184 -15131,9071581834 -12011,1067333844
-9590,36020900241 -11378,6677875122 -14564,4072006403 -12084,1044838883
-9590,36020900241 -11466,1548359399 -14628,3700411967 -12137,4782769522
-9590,36020900241 -11449,8414145865 -14829,0510915991 -12105,9732915578
-9590,36020900241 -11415,4090653297 -15160,8821927048 -12072,692661148
-9590,36020900241 -11449,5648746393 -14670,6449547024 -12068,6014027063
-9590,36020900241 -11386,8552538657 -15323,9267067375 -12083,4493172244
-9590,36020900241 -11308,0935525641 -15215,5802243465 -12101,0037193477
-9590,36020900241 -11389,992212539 -15491,4899890778 -12030,2238275785
-9590,36020900241 -11375,0669471688 -14671,7097391808 -12015,2668638337
-9590,36020900241 -11291,6744048611 -14736,8645960537 -12005,3548032956
-9590,36020900241 -10975,0654920975 -15023,4095036925 -11928,3391069468
-9590,36020900241 -10954,9014760333 -14909,3919326659 -12051,6133335641
-9590,36020900241 -10898,7669812324 -15822,4233346828 -12082,1929643755
-9590,36020900241 -10898,7669812324 -14714,6402921883 -12108,9396707917
-9590,36020900241 -10930,7748065061 -15021,3394285789 -12169,7055118649
-9590,36020900241 -10879,9428976838 -15005,1957034248 -12104,275946361
-9590,36020900241 -10802,2689794409 -15067,3773034145 -12096,2931933948
-9590,36020900241 -10585,3551705863 -14958,3382952178 -12113,6824789144
-9590,36020900241 -10578,1202675406 -14850,1523184657 -12197,392138164
-9590,36020900241 -10636,5613485738 -14992,880308976 -12169,2168764288
-9590,36020900241 -10553,6696681105 -15496,0749335436 -12107,4185501518
-9590,36020900241 -10479,1508122236 -15109,0562639107 -12135,3139711911
-9590,36020900241 -10569,6294967493 -15607,1260296342 -12114,5644781836
-9590,36020900241 -10731,4550532831 -15976,4776730627 -11981,9565844104
-9590,36020900241 -10731,2361782045 -15126,3285004338 -11967,6117204599
-9590,36020900241 -10920,4882431221 -14786,2304188327 -11918,6410574567
-9590,36020900241 -10929,4748309151 -14812,8610012729 -11997,4640867747
-9590,36020900241 -11067,0065799973 -14722,5082440148 -12043,9621923867
-9590,36020900241 -11167,9872532791 -14964,3624400807 -12106,824092268
-9590,36020900241 -11167,9872532791 -15134,6979877524 -12156,2569503796
-9590,36020900241 -11247,9968034845 -14968,1405387456 -12194,1408551606
-9590,36020900241 -11243,9922705007 -14704,6155149689 -12154,858705134
-9590,36020900241 -11273,8820791509 -15856,5406333335 -12067,5982411612
-9590,36020900241 -11215,6638975318 -14788,5831770177 -11978,0762074662
-9590,36020900241 -11227,8251025745 -14933,3507448927 -11929,084844915
-9590,36020900241 -11495,2030733394 -14522,5665395121 -11997,9308440259
-9590,36020900241 -11184,3233188388 -14615,8632443911 -11987,9975945992
-9590,36020900241 -11189,2352026268 -14817,1372256668 -11948,5970897638
-9590,36020900241 -11241,6707400649 -15245,7724240421 -12020,9111742684
-9590,36020900241 -11132,5102963948 -15249,7946573429 -12008,0842619259
-9590,36020900241 -11100,6223507423 -15233,7379681762 -12016,9657694695
-9590,36020900241 -11037,5431274668 -14191,057512118 -11985,9157344102
-9590,36020900241 -11106,5707811779 -14826,2422254002 -11922,6901903026
-9590,36020900241 -11267,2846719675 -14895,3921847456 -11899,4392527244
-9590,36020900241 -11189,9742651432 -14291,2522805184 -11876,3166251159
-9590,36020900241 -11189,3532604477 -15296,5577727618 -11849,880118516
-9590,36020900241 -11135,7639982002 -14172,8313769196 -11873,0318557887
-9590,36020900241 -11161,9988379344 -15178,1861692938 -11920,2268182641
-9590,36020900241 -11152,8510771943 -14185,1525631576 -11973,1960450323
-9590,36020900241 -11343,2096571032 -14668,9464946589 -11968,2504123033
-9590,36020900241 -11172,8645930687 -15049,3333717992 -11938,1596463741
-9590,36020900241 -11073,2130465675 -14628,1547069265 -11941,6887799381
-9590,36020900241 -11021,3328803042 -14267,9129467616 -11946,1959170073
-9590,36020900241 -11053,5558247196 -14666,6004104292 -11923,8137527471
-9590,36020900241 -11040,050911826 -14882,8318688277 -11940,2974186296
-9590,36020900241 -10691,4348199243 -14427,7115717446 -11887,9188117422
-9590,36020900241 -10683,5814042338 -14598,3275340395 -11860,7330401658
-9590,36020900241 -10784,0305170826 -14798,4415230161 -11846,5700072395
-9590,36020900241 -10819,5248040766 -14737,7888879707 -11854,4075272688
-9590,36020900241 -10735,3127016061 -14961,6020187387 -11843,2852770814
-9590,36020900241 -10719,4778898138 -15222,6494821973 -11862,2829405874
-9590,36020900241 -10738,3904161918 -15329,0436566748 -11869,1685918017
-9590,36020900241 -10795,883447406 -14733,3700106283 -11805,5098128839
-9590,36020900241 -10870,0986407024 -14970,6356454036 -11817,8409164532
-9590,36020900241 -10870,0986407024 -14443,5848282404 -11786,6247111837
-9590,36020900241 -10735,5693465957 -14917,3800446565 -11795,9058139453
-9590,36020900241 -10692,0939314329 -14907,4860109459 -11791,9691575783
-9590,36020900241 -10796,6091926455 -14810,2366854783 -11814,462671028
-9590,36020900241 -10519,5082554032 -14224,1359905624 -11794,4791415906
-9590,36020900241 -10862,7926885158 -14520,2520377289 -11853,394937179
-9590,36020900241 -11003,2618369469 -14271,3131445893 -11904,1307214917
-9590,36020900241 -11005,2779593919 -14808,2532542363 -11975,0830106131
-9590,36020900241 -10764,0202795152 -15675,613338165 -11920,9725133881
-9590,36020900241 -10457,9313184777 -14779,7075815732 -11859,0402260069
-9590,36020900241 -10598,5525794773 -14606,6852089341 -11895,5694608261
-9590,36020900241 -10699,1201396733 -14256,4021085233 -11857,2202290827
-9590,36020900241 -10661,2457583134 -14600,894185556 -11887,8719023648
-9590,36020900241 -10947,0764351502 -14835,9222318531 -11835,3008209927
-9590,36020900241 -10791,8093769698 -15272,1717122263 -11863,228074324
-9590,36020900241 -10791,8093769698 -14494,6719022203 -11887,5634369253
-9590,36020900241 -10448,5249438571 -14927,3157179934 -11838,8443294367
-9590,36020900241 -10395,010792205 -14436,3503825512 -11814,1647958152
-9590,36020900241 -10372,7317669347 -14553,712603922 -11774,8342936867
-9590,36020900241 -10394,8080192885 -14605,000211093 -11833,1037600624
-9590,36020900241 -10827,3938832694 -15058,9590098802 -11885,968933177
-9590,36020900241 -11039,2692216069 -14746,6201057647 -11934,6950616556
-9590,36020900241 -10909,4797507791 -14376,9574551971 -11978,4393877796
-9590,36020900241 -10909,4797507791 -15326,900079468 -11918,7604986471
-9590,36020900241 -11109,0091091589 -14836,1743344397 -11892,0514954675
-9590,36020900241 -11077,6316333559 -15250,3546890401 -11836,9812516066
-9590,36020900241 -10880,2515386617 -14938,3670796407 -11850,327238843
-9590,36020900241 -10873,5977529468 -14916,025909614 -11811,3500563762
-9590,36020900241 -10881,2782004345 -14248,7244215892 -11787,1111504412
-9590,36020900241 -10955,857353482 -14175,6803238848 -11865,4995666509
-9590,36020900241 -10576,8831166561 -15221,8347372513 -11842,474729371
-9590,36020900241 -10585,6814086332 -15217,3370356624 -11799,9359436089
-9590,36020900241 -10714,6064848338 -15407,9186937904 -11802,0113298734
-9590,36020900241 -10845,3492839676 -14382,6861347022 -11829,8950546132
-9590,36020900241 -10896,7583891974 -15053,8736340026 -11778,6886175643
-9590,36020900241 -11151,0234122844 -14492,1452297879 -11747,8729123303
-9590,36020900241 -11179,8431613404 -14428,1601497031 -11757,7116819018
-9590,36020900241 -11158,3387993387 -13701,0626056761 -11846,6969464442
-9590,36020900241 -11020,8817751481 -14422,2826689428 -11811,4061080631
-9590,36020900241 -10909,080171224 -13861,5653933686 -11801,0424279687
-9590,36020900241 -10595,2250122371 -14781,3141053152 -11728,5297028555
-9590,36020900241 -10589,9645084237 -13855,892244507 -11716,3540121633
-9590,36020900241 -10515,6909673082 -14543,5748991775 -11677,559487551
-9590,36020900241 -10475,9254232542 -14047,8917689193 -11632,0936613542
-9590,36020900241 -10454,0630157 -14585,8723252048 -11700,1355049036
-9590,36020900241 -10544,0862202261 -15093,6626572367 -11694,6185100751
-9590,36020900241 -10361,0280706589 -14423,1144374545 -11709,1556415987
-9590,36020900241 -10286,1781035074 -14558,9402180514 -11686,9854264803
-9590,36020900241 -10235,5752172744 -15054,6810801738 -11663,2251264018
-9590,36020900241 -10290,3746577903 -15043,7957222414 -11683,3188048458
-9590,36020900241 -10314,9336003524 -14487,8910939101 -11652,9281583784
-9590,36020900241 -10314,9336003524 -14413,9001540665 -11657,0316924451
-9590,36020900241 -10315,6583516213 -14647,7899046066 -11709,9228030782
-9590,36020900241 -10584,1023728307 -15489,48000685 -11751,4420583133
-9590,36020900241 -10568,0615116406 -14630,3506642639 -11755,2394719348
-9590,36020900241 -10556,2032925906 -14704,6876251892 -11756,9312965197
-9590,36020900241 -10721,3995666436 -14739,9648459368 -11754,0534528683
-9590,36020900241 -10758,9186720946 -15003,0402188903 -11679,937589031
-9590,36020900241 -10751,8851317553 -14810,1547263307 -11642,9435294399
-9590,36020900241 -10674,4872188959 -14689,8294557275 -11669,1162434301
-9590,36020900241 -10810,2603955563 -14615,1309569552 -11788,3090748758
-9590,36020900241 -10810,2603955563 -14962,0269583994 -11770,7525688654
-9590,36020900241 -10790,2795133214 -15108,8265702301 -11736,7510177117
-9590,36020900241 -10559,7620214364 -14210,5913897007 -11663,6970139843
-9590,36020900241 -10642,7424690429 -14364,7797124677 -11663,6352843401
-9590,36020900241 -10642,7424690429 -13803,7198499913 -11740,7496854193
-9590,36020900241 -10782,158350584 -14143,4652578619 -11788,072643107
-9590,36020900241 -10780,2291386206 -15244,5546598873 -11880,8134474091
-9590,36020900241 -11018,4246572498 -14425,3563731497 -11829,1873949765
-9590,36020900241 -11006,771767128 -15071,1150880588 -11729,7634042687
-9590,36020900241 -11094,8171480216 -14631,7417164328 -11785,6427125792
-9590,36020900241 -11368,3370044493 -14857,5282118505 -11806,7912368965
-9590,36020900241 -11083,87966287 -14609,5594080306 -11796,3213937272
-9590,36020900241 -11075,8604638213 -14778,5320136487 -11778,3175089994
-9590,36020900241 -11098,3801724428 -14986,4700805934 -11812,212683545
-9590,36020900241 -11077,6220237928 -14885,8228495157 -11821,4001082696
-9590,36020900241 -10893,350790927 -14521,3871793561 -11783,8586372479
-9590,36020900241 -10844,4344955582 -14298,6851550855 -11751,5415404293
-9590,36020900241 -10975,5053685494 -14601,0824836112 -11796,7844315112
-9590,36020900241 -11011,4224449334 -14554,1725409134 -11685,1469889288
-9590,36020900241 -10933,0570489666 -14387,5844923919 -11772,8191331485
-9590,36020900241 -10904,8036253037 -14393,2078972078 -11818,0356489873
-9590,36020900241 -10703,686798463 -14455,4101023692 -11800,1726008934
-9590,36020900241 -10953,0233746174 -14249,6738965957 -11782,2900976819
-9590,36020900241 -10935,361639966 -14570,2814072183 -11754,1836370399
-9590,36020900241 -10817,4149415324 -14511,0185422305 -11767,2229237988
-9590,36020900241 -11064,1307079971 -14339,5300832949 -11785,918117497
-9590,36020900241 -10986,7309370645 -14137,4016700565 -11854,8081972155
-9590,36020900241 -10818,8161208499 -14256,6880323379 -11834,5675171117
-9590,36020900241 -10779,6016476035 -15180,6113934329 -11835,9526752012
-9590,36020900241 -10899,3465344934 -14617,0724627887 -11860,25334239
-9590,36020900241 -11040,3509720079 -14979,0606837372 -11853,4730679538
-9590,36020900241 -10930,2925386661 -15022,1769842825 -11818,8088954595
-9590,36020900241 -11092,0128172268 -14785,6713830467 -11792,3975190166
-9590,36020900241 -11213,0830694254 -15089,9784667562 -11783,4809052292
-9590,36020900241 -11264,4502965891 -14040,596686558 -11797,6188987991
-9590,36020900241 -11264,4502965891 -15297,4263715914 -11824,4256100146
-9590,36020900241 -10833,6221293874 -14694,7387508036 -11784,1798019009
-9590,36020900241 -10841,1184022772 -14477,0402320476 -11768,631529483
-9590,36020900241 -10796,7636333266 -14251,1096805263 -11791,7163165621
-9590,36020900241 -10756,5809404179 -14456,6582739811 -11718,638783021
-9590,36020900241 -10685,8640834115 -14244,9063831289 -11694,2578881358
-9590,36020900241 -10593,7970639397 -15054,6531702843 -11715,2530674306
-9590,36020900241 -10595,2547882693 -14665,5623230508 -11754,5749033154
-9590,36020900241 -10595,2547882693 -14156,2387810489 -11744,8697871666
-9590,36020900241 -10664,1932849609 -14890,4069757136 -11687,7907454353
-9590,36020900241 -10644,5585984421 -13905,2581367354 -11683,7081838402
-9590,36020900241 -10907,9455038139 -14313,414143638 -11682,2672100424
-9590,36020900241 -10721,3728260367 -15012,9929810527 -11720,5175342837
-9590,36020900241 -10749,9667041389 -14486,9730712029 -11797,6279077547
-9590,36020900241 -10578,0892809073 -14549,106192578 -11744,4985435077
-9590,36020900241 -10709,3287313414 -14620,6677817909 -11749,0989197722
-9590,36020900241 -10842,4662212882 -14997,7896021612 -11803,6393741561
-9590,36020900241 -11174,241423643 -14387,3805942962 -11827,8336858126
-9590,36020900241 -11080,1624315252 -15228,3098986965 -11805,2408049202
-9590,36020900241 -11227,0583343167 -14920,766889875 -11835,8749564627
-9590,36020900241 -11001,1101422755 -14932,5494077146 -11757,7651255796
-9590,36020900241 -11063,1177708189 -14956,5157043529 -11718,6774891789
-9590,36020900241 -11064,1803772236 -14306,5058670139 -11750,3479174998
-9590,36020900241 -11063,3224785726 -14801,2166608673 -11846,5302218208
-9590,36020900241 -11033,7840414567 -15159,3454177059 -11863,3573973229
-9590,36020900241 -11273,0192132271 -14234,1934546895 -11911,1258045175
-9590,36020900241 -11159,3026146468 -14386,117895133 -11866,4491258951
-9590,36020900241 -11162,1171230713 -14829,6080884509 -11937,1678138906
-9590,36020900241 -10982,4605574782 -14100,1846387068 -11914,5162533651
-9590,36020900241 -11194,4063691093 -14496,2127932254 -11872,2523320338
-9590,36020900241 -11134,0498535982 -14261,1393697501 -11905,1277949562
-9590,36020900241 -11089,232966654 -14324,1831325873 -11841,1373039813
-9590,36020900241 -11076,4842307935 -13826,9411280667 -11799,0133724439
-9590,36020900241 -11237,1186534848 -14886,5978219234 -11888,1422684766
-9590,36020900241 -11290,4403223653 -14952,655918634 -11844,1880022891
-9590,36020900241 -11211,3442238901 -14668,6104598584 -11808,0412935475
-9590,36020900241 -11389,0911308785 -14981,9006449505 -11783,9652503082
-9590,36020900241 -11569,1019813455 -14778,0713779586 -11903,1462095429
-9590,36020900241 -11501,4560920914 -14357,0538073066 -11858,8105633529
-9590,36020900241 -11497,8238420344 -14654,0383833396 -11854,6595211931
-9590,36020900241 -11448,0483828082 -15163,2917682309 -11887,978179878
-9590,36020900241 -11428,0364841775 -14110,685185238 -11815,2977266849
-9590,36020900241 -11378,6046337912 -14405,6562028199 -11827,0188394995
-9590,36020900241 -11366,7296608533 -15126,4848513931 -11858,1339323002
-9590,36020900241 -11278,5334047101 -14699,2021568563 -11888,9163878992
-9590,36020900241 -11254,9528451384 -14644,4989658998 -11869,873036901
-9590,36020900241 -11343,969319242 -14839,4610404754 -11817,9733968649
-9590,36020900241 -11005,1079571509 -14131,6148844377 -11759,7449067796
-9590,36020900241 -10870,581096716 -14450,8162148626 -11769,4230089482
-9590,36020900241 -10990,7039987168 -15220,04643757 -11754,5709405534
-9590,36020900241 -10973,7680785073 -14948,752996886 -11760,6709675794
-9590,36020900241 -10914,6860891802 -14616,2973713494 -11847,1112255116
-9590,36020900241 -10900,3653631209 -14553,5731982594 -11842,6115863663
-9590,36020900241 -10954,8906534272 -15324,3409879877 -11917,8155889959
-9590,36020900241 -11210,5426780876 -15240,6539964005 -11932,950774131
-9590,36020900241 -11337,2401292007 -14233,549903804 -11948,3636035283
-9590,36020900241 -11126,258456964 -14707,7069824199 -11920,0530809464
-9590,36020900241 -11283,3180568578 -15248,1127022413 -11915,7205998288
-9590,36020900241 -11212,5109017068 -14647,329445598 -11850,0467438034
-9590,36020900241 -11254,2260118798 -14211,1242692073 -11951,8070922909
-9590,36020900241 -11157,6143840696 -14538,263323301 -12019,9661671031
-9590,36020900241 -11311,8257317834 -14282,645295525 -11972,4988176322
-9590,36020900241 -11226,3834652539 -14646,8650888781 -11971,3568437975
-9590,36020900241 -11016,5109403127 -14587,6154724581 -11995,3765485794
-9590,36020900241 -10888,5391575734 -15725,2116334692 -12034,3390929238
-9590,36020900241 -11269,8689886698 -14499,5175398932 -12039,5796980311
-9590,36020900241 -11526,0530615476 -14759,6842948159 -11951,1513260852
-9590,36020900241 -11386,5471628015 -14767,3741436217 -11945,2141691104
-9590,36020900241 -11286,7649671543 -14700,5572757819 -11919,1948638745
-9590,36020900241 -11217,1089102544 -14623,5668162157 -11899,496870423
-9590,36020900241 -11436,5540233338 -14765,3720973716 -11934,4681885141
-9590,36020900241 -11334,1306546795 -14484,1649823139 -11949,5575569995
-9590,36020900241 -11205,6617086802 -14436,5695535051 -11900,5877322567
-9590,36020900241 -11191,9415184898 -14188,9313710584 -11853,0511850397
-9590,36020900241 -11045,0737945893 -14462,9870948303 -11889,4163216309
-9590,36020900241 -11502,7705924912 -14579,7287572348 -12024,3024849322
-9590,36020900241 -11437,9708781945 -14710,1844982346 -12026,0408829303
-9590,36020900241 -11562,4684471524 -14356,9998904478 -12030,6397007338
-9590,36020900241 -11530,0103946806 -14658,5129215357 -12068,7426116158
-9590,36020900241 -11530,0103946806 -14260,3337170487 -12022,5973413017
-9590,36020900241 -11517,8928046416 -14537,479478655 -11978,8890598332
-9590,36020900241 -11561,516394098 -14658,7710011852 -11981,2439107604
-9590,36020900241 -11496,8043096139 -14318,5944024058 -11983,4058690916
-9590,36020900241 -11601,7378169642 -14846,033520591 -11961,5255917596
-9590,36020900241 -11554,0620944578 -15350,008002447 -11933,981118789
-9590,36020900241 -11513,1808313878 -14712,2340511958 -11956,597018016
-9590,36020900241 -11502,8889210143 -14643,6023987443 -11975,7839247541
-9590,36020900241 -11108,7955442264 -14286,1633952525 -11982,6315089514
-9590,36020900241 -11258,2960383252 -15286,7487348921 -11933,6326465369
-9590,36020900241 -11297,4115673841 -14441,6951309903 -12007,082658501
-9590,36020900241 -11263,7422699091 -14721,4263122701 -12048,8713121243
-9590,36020900241 -11521,0746254697 -15128,6300126469 -12034,7897515086
-9590,36020900241 -11308,893434164 -14907,5834679702 -12038,0908750214
-9590,36020900241 -10996,3183131999 -14823,5109575719 -11918,1024237149
-9590,36020900241 -11000,5254607612 -14643,8972098671 -11847,7294327307
-9590,36020900241 -11101,1233473704 -14852,7852619974 -11853,9305734204
-9590,36020900241 -11076,6479989429 -15144,068401608 -11846,9758375175
-9590,36020900241 -11170,7345696668 -15296,9439164194 -11910,4595127205
-9590,36020900241 -10994,3637947256 -14747,8665040058 -11922,0299890229
-9590,36020900241 -10840,8757677908 -14625,0236903152 -11842,3526129239
-9590,36020900241 -10848,9177701099 -15041,1282545234 -11813,7983871972
-9590,36020900241 -10901,9705913877 -13767,6184656307 -11785,25391136
-9590,36020900241 -10990,8946760566 -14291,2814221413 -11771,6311089915
-9590,36020900241 -11066,7598668444 -14268,2797109231 -11733,266650609
-9590,36020900241 -11033,7099948562 -14015,2501079732 -11684,7244938752
-9590,36020900241 -11033,7099948562 -14059,4213166735 -11637,7131437286
-9590,36020900241 -11118,5206191539 -14051,7425811303 -11624,4997623484
-9590,36020900241 -11151,1116972082 -13986,7913846489 -11655,8050546178
-9590,36020900241 -11151,1116972081 -14490,1374576407 -11689,3507763877
-9590,36020900241 -11151,1116972081 -14420,6567833792 -11729,8120342248
-9590,36020900241 -11025,0816763103 -14297,8655005354 -11736,856465884
-9590,36020900241 -10794,1367877412 -13868,8938264598 -11755,8609906314
-9590,36020900241 -10815,2594786614 -14393,0248205545 -11703,8686280785
-9590,36020900241 -10777,7713129866 -14018,7712180882 -11708,7091955324
-9590,36020900241 -10782,1099512151 -14810,2813119002 -11665,2777390598
-9590,36020900241 -10687,5749289102 -14931,2147254627 -11729,0026118387
-9590,36020900241 -10626,3658548237 -14466,8110680937 -11683,1780588863
535,829786356144
