12626,30515644 -8128,85911630619 -10402,9581037114 -8255,4506438134
12626,30515644 -8198,20762832956 -10919,1370783254 -8352,19112375447
12626,30515644 -8110,46032080712 -10957,9454054762 -8501,54060159491
12626,30515644 -8138,03118932719 -10464,6765917612 -8661,62363482747
12626,30515644 -8188,44578439409 -11774,1987516639 -8771,95750366704
12626,30515644 -8610,11825407921 -12372,7907336397 -9228,78191864893
12626,30515644 -9225,28474325988 -13075,974622233 -9744,66324167225
12626,30515644 -9378,33493400239 -12408,4332696854 -9960,50854124252
12626,30515644 -9268,72180709386 -12383,7539021819 -10035,6975205467
12626,30515644 -9480,53378001131 -12823,4198293171 -10162,8626798588
12626,30515644 -9437,04998851821 -13248,7859220072 -10235,3294536635
12626,30515644 -9437,04998851821 -12806,0598336725 -10269,0845957052
12626,30515644 -9759,57550179563 -13434,5945113404 -10396,7680492427
12626,30515644 -9790,73864274211 -13459,3297246189 -10580,7436851069
12626,30515644 -9640,20093564177 -13309,4683808913 -10578,3518641956
12626,30515644 -9746,91978319732 -13626,8112393249 -10707,883329342
12626,30515644 -9609,87873749898 -13758,7001679514 -10699,4819532537
12626,30515644 -9511,8712107567 -13159,8598521943 -10738,3738468765
12626,30515644 -9348,22320886288 -14154,8131984478 -10825,0867076451
12626,30515644 -9484,92175322378 -13501,7631867016 -10873,6372780334
12626,30515644 -9688,30007333108 -14008,0766058572 -10939,6393857356
12626,30515644 -9624,86226675882 -13791,4668625837 -10999,9576971225
12626,30515644 -9624,86226675882 -13866,5182853851 -11015,6249881273
12626,30515644 -10109,6434347364 -13974,9504696682 -11083,0145618767
12626,30515644 -10050,5940872409 -13809,9376983628 -11171,6359835406
12626,30515644 -10050,5940872409 -13849,7684734332 -11174,7689490027
12626,30515644 -9983,60088891788 -13838,1414955285 -11297,7828638804
12626,30515644 -10039,6025916824 -14041,7033391702 -11315,5635335069
12626,30515644 -10029,6653989634 -14298,9075625235 -11390,1075061354
12626,30515644 -9945,15109456908 -14396,1227235374 -11435,7406249483
12626,30515644 -10227,9814380041 -13737,2265408256 -11489,2351055719
12626,30515644 -10476,3839760683 -14313,2926930202 -11430,7010581388
12626,30515644 -10481,434708954 -13778,3784902735 -11458,4249073616
12626,30515644 -10481,434708954 -13820,4246019525 -11460,6632590121
12626,30515644 -10495,1202884858 -14088,8706869648 -11424,0603951314
12626,30515644 -10329,9646941885 -14285,4969403649 -11457,7559421301
12626,30515644 -10035,003205281 -13959,4444196935 -11421,4743453307
12626,30515644 -10040,6102880333 -14429,5967313311 -11430,9488056852
12626,30515644 -9987,98810812627 -13836,8685309117 -11482,1459961946
12626,30515644 -10071,2747528773 -14592,9332031819 -11450,0300087268
12626,30515644 -10190,0790870925 -14179,4154198725 -11455,2171097873
12626,30515644 -10261,3386793978 -14201,2379930743 -11504,4254998512
12626,30515644 -10311,5087896419 -14469,7031978814 -11529,38316525
12626,30515644 -10362,6755170021 -14411,6665877483 -11609,4692228386
12626,30515644 -10371,9741867849 -15538,8200106295 -11656,4431715442
12626,30515644 -10440,3015305131 -15098,1135364832 -11635,1811877538
12626,30515644 -10439,7878391211 -15249,5388653928 -11660,4009393145
12626,30515644 -10755,9739588899 -14845,1950102791 -11697,6960075392
12626,30515644 -10862,9076244296 -14042,319900792 -11742,541068428
12626,30515644 -10684,7316673476 -14619,1449291115 -11766,4903495752
12626,30515644 -10491,8971709576 -14622,1785232618 -11698,4273440566
12626,30515644 -10804,6696445411 -14704,3709081118 -11754,9796969281
12626,30515644 -10786,9650275571 -15214,6031956832 -11803,8936492144
12626,30515644 -10709,4328557016 -15002,7247338859 -11863,9811757578
12626,30515644 -10692,2752429798 -14693,5331802736 -11926,4893340486
12626,30515644 -10626,8667028668 -15290,6483480613 -11988,9166677718
12626,30515644 -10712,6126368463 -14948,1008109778 -11974,7247380466
12626,30515644 -11161,222719002 -15050,1565049608 -11989,2377816578
12626,30515644 -10820,5632454357 -14808,8945939152 -11999,8283784971
12626,30515644 -10856,1553853392 -14805,9997176852 -12045,2490360127
12626,30515644 -10869,7696580589 -14831,1763565091 -12059,957329929
12626,30515644 -10869,7696580589 -14316,7341349956 -12043,8161110507
12626,30515644 -11003,7477337498 -15057,0234778066 -12035,2100540796
12626,30515644 -11101,5097768923 -14989,2257566656 -12070,1035800206
12626,30515644 -10957,1777315247 -14601,0084087605 -11970,2318043246
12626,30515644 -11189,9396469288 -14540,9791590446 -11924,1516219959
12626,30515644 -11189,9396469288 -14675,553599296 -11954,5862598775
12626,30515644 -11318,8894266738 -14798,7247008444 -11953,6752614137
12626,30515644 -11286,7412996469 -14384,0863638632 -11921,0094070349
12626,30515644 -11228,8600589738 -14626,8691880457 -11871,9720747308
12626,30515644 -11187,9370668457 -15079,5243575171 -11844,8333956184
12626,30515644 -11170,8768406788 -15121,8348842725 -11860,1396593233
12626,30515644 -11021,3083467125 -15056,7064741864 -11845,7348804851
12626,30515644 -11025,2772949723 -15331,5684343039 -11713,5261608021
12626,30515644 -11011,8729260515 -14397,0077321938 -11781,0290315861
12626,30515644 -11019,3691989413 -15965,6176902104 -11864,4861955166
12626,30515644 -11013,0080750652 -15740,8942805192 -11860,2432487175
12626,30515644 -11181,4647236032 -15760,1254239095 -11909,8258568537
12626,30515644 -11145,3917722888 -14370,6742362977 -11936,4999257827
12626,30515644 -11117,4107992551 -15309,6404293448 -11864,0912547764
12626,30515644 -11263,2020342214 -14592,3792584973 -11950,5559275635
12626,30515644 -11225,8834139073 -14486,441033769 -11913,3720918735
12626,30515644 -11063,8941181114 -15359,5091386665 -11963,991243486
12626,30515644 -11073,7675404038 -14829,5690850242 -11921,9872026915
12626,30515644 -11087,7075519148 -14989,0874953247 -12033,2431677771
12626,30515644 -11016,860409014 -15293,714959145 -12043,1071201318
12626,30515644 -11005,4522519154 -15422,8670426208 -12083,8849337599
12626,30515644 -11034,1088559962 -15142,6973460714 -12130,5587158777
12626,30515644 -10979,8806315023 -15474,1366550091 -12095,7886770969
12626,30515644 -11287,2412803319 -15213,2043054846 -12117,5490118248
12626,30515644 -11187,5881804221 -15226,6729525811 -12090,1989045761
12626,30515644 -11229,1738844191 -14988,8426304356 -12086,1954859411
12626,30515644 -11361,9361017155 -15480,9190573296 -12122,1408987797
12626,30515644 -11170,4268905642 -14496,1869121733 -12062,2760598584
12626,30515644 -11253,6066585039 -15633,1343393768 -12119,7725039134
12626,30515644 -11070,2064826348 -14839,7976451614 -12088,2850960812
12626,30515644 -11028,4770269897 -15326,794698377 -12119,947194599
12626,30515644 -11197,7660615897 -15315,0279143414 -12134,1407707237
12626,30515644 -11028,4770269897 -14666,0378117714 -12060,0870991324
12626,30515644 -11142,6149672585 -15372,1667694171 -12037,6279664057
12626,30515644 -11271,6762144253 -15212,1230512805 -12129,8070684684
12626,30515644 -11007,7536357998 -14726,3319853369 -12081,1939060802
12626,30515644 -11123,6414271022 -14694,9213676938 -12041,1762338628
12626,30515644 -11110,9294036028 -15669,4984664779 -12048,9342481919
12626,30515644 -11280,2184382028 -15641,0602939928 -12019,9625795175
12626,30515644 -11078,3896749947 -14560,4505828302 -11974,7459802948
12626,30515644 -11091,8575264048 -15032,9623143961 -11932,8709930477
12626,30515644 -11139,7168719699 -14507,8094079522 -11935,9159392279
12626,30515644 -11136,9342290215 -14373,5190151175 -11848,6064559968
12626,30515644 -11272,7467499508 -14708,7674040447 -11814,284398245
12626,30515644 -11423,2844570512 -14837,607599928 -11836,0132436196
12626,30515644 -11005,6191978753 -14625,0178262235 -11743,9553269167
12626,30515644 -10958,2283676095 -15249,9738452393 -11776,3243919995
12626,30515644 -10907,7346751273 -14647,730291298 -11803,5802884623
12626,30515644 -11108,1245033923 -14840,5967755121 -11782,7980341394
12626,30515644 -11248,0363586383 -15169,2946421919 -11771,855538446
12626,30515644 -11119,9811026172 -14748,5030852685 -11809,4036097386
12626,30515644 -11292,3696531235 -14784,7585870143 -11862,525500776
12626,30515644 -11151,4918105683 -14719,571771796 -11848,5233976751
12626,30515644 -11188,0461649418 -14352,9146614809 -11796,9467571777
12626,30515644 -10985,6754552064 -14409,3670148618 -11751,8973499284
12626,30515644 -10937,1702851706 -14361,3656199298 -11757,5357511574
12626,30515644 -10720,9615370525 -14812,4965602289 -11774,0729798402
12626,30515644 -10607,3794094195 -14386,4978663519 -11725,6749248298
12626,30515644 -10674,4798571387 -14727,0580833396 -11679,7152800692
12626,30515644 -10717,2979080173 -14732,4601535673 -11729,3349842656
12626,30515644 -11045,3940904622 -14929,9946125167 -11815,4896152333
12626,30515644 -11227,4113019711 -15521,1601199916 -11933,0913965285
12626,30515644 -11321,1729707822 -14695,5927446056 -11910,8536393681
12626,30515644 -11292,8397344485 -13943,5338769157 -11858,9153525334
12626,30515644 -11127,0130591761 -14467,0551826934 -11819,7651819244
12626,30515644 -11046,6620390228 -14254,547960581 -11850,4637991576
12626,30515644 -11113,1157240924 -14990,2310672568 -11796,0554725484
12626,30515644 -10994,9833574516 -14379,8203045174 -11834,7710177747
12626,30515644 -10957,6511839265 -14082,9134442238 -11810,9834843376
12626,30515644 -11117,1358962986 -14170,3232472904 -11795,804666865
12626,30515644 -11238,0531408311 -14737,0064497703 -11789,4238675411
12626,30515644 -11239,9907379509 -14722,6095336786 -11780,5122261705
12626,30515644 -11322,9225140451 -14860,202576955 -11786,5658915887
12626,30515644 -11292,6193036299 -14881,9332561733 -11832,2377109776
12626,30515644 -11522,9764927489 -14572,1661772345 -11830,4351380508
12626,30515644 -11345,6063136746 -13989,0376007141 -11871,962125343
12626,30515644 -11214,0286930175 -14631,2318612705 -11832,0216075772
12626,30515644 -11134,9518721606 -14140,5341154029 -11795,5985100746
12626,30515644 -11051,8228574406 -14823,8751686738 -11738,2767013939
12626,30515644 -10879,4168250954 -15115,7180799719 -11720,1396988933
12626,30515644 -10821,2391672131 -14472,3310658959 -11692,3802741932
12626,30515644 -10667,5791051597 -14163,4618027723 -11732,6721387914
12626,30515644 -10862,2705024273 -14737,8824972786 -11744,3336200099
12626,30515644 -11112,7169798313 -14607,9918444359 -11822,2502616702
12626,30515644 -11112,7169798313 -14342,4430229086 -11833,4046999638
12626,30515644 -11114,0801633781 -14566,3747264705 -11880,4496406048
12626,30515644 -11045,7131499843 -14345,3534234701 -11956,7890655274
12626,30515644 -11120,186906327 -14678,9217249272 -11877,5892411518
12626,30515644 -11109,2756745463 -14521,8901903754 -11840,6979006014
12626,30515644 -11254,2220682486 -14201,5460085735 -11825,0351883746
12626,30515644 -11196,3849913973 -14269,5633316614 -11755,8845935569
12626,30515644 -11048,6671979078 -14413,6482415441 -11755,92463221
12626,30515644 -11048,6671979078 -14436,927645982 -11809,5587377691
12626,30515644 -10900,7975882409 -14741,4482712147 -11812,9905178365
12626,30515644 -10900,7975882409 -14349,5727339947 -11860,4979731996
12626,30515644 -11025,0421780163 -15179,1185246139 -11848,4547649173
12626,30515644 -10757,254381968 -15050,5834642398 -11753,7939414423
12626,30515644 -10730,6648312955 -14615,2830448149 -11737,9679149369
12626,30515644 -10462,3701987195 -15324,6957906787 -11724,5790881792
12626,30515644 -10411,2034713594 -15131,709715618 -11700,1015422069
12626,30515644 -10429,1802264558 -14733,1446706341 -11765,0902502061
12626,30515644 -10452,6568482125 -14398,4681970521 -11806,4088325557
12626,30515644 -10453,7647684336 -14829,2929440248 -11744,995374401
12626,30515644 -10494,5057980776 -14173,4235847256 -11761,1814525956
12626,30515644 -10257,8783146349 -14114,389692232 -11756,8808960376
12626,30515644 -10127,4477671273 -14549,0142808258 -11719,3054315048
12626,30515644 -9966,717168855 -14939,8409035188 -11681,0669734628
12626,30515644 -9958,91695785026 -14880,639662118 -11655,8623628555
12626,30515644 -9781,59407582468 -14420,0783445253 -11620,8129013286
12626,30515644 -10044,371022055 -14570,6437368614 -11676,8419330492
12626,30515644 -10080,5850298726 -13684,6582060988 -11634,7266432946
12626,30515644 -10211,2005822775 -14485,8765065753 -11650,5334072495
12626,30515644 -10320,26570467 -14717,123978433 -11746,8033673623
12626,30515644 -10315,4791834125 -14447,0041408607 -11638,6207012641
12626,30515644 -10398,1434204196 -14400,8166643643 -11694,4000083064
12626,30515644 -10398,1434204196 -14137,9240851014 -11717,3433547237
12626,30515644 -10439,0652634219 -14724,8285624491 -11756,9134567789
12626,30515644 -10465,5651952999 -14573,1914292755 -11725,1793757545
12626,30515644 -10671,6432460382 -15387,6342473845 -11732,5012168208
12626,30515644 -10538,7868396629 -14922,6042646088 -11770,7841093843
12626,30515644 -10524,8032960376 -14486,0570825703 -11739,4022968231
12626,30515644 -10686,8314576355 -14285,7697718627 -11705,7302902504
12626,30515644 -10913,2930785862 -14689,7058011848 -11709,5214833303
12626,30515644 -10986,2023641653 -14433,2837772043 -11761,7674585489
12626,30515644 -10923,8576944881 -14620,2946451685 -11717,7815427087
12626,30515644 -10844,1846792596 -14391,2421179102 -11693,8102044925
12626,30515644 -10987,7507491891 -14922,1356071804 -11696,8379448652
12626,30515644 -10943,384845996 -14505,1977622739 -11682,3425704707
12626,30515644 -10928,7569427918 -14241,4039257134 -11676,196358274
12626,30515644 -10870,0945174796 -14247,9596484702 -11699,1689764766
12626,30515644 -11102,4718877301 -15111,0200664545 -11870,6205889871
12626,30515644 -10876,0102667794 -14353,8974702331 -11841,1279733312
12626,30515644 -10932,4919774503 -14781,6826128405 -11833,3816383882
12626,30515644 -10843,9579687813 -15165,1522992767 -11832,1867786513
12626,30515644 -10831,0961732042 -14968,2779622275 -11816,3090648368
12626,30515644 -10758,7480897373 -14745,7594354513 -11846,1973910365
12626,30515644 -10786,4307366994 -14905,8074054113 -11793,425681667
12626,30515644 -10841,2409429502 -15761,7953387191 -11824,9140738433
12626,30515644 -10793,5736562964 -14892,5073948992 -11829,0165726613
12626,30515644 -10501,1089052366 -14652,1511848077 -11763,9228425867
12626,30515644 -10677,2527063086 -14808,9135146958 -11745,0792978232
12626,30515644 -10701,4017517263 -15380,2957393514 -11735,5435156552
12626,30515644 -10736,5371113553 -15367,2590938512 -11698,5286020575
12626,30515644 -10729,6585867672 -14433,7023940184 -11714,2935319928
12626,30515644 -10727,3663113357 -14477,6487274158 -11787,7372015755
12626,30515644 -10782,1092051192 -14438,3657987846 -11798,1358241928
12626,30515644 -10782,1092051192 -14497,8932203021 -11836,6927984234
12626,30515644 -10821,823105961 -14577,9492112697 -11751,1316340581
12626,30515644 -10925,5872362195 -14537,4946399456 -11778,2584401688
12626,30515644 -10927,6222795894 -14740,6871094005 -11683,2435173348
12626,30515644 -11053,0253030562 -13939,8873113297 -11625,7206433914
12626,30515644 -11105,3295833815 -15199,8684532968 -11678,4349328058
12626,30515644 -11137,8580289048 -15175,2057093385 -11676,5253858402
12626,30515644 -11003,8796848597 -14392,2697320084 -11717,0334164639
12626,30515644 -10819,8314271665 -14182,8947687675 -11703,2869974634
12626,30515644 -11000,9236368606 -13923,092951757 -11630,6535520785
12626,30515644 -11009,4403555619 -14374,2458734628 -11711,8791018947
12626,30515644 -11137,8782593699 -14385,7057265068 -11682,0550501262
12626,30515644 -11085,7709117606 -14463,5138310616 -11672,3741325642
12626,30515644 -10918,7739638052 -14128,8019692928 -11601,2179287902
12626,30515644 -10921,2742991541 -14225,5068415472 -11660,112169348
12626,30515644 -10921,089074218 -14428,0710003098 -11644,3309051857
12626,30515644 -10965,4829131087 -14213,7915787104 -11672,3566604889
12626,30515644 -11292,1338431803 -14547,8872744724 -11728,9912226665
12626,30515644 -11150,2839994026 -14336,0214387399 -11787,2976639216
12626,30515644 -11014,7726222051 -14824,6235245328 -11681,7819637249
12626,30515644 -10859,9932222626 -14398,8713837561 -11720,6088117339
12626,30515644 -10859,9932222626 -14975,7564318025 -11652,4591596219
12626,30515644 -10965,3524966627 -14796,1993905107 -11716,0348903059
12626,30515644 -10989,0453743041 -14151,5165201058 -11604,5182066776
12626,30515644 -10680,294133016 -14113,7082588214 -11570,7014542517
12626,30515644 -10672,7978601262 -14388,7022290552 -11528,9643462931
12626,30515644 -10994,8760524982 -14246,9099512812 -11583,8272671208
12626,30515644 -10826,2407823576 -14005,9353252975 -11524,470709589
12626,30515644 -10959,7598988091 -14624,9832708917 -11535,6502460956
12626,30515644 -10965,1655150882 -14458,5639444173 -11585,9604745291
12626,30515644 -10997,2314567863 -14355,1640636271 -11685,8544774555
12626,30515644 -10830,8405291833 -14812,0767668501 -11684,3669327745
12626,30515644 -10881,6341278788 -14598,2293206693 -11680,7469042897
12626,30515644 -10843,7232562657 -14668,2257034732 -11655,9766123224
12626,30515644 -10841,9624718077 -14238,0593759717 -11697,2585443917
12626,30515644 -10973,0281051548 -14711,2792236317 -11718,580927943
12626,30515644 -11174,0188921626 -14754,2086893921 -11773,373490971
12626,30515644 -11071,8332131219 -14161,6624264966 -11735,7558117706
12626,30515644 -11219,4061085574 -14437,336870015 -11731,1563967796
12626,30515644 -11014,6961162523 -14654,190798141 -11701,870584314
12626,30515644 -11181,0004833038 -14325,6354685054 -11753,685642503
12626,30515644 -11061,6849740944 -14844,2534984222 -11779,3565736721
12626,30515644 -10964,0815025221 -14076,9044073958 -11625,9164875024
12626,30515644 -10902,3438088528 -14478,4434881671 -11631,3237910383
12626,30515644 -10829,1904497374 -14674,4083441795 -11611,557589818
12626,30515644 -10771,8921872135 -14421,2751611168 -11619,463508961
12626,30515644 -10694,0590452806 -14085,8319103395 -11638,0896076779
12626,30515644 -10968,6268610327 -14636,1041010487 -11703,4715549319
12626,30515644 -10719,2902848783 -14380,8164272598 -11654,5378464472
12626,30515644 -10754,3882270487 -14769,9388469844 -11597,3616285719
12626,30515644 -10882,857173048 -14962,7561433328 -11626,4970322044
12626,30515644 -10956,5542842743 -14376,1792782988 -11688,2032176802
12626,30515644 -10843,8464506621 -15100,5881670512 -11676,5979674086
12626,30515644 -10807,9293742781 -14308,7177011596 -11663,0701587795
12626,30515644 -10841,2596288207 -14843,930740438 -11667,9300782872
12626,30515644 -10841,2596288207 -13910,7309124984 -11639,1214950947
12626,30515644 -10874,7791671527 -14549,5295613018 -11572,2324267383
12626,30515644 -11007,9189501097 -14153,9010836883 -11636,7281299395
12626,30515644 -10993,5232582185 -14664,5518724392 -11577,507579469
12626,30515644 -10968,4268390003 -13977,1915881202 -11635,3738546148
12626,30515644 -10960,9518141366 -14241,3832111219 -11546,0756709317
12626,30515644 -10812,0918204085 -14906,6954179123 -11522,205538159
12626,30515644 -10802,4463617117 -14361,9832827385 -11561,3634399886
12626,30515644 -10738,8505236877 -14131,2366130895 -11604,8415158166
12626,30515644 -10635,4279138975 -14075,3973988174 -11687,4489381895
12626,30515644 -10689,9737698963 -14619,6543740602 -11672,5313570068
12626,30515644 -10684,433624978 -14188,5384667925 -11519,9921549001
12626,30515644 -10490,7073532598 -14436,2843817489 -11503,3525922383
12626,30515644 -10490,7073532598 -13977,6514202187 -11544,7461219297
12626,30515644 -10379,1815298934 -14649,7507892447 -11519,7770067777
12626,30515644 -10430,6389426531 -14214,6819482298 -11574,720503497
12626,30515644 -10438,5333167463 -13871,3797804413 -11589,5141149119
12626,30515644 -10475,3813762585 -14633,9210768871 -11607,9336079294
12626,30515644 -10858,3978595182 -14545,7457218697 -11629,6241409811
12626,30515644 -10873,0315700112 -14941,9924221862 -11623,838547672
12626,30515644 -10815,9702018124 -14252,7459555955 -11713,7400930961
12626,30515644 -10763,2359440485 -14403,4641808097 -11662,7349531768
12626,30515644 -10776,2986742735 -14665,2486491293 -11716,3620423377
12626,30515644 -10675,4056741187 -15202,427975465 -11731,0538435629
12626,30515644 -10681,6612349821 -14381,9737283325 -11698,8829412379
12626,30515644 -10613,4487592261 -13764,8170510633 -11615,1344478027
12626,30515644 -10547,2430917281 -14221,5938206548 -11630,0484534541
12626,30515644 -10526,7436882651 -14857,711021782 -11566,5822503153
12626,30515644 -10714,7130287796 -14161,2898187064 -11592,4181289969
12626,30515644 -10842,390730101 -14369,6443324425 -11645,0974359403
12626,30515644 -10823,1845726269 -14657,1686682692 -11648,1885480959
12626,30515644 -10808,3778314305 -15085,8937882628 -11700,6692921124
12626,30515644 -10810,5700094277 -15251,2207391736 -11671,5832771054
12626,30515644 -10671,504652156 -14950,5749680687 -11678,1204255853
12626,30515644 -10837,7729602706 -14795,9912717954 -11675,7882767919
12626,30515644 -11116,6642951094 -13985,7072853501 -11744,1882055204
12626,30515644 -11226,4985760468 -14249,6935468254 -11739,3744431542
12626,30515644 -11263,4902658097 -14482,141958209 -11724,233840469
12626,30515644 -11102,3370394038 -13713,3211314591 -11651,4121181382
12626,30515644 -10859,4369377302 -14827,1818547032 -11559,2710644897
12626,30515644 -10939,6537394497 -14445,2891192752 -11553,7226462632
12626,30515644 -10879,6345707395 -14604,7283049147 -11478,3951821757
12626,30515644 -10717,2822701289 -14226,0917974285 -11520,5206036146
12626,30515644 -10436,9006869869 -13928,7369569269 -11459,4019012856
12626,30515644 -10396,231418881 -14790,2043004126 -11448,579983416
12626,30515644 -10396,231418881 -14320,9540652791 -11478,9071850791
12626,30515644 -10396,231418881 -14774,4305899748 -11467,1823749848
12626,30515644 -10301,2829668125 -14135,0025973134 -11425,768910145
12626,30515644 -10188,1839413434 -14425,2081447802 -11440,1404484059
12626,30515644 -10252,1337657893 -14636,0257103257 -11455,076455034
12626,30515644 -10224,040381781 -14575,4778987398 -11450,3834071015
12626,30515644 -10382,9647114862 -13660,5778470121 -11382,9160733673
12626,30515644 -10179,7899853717 -14252,8616170559 -11430,3427719183
12626,30515644 -10111,4544242276 -14513,3695287163 -11398,3070372281
12626,30515644 -10073,8947278827 -14658,945611175 -11338,8415560617
12626,30515644 -9999,08531950719 -14514,3711559521 -11302,6475956037
12626,30515644 -10135,2064391197 -14439,755760962 -11340,9813818501
12626,30515644 -10033,7044053114 -14468,9595824098 -11336,1205172442
12626,30515644 -9942,99038816109 -13541,926299758 -11223,0606836869
12626,30515644 -9893,72986429937 -14176,3593102518 -11215,9307460411
12626,30515644 -9995,2318981077 -13812,961284492 -11167,0494319839
12626,30515644 -9997,98695998591 -13319,3778429692 -11203,1131348207
12626,30515644 -9774,87212115737 -13639,0118349691 -11253,3536013075
12626,30515644 -9824,33624131976 -14197,0585427488 -11273,0112160215
12626,30515644 -9912,69182433496 -13914,9265722382 -11326,0982083065
12626,30515644 -9954,62651710773 -14181,3381073937 -11239,9148046815
12626,30515644 -9934,66879189094 -13898,1948632346 -11308,476400406
12626,30515644 -10373,3503449736 -14793,9900478723 -11401,9812431385
12626,30515644 -10373,3503449736 -13806,6254145113 -11509,3286891706
12626,30515644 -10536,2706399839 -14707,2954739418 -11588,4423417981
12626,30515644 -10739,128116492 -14560,3583492693 -11574,9959616511
12626,30515644 -10843,3248412053 -14462,5165566178 -11595,1164791855
12626,30515644 -10586,0533421979 -15091,2691377489 -11601,5770338062
12626,30515644 -10598,8296928614 -14082,5932886977 -11503,2297744684
12626,30515644 -10703,2207788799 -14562,8382012098 -11458,9793953224
12626,30515644 -10653,5788050846 -14531,2122922755 -11445,8316098991
12626,30515644 -10496,69033552 -14814,7938993615 -11445,4229347232
12626,30515644 -10690,9556733705 -14796,0791426875 -11482,2370027546
12626,30515644 -10573,4547293536 -14813,9985318383 -11451,4925286942
12626,30515644 -10445,6902119802 -14350,697063228 -11399,5138622827
12626,30515644 -10400,8795461758 -13632,3043679579 -11434,6633712949
12626,30515644 -10414,9792096014 -14559,9182816615 -11417,6240243438
12626,30515644 -10412,3782038411 -14798,2691479043 -11406,1016904717
12626,30515644 -10388,3745826513 -14118,6293104333 -11344,2183183549
12626,30515644 -10160,6596610402 -14260,3108434021 -11351,0132728628
12626,30515644 -10479,4952200325 -14032,3706465908 -11423,0694708054
12626,30515644 -10167,6802850796 -14496,7461622498 -11472,0842449579
12626,30515644 -10279,8223265221 -14627,0363482115 -11535,2375182653
12626,30515644 -10329,6876082444 -14662,0891961409 -11501,7955201618
12626,30515644 -10498,6100973344 -14155,2506817638 -11571,8839356425
12626,30515644 -10726,5876768136 -15473,0746867803 -11603,5898076662
12626,30515644 -10556,499508336 -14988,6004795925 -11586,6869276056
12626,30515644 -10606,5273015036 -14780,2621247524 -11604,84073354
12626,30515644 -10808,8626005128 -14567,7980963539 -11584,9670282486
12626,30515644 -10699,9094382451 -15310,0375577722 -11541,701135388
12626,30515644 -10481,2323540564 -14999,0584219665 -11455,1688195736
12626,30515644 -10427,9680214102 -14154,2348083002 -11472,4735046463
12626,30515644 -10387,1297017643 -14303,1200862516 -11575,0070599334
12626,30515644 -10375,1571791182 -14914,5417814094 -11549,5840904796
12626,30515644 -10375,1571791182 -13836,2723583101 -11603,0687464244
12626,30515644 -10415,7801044303 -14632,0446096229 -11591,855969938
12626,30515644 -10209,2407174555 -14346,6328473369 -11562,3981013581
12626,30515644 -10476,3999145624 -14497,4301175515 -11565,2867809417
12626,30515644 -10580,3191172509 -14502,8793306368 -11582,8212801957
12626,30515644 -10495,9129853068 -14105,4205760039 -11524,9257969962
12626,30515644 -10451,2364737403 -14897,8965467894 -11494,8986432022
12626,30515644 -10620,166950754 -13957,7782795693 -11439,275876915
12626,30515644 -10406,7962758145 -14275,2482222235 -11326,4471868853
12626,30515644 -10261,0549243542 -14253,1313936565 -11264,1523804053
12626,30515644 -10204,0391613152 -14358,777093685 -11313,039466211
12626,30515644 -10204,0391613152 -14198,0912601878 -11351,3323719262
12626,30515644 -10191,1448835984 -14167,75138333 -11354,5082718944
12626,30515644 -10277,1263313266 -14623,2952116541 -11436,0311783947
12626,30515644 -10130,5030159868 -15342,2874183245 -11425,4233688301
12626,30515644 -10085,6699228995 -14528,9626572344 -11462,7459684101
12626,30515644 -10046,7369573239 -15018,2705817581 -11491,2354386355
12626,30515644 -10175,8736650561 -14459,1005100872 -11445,7664454977
12626,30515644 -10149,1099515963 -14221,9012904715 -11408,719431329
12626,30515644 -10229,6797553708 -13893,3137428387 -11478,5986566105
12626,30515644 -10658,716142984 -15554,8057510573 -11497,6181246472
12626,30515644 -10818,8947700521 -14894,3439147807 -11533,5450093793
12626,30515644 -10813,9828862641 -14541,9660925302 -11539,6475085986
12626,30515644 -10809,4101048495 -14467,7435400896 -11573,7303223362
12626,30515644 -10868,9051361748 -14854,8593950846 -11523,7396640916
12626,30515644 -10824,6723456214 -14785,6531949487 -11516,4058534139
12626,30515644 -11011,0251866119 -14799,8426015067 -11559,6539704894
12626,30515644 -11079,5968619783 -14383,6588264883 -11688,4562513279
12626,30515644 -11088,884331829 -14885,0975554853 -11695,612129405
12626,30515644 -11068,0105655867 -14896,0013944676 -11679,4218247154
12626,30515644 -11017,5929716452 -14795,6155586814 -11639,2765875737
12626,30515644 -11014,3048075213 -15656,8642099514 -11642,5642353922
12626,30515644 -10705,248574398 -14289,753397324 -11632,2126725592
12626,30515644 -10436,9214681579 -14466,1719492889 -11632,1973151083
12626,30515644 -10541,8718553602 -14221,535205251 -11595,2278650481
12626,30515644 -10550,1458116596 -14494,882416486 -11668,9798354494
12626,30515644 -10502,7549813938 -14945,5341172398 -11649,4201159006
12626,30515644 -10219,3659790878 -14484,2981923088 -11619,791203519
12626,30515644 -10566,0791754325 -14656,8879948654 -11691,7842211198
12626,30515644 -10769,3775702723 -15152,189212175 -11802,523812532
12626,30515644 -10765,3289946693 -14558,3391250876 -11713,1426796786
12626,30515644 -10761,2793163664 -14688,7540559678 -11670,52016071
12626,30515644 -10561,159099927 -15057,1907067239 -11689,2722847244
12626,30515644 -10831,1457336198 -14880,3301542629 -11781,4796683671
12626,30515644 -10755,8757197581 -14364,4607748941 -11732,0013619079
12626,30515644 -10711,5165117993 -14718,8980333172 -11847,3613083395
12626,30515644 -10636,4162849936 -14543,3416172882 -11808,7931103781
12626,30515644 -10568,0605955387 -14650,7244016365 -11759,6830720119
12626,30515644 -10611,0416734577 -14379,476218701 -11728,1400102496
12626,30515644 -10611,0416734577 -14337,6012339818 -11600,9396791171
12626,30515644 -10704,7384216436 -14224,0142779376 -11665,5568068927
12626,30515644 -10706,7575206356 -14944,6608362139 -11633,6079843327
12626,30515644 -10651,7737686041 -15045,1961745091 -11696,8982755243
12626,30515644 -10824,3656414236 -14547,6355506674 -11800,2990048893
12626,30515644 -10901,1189540462 -14941,5303151767 -11865,9921095891
12626,30515644 -10968,9980593753 -14303,5290748878 -11779,4501629399
12626,30515644 -11011,8087161343 -14752,1339756693 -11784,7557814554
12626,30515644 -11040,183653458 -14755,5248293929 -11735,9898042093
12626,30515644 -11052,685100253 -14752,0018912726 -11679,4091236431
12626,30515644 -11080,1034499547 -14667,0485163027 -11634,8857054022
12626,30515644 -11039,3702640941 -14087,9622779819 -11629,3425514267
12626,30515644 -11125,5468927176 -14885,3089380542 -11571,635297849
12626,30515644 -11204,6160416446 -14284,1121829273 -11687,7010986042
12626,30515644 -11066,9457683761 -14814,1112161178 -11673,9485926202
12626,30515644 -10769,3467316532 -14924,647244365 -11621,7303135128
12626,30515644 -10921,919606507 -14054,3182678356 -11644,8600076391
12626,30515644 -10938,0401177058 -14163,4287001461 -11670,7330720059
12626,30515644 -10958,2013702972 -14248,1536627699 -11678,5819874692
12626,30515644 -10867,5492512907 -14352,2116004145 -11668,3821080965
12626,30515644 -10902,1798987843 -14269,598464498 -11759,9905013169
12626,30515644 -10753,4402335287 -14670,6140751006 -11685,237766746
12626,30515644 -10643,6603946379 -14647,604151536 -11714,292576131
12626,30515644 -10573,95703175 -14828,3597745548 -11621,681282376
12626,30515644 -10489,0839579378 -14153,5570465658 -11599,5058120046
12626,30515644 -10625,3670072744 -14534,2979198148 -11605,5471765575
12626,30515644 -10498,4665057479 -14468,04228991 -11640,3126485094
12626,30515644 -10521,7171855958 -14715,9535963911 -11668,9886080793
12626,30515644 -10634,6847092103 -14825,7253024439 -11643,7773220012
12626,30515644 -11000,584228017 -15100,1411603764 -11782,0058883844
12626,30515644 -10967,7045175437 -14320,8714791791 -11789,4641811215
12626,30515644 -10996,9215977263 -14010,1184587323 -11756,0428580623
12626,30515644 -11176,4646490807 -14621,6999090058 -11783,5083426804
12626,30515644 -11128,8702420661 -14061,6061815609 -11769,215502758
12626,30515644 -11109,5089118851 -14426,9206500229 -11736,3622258958
12626,30515644 -11234,5441791348 -14596,690409929 -11753,7918244775
12626,30515644 -11195,4430236693 -14083,1705229944 -11726,1054781338
12626,30515644 -11229,0803198254 -15012,5156800223 -11674,2768172609
12626,30515644 -11099,5393495186 -14091,7528121186 -11634,9256677906
12626,30515644 -10860,7642606991 -14752,6603846939 -11635,2760422848
12626,30515644 -10867,4176703692 -14186,1003784949 -11648,0324094786
12626,30515644 -11131,031735911 -14399,6458156471 -11719,9199908265
12626,30515644 -11189,3517430312 -14842,6649783117 -11816,4621297888
12626,30515644 -11253,1924161243 -14320,7232618346 -11826,3571343808
12626,30515644 -11327,4894058902 -14766,3152730635 -11873,8806983372
12626,30515644 -11112,1951891252 -14404,6825637795 -11895,5006547337
12626,30515644 -11049,670713086 -14749,3928024714 -11943,8503225555
12626,30515644 -11022,7433682372 -14554,1697136966 -11974,1456918812
12626,30515644 -11179,9189875873 -15117,0971874581 -11926,5791343583
12626,30515644 -11264,5506436923 -14580,8957918414 -11952,8307057213
12626,30515644 -11062,9921456859 -14176,0185394166 -11887,4977133135
12626,30515644 -10912,2603786409 -14980,4876621446 -11860,6122565516
12626,30515644 -10816,1770034001 -14919,1579213552 -11869,7531853791
12626,30515644 -10752,509319117 -15531,5825341906 -11868,3517121975
12626,30515644 -10876,4078606368 -14667,4735833453 -11853,5762778041
12626,30515644 -10789,218690276 -14996,2097912485 -11856,5948221788
12626,30515644 -10647,6889052718 -15352,9273262968 -11756,6212667437
12626,30515644 -10858,9086263415 -14702,3168043848 -11753,5678557861
12626,30515644 -11141,8694635963 -14569,5320529269 -11751,7946132505
12626,30515644 -10569,8428025493 -14386,0769446388 -11681,4213426005
12626,30515644 -10815,7792475516 -15928,3792343454 -11775,6529506579
12626,30515644 -10588,1101091444 -14841,8716780192 -11782,207715519
12626,30515644 -10545,4172482847 -14747,3045850121 -11726,9822492666
12626,30515644 -10539,3028921483 -15047,0158810077 -11676,9703999661
12626,30515644 -10525,2406955988 -14465,8174165008 -11642,333377938
12626,30515644 -10451,713656048 -15912,7706896569 -11792,4644013737
12626,30515644 -10647,0955868753 -15959,0781378196 -11778,3473487471
12626,30515644 -10611,3980891156 -15451,5137341664 -11704,6025124358
12626,30515644 -10580,7550055054 -15507,8357659984 -11722,4011366603
12626,30515644 -10627,6385906438 -16070,1554591073 -11715,0475350226
12626,30515644 -10379,9231466717 -15435,3458160688 -11623,9766330822
12626,30515644 -10402,7274849079 -15203,081531245 -11571,0737153534
12626,30515644 -10458,3600767528 -14961,7597691187 -11545,7372041858
12626,30515644 -10534,1690486179 -14708,4617009641 -11541,8116249402
12626,30515644 -10555,791590648 -15113,4778921646 -11527,9490198928
12626,30515644 -10279,0439476093 -15170,7885297235 -11573,4756448008
12626,30515644 -10287,6505027969 -15136,8811036468 -11505,9562772413
12626,30515644 -10455,2354313131 -15290,3931408063 -11451,6249679721
12626,30515644 -10225,770652689 -14972,7972993929 -11434,3483065361
12626,30515644 -10332,5929733328 -14471,7369832635 -11468,182264955
12626,30515644 -10299,2985482527 -14633,0492039284 -11547,5041679227
12626,30515644 -10464,2386884975 -13992,5208885646 -11554,9401312166
12626,30515644 -10466,0678147034 -14747,3238516423 -11590,562277123
12626,30515644 -10464,2386884975 -14679,7156584063 -11672,4188788489
12626,30515644 -10640,5432735582 -15104,3852578178 -11727,7745490243
12626,30515644 -10553,5225732164 -14879,0463440342 -11735,6723818648
12626,30515644 -10496,2737915029 -14782,2880321875 -11712,9175306548
12626,30515644 -10404,7450465823 -15690,533712545 -11638,5034642263
12626,30515644 -10280,0378212655 -14997,4340278286 -11550,9182456016
12626,30515644 -10512,2998238495 -14547,4248428962 -11575,7838031822
12626,30515644 -10620,1001981586 -14124,1101367969 -11567,59027976
12626,30515644 -10553,2841905046 -14185,9076079858 -11487,4568799396
12626,30515644 -10548,2971986746 -14612,300247414 -11442,98740137
12626,30515644 -10539,9038085282 -15248,5837127196 -11491,6040250912
12626,30515644 -10541,3856439465 -13932,6786004037 -11508,8363461919
12626,30515644 -10639,0331435523 -14257,231742066 -11513,3442555066
12626,30515644 -10595,5749564033 -14070,0884133331 -11438,325911553
12626,30515644 -10573,549707454 -14519,7838279595 -11410,6545096948
12626,30515644 -10827,2895404096 -14709,7172706797 -11502,8581658466
12626,30515644 -10804,9682572843 -13842,1934806962 -11553,9547922976
12626,30515644 -10802,845019367 -14567,4332915983 -11569,699765702
12626,30515644 -10734,1666583402 -14467,4800263833 -11586,6220089887
12626,30515644 -10710,3342613555 -15095,6286106681 -11507,0480282028
12626,30515644 -10805,2249577578 -14056,3432571535 -11571,6469204078
12626,30515644 -10702,2263732858 -14143,4963526808 -11507,9268375116
12626,30515644 -10771,4960617637 -14314,1250602375 -11468,1256294799
12626,30515644 -10796,6028394684 -14014,0016273406 -11528,6710470449
12626,30515644 -10417,2025475671 -13806,6521714862 -11460,9438195263
12626,30515644 -10531,9239129232 -14022,4045823527 -11523,3309547454
12626,30515644 -10543,93889406 -14413,5892155392 -11471,7280527911
12626,30515644 -10440,2180179922 -14060,5954177086 -11372,9592928901
12626,30515644 -10782,0388186857 -13757,7004318654 -11442,5109837805
12626,30515644 -10793,6375451575 -13955,1178726572 -11432,433390319
12626,30515644 -10617,4334930415 -14196,7176817009 -11383,8744956907
12626,30515644 -10594,5021470238 -14681,2044946561 -11444,1219649005
12626,30515644 -10648,9685052415 -14193,3849238775 -11429,402415116
12626,30515644 -10575,9961309706 -14023,1814157593 -11388,5075693307
12626,30515644 -10627,6537885102 -13730,3193508821 -11432,3499821359
12626,30515644 -10817,1986446965 -14477,1479874124 -11474,5893832846
12626,30515644 -10763,2110847055 -13730,0258270263 -11384,9892638124
12626,30515644 -10782,7686087502 -13828,3827631747 -11343,3209053596
12626,30515644 -10808,7629971388 -14121,4384596181 -11366,0458043346
12626,30515644 -10427,8427928738 -13971,5033032437 -11297,4611880801
12626,30515644 -10305,9068669759 -14365,4465074908 -11269,3239947965
12626,30515644 -10232,7119365333 -13579,4934394321 -11325,3790238436
12626,30515644 -10281,3752571498 -13927,9301094401 -11280,6331642377
12626,30515644 -10198,6684004159 -14038,9192672547 -11234,6799106589
12626,30515644 -10201,1391359127 -13885,2975908272 -11280,9747650967
12626,30515644 -10240,952121449 -13832,3397742394 -11304,9592126781
12626,30515644 -10245,7514840011 -14059,6823549819 -11362,8230852087
12626,30515644 -10386,3880434344 -14028,4070841684 -11329,4277727269
12626,30515644 -10342,5164650523 -14398,2298925273 -11236,3631444524
12626,30515644 -10540,863811874 -13936,4609924808 -11322,378876716
12626,30515644 -10607,3794033895 -14204,9199861572 -11265,087633626
12626,30515644 -10586,3910684821 -13801,7406945065 -11261,2166510315
12626,30515644 -10587,4989887032 -13890,0011323709 -11283,9209263598
12626,30515644 -10271,5619484589 -13789,6611484723 -11313,4424983365
12626,30515644 -10407,4571079075 -14221,2009910659 -11322,5472414581
12626,30515644 -10408,4165886345 -13844,6984061469 -11359,0641721104
12626,30515644 -10519,0504596977 -14694,988428017 -11434,4999356694
12626,30515644 -10546,5110836649 -15085,5345381244 -11426,013308475
12626,30515644 -10712,4513585686 -14900,584767928 -11469,7480913396
12626,30515644 -10776,6171128279 -14013,3936932496 -11458,8924067911
12626,30515644 -10875,835402744 -14631,9996189039 -11465,9028820086
12626,30515644 -10518,9922653627 -14888,1192042965 -11502,0250576546
12626,30515644 -10527,5229723854 -14763,1383454743 -11511,8988820105
12626,30515644 -10431,6847915884 -15152,9433829867 -11480,4052361062
12626,30515644 -10586,0433257642 -14441,859749824 -11518,544904803
12626,30515644 -10584,3481658495 -15572,7670081547 -11516,3927523749
12626,30515644 -10649,8516684781 -15084,9649596807 -11462,9909338275
12626,30515644 -10698,3500028854 -15157,5842035018 -11566,0846629516
12626,30515644 -10678,5949587327 -15263,0487794562 -11530,9184550747
12626,30515644 -10548,6433079518 -15027,778539976 -11493,4612382841
12626,30515644 -10676,7923677866 -14274,5037588961 -11516,7953117486
12626,30515644 -10689,8551729542 -14762,8521573188 -11542,7433289345
12626,30515644 -10444,9826956931 -15267,833550666 -11436,6424896461
12626,30515644 -10528,4703783524 -14851,4624888491 -11426,0683068792
12626,30515644 -10495,4063300157 -13721,8276758565 -11391,8331548393
12626,30515644 -10446,5115963474 -14275,3344459251 -11385,1942005326
12626,30515644 -10535,5252186815 -14447,7527532282 -11481,1403849995
12626,30515644 -10446,5115963474 -14384,2668357587 -11426,8315623576
12626,30515644 -10514,7203447378 -14507,9427136343 -11404,5554444668
12626,30515644 -10392,0892792731 -14752,9835689201 -11384,521057262
12626,30515644 -10465,6876259911 -13634,8853214396 -11368,8942760822
12626,30515644 -10440,5658848594 -14135,4314793287 -11325,2569709347
12626,30515644 -10356,5081464033 -14260,9623239494 -11348,5838547558
12626,30515644 -10341,2032326482 -14305,9917472622 -11400,7842263764
12626,30515644 -10262,1340837212 -14626,725085286 -11382,0223196846
12626,30515644 -10383,8399248433 -14536,7504009392 -11351,5762975104
12626,30515644 -10368,9643585228 -14365,5249350585 -11337,8094874474
12626,30515644 -10430,0498125282 -14374,9904472552 -11418,2768310691
12626,30515644 -10412,2301791676 -13844,8124466975 -11456,4076958694
12626,30515644 -10557,6112256947 -14013,6419998184 -11407,0532816877
12626,30515644 -10559,5941326454 -14562,4701435308 -11443,3116569449
12626,30515644 -10617,6787373031 -14404,3416376451 -11501,4927617242
12626,30515644 -10611,8023697737 -14634,3284917758 -11462,0230702181
12626,30515644 -10492,0772975118 -14509,7298722393 -11394,0839868173
12626,30515644 -10553,0285764389 -14529,8427069524 -11382,7198364538
12626,30515644 -10553,4959046798 -14049,9564757922 -11402,3788227406
12626,30515644 -10639,6865770663 -14162,4869000141 -11408,948946429
12626,30515644 -10520,882242851 -14542,7504702039 -11349,8220996617
12626,30515644 -10437,3945601916 -14048,6043559453 -11352,1645066938
12626,30515644 -10410,2076404939 -14249,7341873327 -11364,3017058919
12626,30515644 -10410,2076404939 -13610,8863807387 -11335,2879363209
12626,30515644 -10214,8129577832 -14093,2124755292 -11390,0513886181
12626,30515644 -10128,0064421247 -13976,3732071873 -11377,7358159712
12626,30515644 -10821,743076107 -14100,4175219361 -11504,8107418235
12626,30515644 -11130,1997300704 -14347,7927765113 -11500,5208874973
12626,30515644 -11020,0288709599 -15285,699126875 -11509,6381696142
12626,30515644 -10962,6460905922 -15478,1131785471 -11496,0894582653
12626,30515644 -10958,4328062349 -14558,255270698 -11482,1051079038
12626,30515644 -10879,9423776961 -14203,6522983629 -11479,6309389418
12626,30515644 -10984,3334637146 -14262,6081609725 -11488,0067021672
12626,30515644 -10963,9591109636 -14633,4590620894 -11544,1335978013
12626,30515644 -10907,1440594954 -15053,1494073536 -11521,465714401
12626,30515644 -10634,4843557039 -14932,9874395789 -11456,3681639691
12626,30515644 -10721,6747535489 -15108,7556572837 -11431,2918924117
12626,30515644 -10725,4766935268 -15046,7771924413 -11369,4512406319
12626,30515644 -10643,9088963425 -13703,7319785679 -11409,425980251
12626,30515644 -10647,1419847294 -15200,6176645964 -11465,2223259322
12626,30515644 -10627,8190115758 -14642,8971384707 -11453,9472501989
12626,30515644 -10684,7901253317 -14951,4976260451 -11507,1157825145
12626,30515644 -10722,8402310327 -14261,2003791256 -11556,6424175757
12626,30515644 -10766,1774189932 -14109,5882268184 -11605,0243883514
12626,30515644 -10892,4155193008 -15082,0477719985 -11599,7593485178
12626,30515644 -10980,0552823797 -14453,1663843095 -11591,4586034217
12626,30515644 -10945,5308168957 -15359,672539848 -11569,6060941406
12626,30515644 -10956,5256006164 -14352,8536974752 -11625,2317084665
12626,30515644 -11053,3872833427 -13950,9376630515 -11645,1960774356
12626,30515644 -10953,8304201527 -14517,9576161742 -11632,2004890126
12626,30515644 -10897,1484908547 -14722,5154435449 -11617,1964399629
12626,30515644 -11147,9850307029 -14801,9265838696 -11623,3779396106
12626,30515644 -11113,9594884676 -14487,1336128717 -11676,3100897667
12626,30515644 -11127,3010884537 -14719,9419276266 -11627,4622744149
12626,30515644 -11140,6968454356 -14349,7558501043 -11621,5046848188
12626,30515644 -11060,6859468839 -14020,1052130056 -11583,8698431969
12626,30515644 -10981,8379991419 -14132,0063765217 -11557,0367128471
12626,30515644 -10830,9022991204 -14536,0506604392 -11498,7642414539
12626,30515644 -10787,7847553451 -13918,4207237939 -11499,6201001299
12626,30515644 -10825,4096752277 -14491,6207404011 -11528,8266738964
12626,30515644 -10553,4664954286 -13985,5103275861 -11557,8998542937
12626,30515644 -10572,0184377158 -14524,4178343245 -11624,6596334424
12626,30515644 -10532,5190162752 -14466,0508364834 -11613,42379046
12626,30515644 -10513,3958222997 -14286,4909018156 -11682,9550412005
12626,30515644 -10656,1936058177 -14332,0314095974 -11604,6201205393
12626,30515644 -10417,8556314565 -14808,3766167025 -11646,7322300691
12626,30515644 -10533,0902679862 -14864,7099521279 -11721,477955653
12626,30515644 -10589,4539883618 -14649,9090191148 -11666,6047438023
12626,30515644 -10627,3961393882 -14066,4995342786 -11727,0506174066
12626,30515644 -10524,9339031891 -14394,8542669308 -11791,8005935234
12626,30515644 -10337,6514011471 -15021,9173435847 -11865,1345810303
12626,30515644 -10229,851026838 -14186,9835380272 -11876,3308757939
12626,30515644 -10503,05445431 -15164,5565601346 -11851,9491263442
12626,30515644 -10561,0729821918 -14462,8656794683 -11829,4769626466
12626,30515644 -10499,6266097874 -14790,6827328827 -11790,493412357
12626,30515644 -10387,2065826233 -14894,275042358 -11761,9986891329
12626,30515644 -10385,1950633375 -14922,4581410529 -11704,7906713973
12626,30515644 -10448,7418317808 -14498,7403384262 -11773,7819130876
12626,30515644 -10326,8583879215 -14762,2183235235 -11762,945087377
12626,30515644 -10690,2566244574 -14483,4122689391 -11749,7286622244
12626,30515644 -10725,3913933838 -15183,8663423397 -11777,3002312652
12626,30515644 -10938,524295817 -14695,4663245244 -11830,9523368943
12626,30515644 -10993,3174193182 -14838,1260056701 -11827,3741252779
12626,30515644 -11026,9583505242 -15096,3165894967 -11808,4834826155
12626,30515644 -10992,0889486117 -15218,2080814718 -11713,6398205821
12626,30515644 -10864,7822383718 -14387,9847304178 -11733,3855594547
12626,30515644 -10877,4537218182 -14627,9465205475 -11736,1397151183
12626,30515644 -10866,9342100064 -14705,2664990936 -11754,0729913651
12626,30515644 -11199,9408221619 -15231,204006283 -11820,0964882815
12626,30515644 -11199,2284098969 -14634,8978100825 -11753,1710047257
12626,30515644 -11129,2182832821 -15001,0599180746 -11680,1595940489
12626,30515644 -11144,654766939 -16035,0132622984 -11741,2276793551
12626,30515644 -10791,7670924058 -15224,6663839161 -11698,6123529151
12626,30515644 -10988,2028580584 -14759,2177049669 -11624,8335989006
12626,30515644 -10800,5770896269 -15278,4503093235 -11652,5540377898
12626,30515644 -10823,1711305303 -14278,7772040086 -11716,4147616296
12626,30515644 -10880,9781674318 -14818,856149807 -11697,5929130985
12626,30515644 -10952,316438117 -14995,5708246607 -11643,5615038372
12626,30515644 -10601,8258683828 -14941,4594354801 -11558,1705762047
12626,30515644 -10966,7150036783 -14671,9688400909 -11569,9538268805
12626,30515644 -11011,9718461284 -14374,8709037268 -11547,2934581684
12626,30515644 -10891,5660164665 -14496,3108494448 -11556,9959704189
12626,30515644 -10647,2007499146 -14816,7142349415 -11533,4694770465
12626,30515644 -10647,2007499146 -13868,5564330534 -11547,9576397227
12626,30515644 -10592,4076264135 -14429,0360078354 -11514,2414100679
12626,30515644 -10589,4896556415 -14330,8711465874 -11621,4926291855
12626,30515644 -10535,4088751879 -14810,8555569745 -11664,6637081844
12626,30515644 -10635,7049906486 -15692,0352743352 -11640,2064934588
12626,30515644 -10680,2763416925 -16033,7156511936 -11623,1596352992
12626,30515644 -10750,6279657058 -16124,5778066005 -11596,336338934
12626,30515644 -10706,0566146619 -15830,4087540022 -11559,2404593991
12626,30515644 -10502,3601649282 -15482,1506987471 -11482,2178912659
12626,30515644 -10629,8464311368 -14621,1599544479 -11427,6576780655
12626,30515644 -10783,555985285 -14699,0464487863 -11461,2931657728
12626,30515644 -10698,0685952105 -14689,3502030754 -11469,3874783885
12626,30515644 -10462,117827022 -14096,8176937615 -11362,508229015
12626,30515644 -10548,5004395066 -14171,2625662281 -11324,0119338207
12626,30515644 -10529,9373818674 -14390,2811946483 -11212,711633418
12626,30515644 -10529,9373818674 -14373,5873788809 -11201,4319568718
12626,30515644 -10728,0054708011 -13554,4032573457 -11247,7759885144
12626,30515644 -10814,1481772953 -14947,8943147467 -11365,2039756183
12626,30515644 -10640,0229777372 -15852,9085535976 -11326,5209347592
12626,30515644 -10572,893524825 -14410,9300095532 -11355,2652316826
12626,30515644 -10578,1899158579 -15634,015609465 -11273,5566518674
12626,30515644 -10441,2095071701 -14505,5229636679 -11155,7640665152
12626,30515644 -10461,9469069974 -14012,1763118238 -11207,4711975136
12626,30515644 -10592,6643812803 -14771,8597074275 -11189,4067872956
12626,30515644 -10662,3629155545 -13881,1576691697 -11265,6671345097
12626,30515644 -10717,3611052793 -14376,4237439531 -11284,1140831397
12626,30515644 -10739,9570551289 -14015,8995951144 -11434,6519665938
12626,30515644 -10600,2344301682 -14751,2916657831 -11387,5414751478
12626,30515644 -10573,2491544901 -14557,6673455913 -11369,6974701518
12626,30515644 -10621,7474888974 -14430,5020831021 -11466,5233761339
12626,30515644 -10497,7293776853 -14971,9507548835 -11421,3593285993
12626,30515644 -10440,9537286968 -14343,2905136134 -11402,6553630916
12626,30515644 -10301,0317490563 -14195,3141127699 -11372,1239958961
12626,30515644 -10566,7042644857 -14001,3682974148 -11406,3092614667
12626,30515644 -10399,4427151599 -15471,5656578204 -11405,2253739179
12626,30515644 -10432,2685586932 -14599,6378109213 -11463,2198495393
12626,30515644 -10317,1862324412 -15108,7821376886 -11395,3093565217
12626,30515644 -10455,142263134 -15102,7848989876 -11465,7963017314
12626,30515644 -10525,8118904339 -14054,3979600235 -11505,6680323751
12626,30515644 -10544,0613947251 -14294,5472858073 -11516,6032008314
12626,30515644 -10708,5473931496 -14476,9652321745 -11600,1468259567
12626,30515644 -10756,5755814217 -14816,3919824877 -11614,0575940887
12626,30515644 -10944,8016555614 -14939,9175313673 -11694,9541204163
12626,30515644 -10882,2488056431 -14404,6539667043 -11726,8523271871
12626,30515644 -10884,0964880008 -14723,9609148617 -11723,5174386149
12626,30515644 -10923,490769279 -15316,1975044619 -11693,9900652763
12626,30515644 -11004,8270263293 -14869,3565826083 -11758,04647278
12626,30515644 -10837,2420978132 -15057,5709526899 -11665,7460311799
12626,30515644 -10881,2911689557 -14606,3164448254 -11639,8690908842
12626,30515644 -11159,8147024797 -14202,0424359716 -11687,8373682034
12626,30515644 -11225,6554883808 -14222,7597831759 -11689,4082174092
12626,30515644 -11040,216659645 -13701,0510606362 -11633,1893279692
12626,30515644 -10926,0706363266 -14052,8810199426 -11597,9227657714
12626,30515644 -10872,6983012866 -14516,4646974649 -11621,131802246
12626,30515644 -10944,9721420654 -14072,017246475 -11624,3132214687
12626,30515644 -10913,8984198715 -14336,9753007143 -11585,2570185932
12626,30515644 -10889,8438590558 -14016,1739229961 -11538,6789067112
12626,30515644 -11059,1453942664 -13841,4198991195 -11530,9931087147
12626,30515644 -11137,3091102202 -13883,1342357612 -11544,5616499651
12626,30515644 -11085,6289144885 -13903,3736874716 -11603,8298660162
12626,30515644 -11119,8426813434 -14381,6269321977 -11655,6059596415
12626,30515644 -11306,241121549 -14758,2042124588 -11850,7187062255
12626,30515644 -11239,8073117244 -15048,2402823153 -11816,0602680207
12626,30515644 -11044,5354282498 -14254,8908979506 -11738,6752547113
12626,30515644 -10925,9401486007 -14394,8101852107 -11673,5678055167
12626,30515644 -10922,8531837734 -14525,4549090065 -11736,5907022456
12626,30515644 -11291,4717667947 -14582,7837583847 -11734,285365841
12626,30515644 -11296,732270608 -14541,0309782633 -11841,1549359057
12626,30515644 -11380,2350246979 -14241,3721650234 -11984,9357780809
12626,30515644 -11152,961786875 -14604,4944050667 -11933,9399914697
12626,30515644 -11102,656867142 -14305,5626209172 -11926,2131299919
12626,30515644 -11163,6940475644 -14623,1366757414 -11949,552086665
12626,30515644 -11270,4713252801 -14670,4287892356 -12000,0669662165
12626,30515644 -10938,4171055901 -15054,7669160473 -11928,1992914033
12626,30515644 -11133,3863641077 -15168,1393657751 -11975,7150767694
12626,30515644 -11090,2965503421 -14775,5793788374 -11906,7294149386
12626,30515644 -11087,9063268377 -15359,1750914435 -11932,7273216938
12626,30515644 -10847,4152904983 -15495,5293290325 -11872,0817133585
12626,30515644 -10750,3533405892 -14303,8354820808 -11830,5731264186
12626,30515644 -10798,4116082673 -15523,1072109607 -11821,4198089789
12626,30515644 -10998,5994578644 -14680,4660375862 -11896,5044401223
12626,30515644 -10883,5704041666 -14655,8071966344 -11810,9852067844
12626,30515644 -10785,9669325943 -14592,4655516915 -11794,7342482097
12626,30515644 -10777,5772939371 -14572,574792587 -11797,2380884368
12626,30515644 -10740,830153883 -14962,3511808321 -11825,5121846442
12626,30515644 -10984,5715900042 -14765,2887487457 -11892,6941348443
12626,30515644 -10978,7438441788 -14787,4326011598 -11925,5709442231
12626,30515644 -10993,8678398907 -14099,2927934166 -11933,6199662286
12626,30515644 -11056,1087598614 -14926,5848092329 -11978,8619027565
12626,30515644 -10919,6572090306 -14711,6491724006 -11975,6906808156
12626,30515644 -11053,8613638273 -15697,4117545617 -11984,5577946162
12626,30515644 -11156,2829978849 -14883,5800123542 -12078,2658697048
12626,30515644 -11070,8116825236 -14679,1747039442 -12037,1549855964
12626,30515644 -11236,0224615071 -14601,9831266987 -12143,1002227834
12626,30515644 -11072,9421876805 -14648,8137857678 -12151,1712773721
12626,30515644 -10927,5237547683 -14712,5633878719 -12052,571512282
12626,30515644 -10938,7757807275 -15001,7826439092 -12097,0261533618
12626,30515644 -10970,5363837712 -15145,8795090718 -12046,2566798418
12626,30515644 -11010,6069154862 -15948,7807652174 -12172,8938740879
12626,30515644 -11169,0138220359 -15471,3828477714 -12148,921584003
12626,30515644 -11082,2073063775 -15484,17856523 -12121,2458134805
12626,30515644 -11216,765832496 -15455,7806741768 -12139,2078599633
12626,30515644 -11085,1479926316 -15481,6171522898 -12068,906329295
12626,30515644 -11360,4501646898 -15400,2262366264 -12083,9006109094
12626,30515644 -11527,3947182214 -15177,2385833788 -12086,589088553
12626,30515644 -11501,7603421434 -15253,413237384 -12070,9575218441
12626,30515644 -11494,3696582766 -15049,6832951154 -12127,1286111104
12626,30515644 -11138,9012061287 -16335,5594993354 -12039,5498558102
12626,30515644 -11057,8274666554 -15627,0996225315 -12010,4249756574
12626,30515644 -11018,7458895878 -14892,5875621523 -11942,2696762246
12626,30515644 -11109,5526371628 -15054,0835546732 -11945,9664461108
12626,30515644 -11106,8138437759 -15386,746576928 -12023,4652384261
12626,30515644 -11157,1290618172 -14329,6259928416 -11962,9548307951
12626,30515644 -11157,1290618172 -14878,99242128 -11979,3557266209
12626,30515644 -11311,3786493746 -14711,1479803179 -12018,5504367467
12626,30515644 -11466,1753990571 -14783,3830495819 -12028,1673454532
12626,30515644 -11502,0389260728 -14408,2464346681 -12024,2389298553
12626,30515644 -11540,6839036069 -14429,2190091453 -12025,7185821508
12626,30515644 -11554,6893973156 -14874,4129211942 -12009,4895435631
12626,30515644 -11187,7582881373 -14057,3524164882 -11928,1663727494
12626,30515644 -11400,0084720299 -14408,3149755601 -11857,1022009453
12626,30515644 -11407,9760069952 -14544,1962945025 -11885,111838413
12626,30515644 -11512,4452756118 -14877,3560806766 -11942,6705778613
12626,30515644 -11171,5727138634 -14276,0716391525 -11846,7790123162
12626,30515644 -10918,519775307 -15003,8696225357 -11817,9673718192
12626,30515644 -10942,1244236122 -14283,0264984346 -11849,290336402
12626,30515644 -11078,796372083 -14651,1032888254 -11881,204954964
12626,30515644 -11245,3591524538 -14822,4636135648 -11965,1829160698
12626,30515644 -10965,3553531022 -15137,1725100018 -11926,8852418317
12626,30515644 -10965,3553531022 -14570,7215318418 -11929,8142748712
12626,30515644 -11050,7720881323 -14612,3679433707 -11894,645873412
12626,30515644 -10895,8406167836 -14937,0361444074 -11815,3371886205
12626,30515644 -11118,7471685177 -14408,3649527174 -11879,3248048168
12626,30515644 -11039,9647298765 -14773,473347734 -11894,3925208057
12626,30515644 -11030,3120114525 -14615,399681909 -11779,4262223719
12626,30515644 -10972,0193713246 -14622,7846517738 -11757,5552180941
12626,30515644 -11009,3982431627 -14341,4770032433 -11792,0778079693
12626,30515644 -11040,2023105225 -14041,3761398765 -11663,6284992905
12626,30515644 -11083,1243935383 -13819,1606988203 -11696,5176898869
12626,30515644 -10987,1503249218 -14130,7312763835 -11636,9194855874
12626,30515644 -10976,6436944568 -14197,0147133191 -11627,6972869337
12626,30515644 -10864,427940244 -14311,3835462692 -11657,7211000563
12626,30515644 -11013,2915273834 -14433,1774994731 -11680,4530747799
12626,30515644 -11097,3421593486 -14290,9048960726 -11719,5743914091
12626,30515644 -10983,0635049981 -13829,700097197 -11737,3672170094
12626,30515644 -10884,905353314 -14817,4891894771 -11767,137736879
12626,30515644 -11178,270794054 -14435,1403753251 -11756,8192310584
12626,30515644 -10893,9793825523 -15179,4206377666 -11710,7965275149
12626,30515644 -10922,6805947677 -14327,9134248731 -11696,6702981457
12626,30515644 -10908,4161417881 -14395,20842222 -11539,7113302934
12626,30515644 -10845,5011610092 -14712,5897362934 -11497,775175592
12626,30515644 -10822,406915904 -14362,0702123129 -11613,1034945987
12626,30515644 -10749,1301312937 -14527,1012273158 -11607,8837600753
12626,30515644 -10714,8751771095 -14265,1197109235 -11627,0238489909
12626,30515644 -10723,3700321442 -14626,1134454616 -11703,017573136
12626,30515644 -10727,338980404 -14813,0766666588 -11739,0221265938
12626,30515644 -10972,7920298671 -14475,779449807 -11770,0676062864
12626,30515644 -11027,140934743 -14422,046078953 -11730,7427571058
12626,30515644 -11082,1320711411 -14471,1877900761 -11776,9435138705
12626,30515644 -11047,9935341336 -14507,8562575054 -11767,3508379677
12626,30515644 -11061,4254128877 -14506,2162294303 -11748,4493492679
12626,30515644 -11010,5613658937 -14479,9580908891 -11688,4342734321
12626,30515644 -10922,6285974416 -14535,7186982059 -11652,647281886
12626,30515644 -10979,2944306064 -14224,6719404717 -11653,4055851772
12626,30515644 -10607,9539981015 -15269,628290838 -11635,6052502292
12626,30515644 -10453,1572484191 -14531,2327510325 -11620,0673021238
12626,30515644 -10714,9539881063 -14236,7299618794 -11648,973121594
12626,30515644 -10720,4901762671 -15115,0029062449 -11544,9892249467
12626,30515644 -10693,8770292427 -14398,8006597002 -11495,5877363519
12626,30515644 -10648,7343620986 -14491,2368157767 -11447,7584818466
12626,30515644 -10655,6296062571 -14413,871832464 -11449,9263960322
12626,30515644 -10721,6809894809 -14115,5037707539 -11516,6256393027
12626,30515644 -10578,1718170809 -14493,2296594311 -11455,3047784174
12626,30515644 -10563,8531492329 -14388,1434421023 -11486,3466331811
12626,30515644 -10396,3848319526 -15014,0428466856 -11544,0171504708
12626,30515644 -10226,5999459302 -14533,4072170883 -11555,3176575088
12626,30515644 -10119,8238804555 -14298,184756075 -11601,503609091
12626,30515644 -10137,1924132353 -14266,1002639593 -11680,6260557867
12626,30515644 -10137,1924132353 -14884,190642559 -11713,884025341
12626,30515644 -9843,42337132477 -14688,9069870778 -11669,7340277941
12626,30515644 -10169,3781873177 -15307,357836435 -11676,0307487034
12626,30515644 -10171,7744818058 -14827,034771613 -11749,5146023099
12626,30515644 -10164,5429029882 -14821,0898188925 -11881,4123530094
12626,30515644 -10505,9687637049 -14400,9817914388 -11985,3165202292
12626,30515644 -10505,9687637049 -15403,1869144275 -11966,7545526814
12626,30515644 -10481,796276328 -14973,871509324 -11962,8492025318
12626,30515644 -10517,3476025776 -15090,01883952 -11967,3295841923
12626,30515644 -10640,9261123604 -15020,4557248601 -11953,8486160547
12626,30515644 -10638,5284699629 -14828,3068041562 -11973,4691561583
12626,30515644 -10791,5715401323 -14906,1598119211 -11962,1486508867
12626,30515644 -10737,4135287367 -14822,1297282628 -11865,8926232404
12626,30515644 -10436,2529680449 -14738,0413745588 -11907,8349414962
12626,30515644 -10395,250072641 -14642,3720652943 -11907,2550588807
12626,30515644 -10369,5608191573 -15262,3940966565 -11891,9864810045
12626,30515644 -10387,285131314 -14481,4814052023 -11911,7429187961
12626,30515644 -10466,6865146697 -15202,6332630817 -11916,1699067516
12626,30515644 -10567,0389589213 -14784,0532693547 -11953,1583332978
12626,30515644 -10518,896442472 -14776,6087023684 -11865,4657386547
12626,30515644 -10656,9866503004 -14913,6818776848 -11981,8179523199
12626,30515644 -10340,7781571463 -14834,42278155 -11970,3460682292
12626,30515644 -10330,2063249993 -14961,1690966101 -11967,9667479525
12626,30515644 -10311,2483869977 -15612,1463379448 -11885,0938160143
12626,30515644 -10302,1910060631 -15535,6859272786 -11839,8540856041
12626,30515644 -10265,0204710397 -15002,7158613066 -11871,3401155767
12626,30515644 -10415,4695119374 -15112,8497019667 -11789,4986412939
12626,30515644 -10482,2366779193 -14286,3300954322 -11833,7038351691
12626,30515644 -10491,4473102887 -14728,2408899911 -11860,5721980937
12626,30515644 -10980,4593721236 -15355,4825996364 -11927,592225656
12626,30515644 -10815,3368021726 -14920,9249733286 -11932,7255617352
12626,30515644 -10747,3923339382 -14498,3150044266 -11893,3052489159
12626,30515644 -10830,5465933309 -14594,242448114 -11907,542026546
12626,30515644 -11181,8134697136 -14487,5038123887 -11958,0999327377
12626,30515644 -11169,9661230102 -14684,9047877458 -11986,7758822805
12626,30515644 -11192,7261628826 -14746,5875490794 -12108,3438495596
12626,30515644 -11225,2738646275 -14847,3840275552 -12027,9614670069
12626,30515644 -11215,8006589366 -14785,2262301119 -12000,7996907382
12626,30515644 -11228,8147281838 -14407,9803111422 -12068,458340922
12626,30515644 -11345,0781571531 -15514,5384225292 -12121,9144059308
12626,30515644 -11323,8649786519 -14414,5746854751 -12089,0285153083
12626,30515644 -11162,9223864157 -14611,9321619293 -12029,9206079401
12626,30515644 -11268,69479497 -14738,3309856976 -12068,8692977718
12626,30515644 -11277,9873439954 -15102,1284516621 -12085,1260166114
12626,30515644 -11230,8062629255 -15717,5953439908 -12038,9756660005
12626,30515644 -11131,113972037 -15054,6782026624 -11999,1620852998
12626,30515644 -11254,8117888743 -15361,7991191639 -12100,2378037533
12626,30515644 -10997,158437377 -15681,0600803299 -11973,3922903377
12626,30515644 -11144,6560557337 -14349,9932584406 -12023,1797258897
12626,30515644 -11084,3846574285 -15751,7680770074 -11947,0919900881
12626,30515644 -10997,5152974969 -15043,0764581627 -11904,2217552869
12626,30515644 -11079,3197509323 -15303,6277717166 -11908,4294140092
12626,30515644 -11085,2839980637 -14962,3531990021 -11839,2872127628
12626,30515644 -11059,5256421479 -14536,5569024713 -11804,8209403367
12626,30515644 -10884,5648764013 -14439,6680099151 -11798,4532929392
12626,30515644 -11184,9623259147 -14204,9538247128 -11847,5485381871
12626,30515644 -11197,2307099393 -14630,3276018888 -12015,3512775385
12626,30515644 -11288,7843962293 -15151,2746499069 -12075,1457005215
12626,30515644 -11214,6071865565 -14756,7503880745 -12056,4606999347
12626,30515644 -11165,9819881275 -14783,8497426046 -12086,0766668135
12626,30515644 -11295,5229584343 -14523,2995031816 -12053,0586445697
12626,30515644 -11277,126648496 -15200,7854926677 -12018,2065287276
12626,30515644 -10988,9681645315 -14343,9102371457 -12012,4749764483
12626,30515644 -11506,8504164667 -14647,876680016 -11967,7656989251
12626,30515644 -11424,7776951771 -14677,010832657 -11958,2741445686
12626,30515644 -11343,1335133191 -14272,7918032668 -11881,8159220235
12626,30515644 -11333,0120368627 -14831,4794844441 -11876,5392632009
12626,30515644 -11178,9571747007 -14823,3551662415 -11864,0598795465
12626,30515644 -11193,1956331664 -14240,2664025844 -11846,1624364277
12626,30515644 -11118,6975671512 -14226,7812958415 -11810,9779309511
12626,30515644 -11019,8629121597 -14408,3392445912 -11826,8542745458
12626,30515644 -10986,9439846014 -14457,5570253393 -11792,8922703091
12626,30515644 -11160,3280717799 -14399,7538750424 -11822,5118869245
12626,30515644 -11159,5917338548 -14632,0814984827 -11786,8393115042
12626,30515644 -11004,1166131781 -14267,5571443531 -11803,3367530144
12626,30515644 -11344,9732007868 -14406,584928353 -11861,512591634
12626,30515644 -11176,4140494683 -14815,8629880505 -11955,7813155571
12626,30515644 -11169,1333267795 -15010,9812243077 -11894,5237518797
12626,30515644 -11250,7775086376 -14089,3963904672 -11807,9414571893
12626,30515644 -11228,1941700596 -14845,0304140601 -11906,7213752306
12626,30515644 -11228,1941700596 -14637,6753885809 -11879,5462619017
12626,30515644 -11245,7925778488 -14358,4182581264 -11942,6104715008
12626,30515644 -11464,2808726953 -14885,6798231121 -11965,6519702351
12626,30515644 -11324,9627748454 -15017,1196605967 -12014,8554177566
12626,30515644 -11430,4018523576 -14997,070785275 -12067,946432292
12626,30515644 -11309,3542105517 -14598,2128013929 -11991,6166820778
12626,30515644 -11280,2667199946 -15224,4278623086 -11938,1761660829
12626,30515644 -11290,1212847398 -15230,5583765951 -11892,3347065146
12626,30515644 -11288,752147393 -14789,7127247208 -11870,2756319366
12626,30515644 -11149,3845129483 -14730,7043386156 -11889,8709160878
12626,30515644 -11114,5950618092 -14706,9617589715 -11982,0142854411
12626,30515644 -11093,7988910118 -14353,7141230777 -11998,7839628946
12626,30515644 -11088,7158712363 -15384,3981493145 -12065,4786281295
12626,30515644 -11278,0568114088 -14713,4685103534 -12079,9715485746
12626,30515644 -11254,8061315609 -15591,0738853306 -12087,9734247618
12626,30515644 -11270,0003998416 -14870,1023252799 -12156,4462601103
12626,30515644 -11321,1899510938 -14432,6726162079 -12216,2122482551
12626,30515644 -11405,3814501687 -14715,3696563935 -12248,3722803079
12626,30515644 -11292,3289257455 -14885,3054092929 -12240,9415422051
12626,30515644 -11303,0575811892 -14402,173785668 -12184,6976986865
12626,30515644 -11371,9826128945 -15242,313611657 -12179,5003509955
12626,30515644 -11420,5497315064 -14903,8024818839 -12257,0759289238
12626,30515644 -11283,1060233758 -14737,953078554 -12214,5096717327
12626,30515644 -11278,0193901152 -15062,7113335753 -12212,0789549891
12626,30515644 -11262,5073295326 -14637,1019282914 -12196,5721132508
12626,30515644 -11307,4248313876 -15061,5379828392 -12159,5628595168
12626,30515644 -11277,9236118162 -15300,86661852 -12075,6061355991
12626,30515644 -11202,7002392059 -15022,6112319885 -12092,3190492314
12626,30515644 -11249,0081571817 -14703,060959754 -12082,3258981505
12626,30515644 -11505,7851442355 -15224,0029244953 -12176,518093028
12626,30515644 -11466,4645533367 -14546,9881447877 -12034,2028632516
12626,30515644 -11379,5763342995 -14744,1331074983 -12059,9527794388
12626,30515644 -11282,8499007429 -14736,0124257424 -12088,9914530447
12626,30515644 -11279,1320617755 -14776,1331794569 -12050,1604905493
12626,30515644 -11393,1729934999 -14829,2737801285 -12018,3115882836
12626,30515644 -11458,8938323368 -14670,6276360631 -11951,6880102384
12626,30515644 -11391,7108782097 -14667,8395397562 -11936,4026802901
12626,30515644 -11255,3974976058 -14946,0685437891 -11886,2508250887
12626,30515644 -11342,2620198533 -14105,4035727842 -11820,8976490679
12626,30515644 -11309,7576109429 -14756,1637831328 -11811,4038368314
12626,30515644 -11225,2625133554 -14323,2167479106 -11843,1738203048
12626,30515644 -11169,2102020267 -14513,1185675561 -11866,3672178433
12626,30515644 -11245,1631079703 -14386,7483036429 -11920,8135916604
12626,30515644 -11211,6169799544 -14284,0511845965 -11935,2302973341
12626,30515644 -11069,6900855933 -15467,4902823785 -11940,1055096212
12626,30515644 -11145,570249127 -14959,3852518282 -11906,7481947591
12626,30515644 -11163,3845911312 -14569,0591712606 -11944,596536033
12626,30515644 -11160,9105323441 -14056,5683232193 -11930,1802046776
12626,30515644 -11066,057259017 -14533,6633564472 -11824,3490610689
12626,30515644 -11066,057259017 -14998,6381756107 -11736,3121721609
12626,30515644 -10931,035726361 -14772,5921395673 -11746,4046351459
12626,30515644 -10829,1908203555 -14434,7038367566 -11708,2454399688
12626,30515644 -10738,9023671089 -14517,029845313 -11753,3838059324
12626,30515644 -10758,6425106912 -14658,6799098821 -11699,9984770688
12626,30515644 -10686,3285819814 -14603,2563994488 -11765,5223291685
12626,30515644 -10688,5461719376 -13939,7692980911 -11704,3055622013
12626,30515644 -10697,6035528721 -14337,8198529067 -11705,3137832554
12626,30515644 -10858,4288373052 -15045,2732430568 -11684,4390074174
12626,30515644 -10540,3715703854 -14062,6483127833 -11618,6237438321
12626,30515644 -10473,6285417336 -14584,8460159195 -11638,5774021337
12626,30515644 -10469,8542005766 -14518,8436895112 -11533,5357274612
12626,30515644 -10507,8673217617 -14248,7617324755 -11533,0382137786
12626,30515644 -10574,828438579 -14511,4028573709 -11533,9714311627
12626,30515644 -10574,828438579 -14697,7768176947 -11601,2325084145
688,436418731143
