208072,867237897 -8420,56528498428 -10987,8078216384 -8735,66335350756
208072,867237897 -8622,52002055078 -11425,577189074 -9027,69498863181
208072,867237897 -8898,28392163525 -11636,9144156981 -9220,39423428142
208072,867237897 -8668,74009461732 -11599,6087689155 -9317,52390499938
208072,867237897 -9049,04901640077 -11834,1022101069 -9388,15489494181
208072,867237897 -9119,86352577636 -12353,7221965177 -9528,93506332567
208072,867237897 -9267,82209365377 -12097,063493673 -9652,51858372447
208072,867237897 -9321,71772936598 -12480,5062650622 -9780,20614063042
208072,867237897 -9213,08494059168 -11957,807231456 -9799,76844449275
208072,867237897 -9351,21439544566 -11985,3274677903 -9875,82514470659
208072,867237897 -9425,39160511847 -12283,7763911842 -10006,6304705872
208072,867237897 -9820,7124447845 -12854,3559562055 -10170,1170172805
208072,867237897 -9816,30405666128 -12720,1865363407 -10275,720909934
208072,867237897 -9730,65107610252 -13014,4635419241 -10284,4075960409
208072,867237897 -9885,44782578497 -12939,5442503172 -10418,4224656079
208072,867237897 -10050,4018797295 -12991,9009059387 -10600,5594355781
208072,867237897 -9971,33273080256 -12987,4223091813 -10643,2981240165
208072,867237897 -10020,0643196979 -13604,257893358 -10680,2204722786
208072,867237897 -10020,0643196979 -13200,8481272744 -10617,417324417
208072,867237897 -10038,3674901211 -13210,7295901763 -10709,6770409079
208072,867237897 -9973,34190257517 -13851,0398026195 -10777,7547327144
208072,867237897 -10041,1692711826 -13980,4758578834 -10772,4537011147
208072,867237897 -10209,849731458 -13597,8656425145 -10877,9509932927
208072,867237897 -10176,944058579 -14029,4887122108 -10868,98822321
208072,867237897 -9925,40246861208 -13628,7191141176 -10822,446709387
208072,867237897 -10016,6464809565 -13934,1892279532 -10755,2417031682
208072,867237897 -10185,4260195634 -14261,470521863 -10850,8972392976
208072,867237897 -10209,6888546296 -13528,9348504671 -10903,1972945589
208072,867237897 -10217,9876127005 -13145,7530064689 -11005,7726670735
208072,867237897 -10279,401404741 -13764,7139275696 -11038,638890781
208072,867237897 -10254,7065827292 -13969,1035814119 -11044,5190242015
208072,867237897 -10258,5426495656 -13800,8722712665 -11157,9268773191
208072,867237897 -10111,7644984811 -13903,8083921571 -11135,6903424355
208072,867237897 -9833,21752952631 -13833,436638253 -11201,9173922699
208072,867237897 -9975,40061945444 -14243,1528847147 -11230,5597534176
208072,867237897 -10145,8799070327 -13976,5781971313 -11221,8824943309
208072,867237897 -10151,3486183787 -13932,9598344504 -11244,9707149644
208072,867237897 -10736,6148212883 -14071,8243461791 -11292,3407648672
208072,867237897 -10758,11918329 -13963,5289619568 -11252,7466154164
208072,867237897 -10601,8542891436 -13692,7572745535 -11220,3485643696
208072,867237897 -10669,7423315439 -13849,6213266373 -11290,2613996727
208072,867237897 -10840,4543006473 -15112,292336993 -11342,1755675084
208072,867237897 -10850,7243744179 -13968,7113691451 -11336,151182511
208072,867237897 -11162,4476545067 -15227,6010735758 -11473,8105007559
208072,867237897 -11105,1892311057 -14034,7411353109 -11576,4052867447
208072,867237897 -11087,6991604785 -14350,0162864975 -11492,3246430168
208072,867237897 -10792,49097311 -14204,4050291157 -11470,587926799
208072,867237897 -10916,6994608632 -13643,4203800849 -11474,6099918081
208072,867237897 -10994,2387568005 -13924,4779624544 -11468,7872303203
208072,867237897 -10789,3697758218 -14195,030086941 -11415,4276398174
208072,867237897 -10732,8818822835 -13673,9090105632 -11368,9771917771
208072,867237897 -10602,7418872729 -14056,6508684691 -11347,3772664029
208072,867237897 -10538,1552149303 -14135,1903168064 -11405,4988813374
208072,867237897 -10721,8581837701 -13909,4401553002 -11447,9704081869
208072,867237897 -10686,860657623 -14089,6656175346 -11490,4616418377
208072,867237897 -10771,5995094615 -13736,5048887297 -11468,3812988753
208072,867237897 -10759,4700043381 -13860,3111520142 -11460,1250608015
208072,867237897 -10722,6475290351 -14188,0170276762 -11455,1020293642
208072,867237897 -10719,9898625672 -13478,1468324583 -11434,241399203
208072,867237897 -10695,6211550354 -14632,9077054504 -11451,2955711573
208072,867237897 -10712,6034293408 -14094,1240873648 -11467,8104990985
208072,867237897 -10493,1079034384 -14579,7312865406 -11444,7921486876
208072,867237897 -10817,3099477153 -14819,5349528312 -11595,069953609
208072,867237897 -11058,2014676017 -14159,354970149 -11664,2904923491
208072,867237897 -10944,3222272817 -14741,9503019884 -11666,0131845805
208072,867237897 -10949,0387731449 -14629,2591351626 -11672,0635338041
208072,867237897 -10957,5241625412 -14292,3356281534 -11660,5844843291
208072,867237897 -11056,0478177636 -14103,888625903 -11659,3939302925
208072,867237897 -10770,0564445268 -14238,3319913671 -11546,2523709947
208072,867237897 -10814,8362287432 -13915,4347267504 -11515,884918329
208072,867237897 -10673,8143069833 -14226,1701008475 -11457,4222798262
208072,867237897 -10710,073446342 -14343,793440897 -11500,430957663
208072,867237897 -10591,0282261808 -13746,7830218698 -11451,4351568813
208072,867237897 -10677,0419439438 -14619,0062748861 -11420,786783578
208072,867237897 -10661,5790807271 -14221,4800304898 -11389,760024797
208072,867237897 -10665,8083127102 -14114,1384646029 -11433,0659207965
208072,867237897 -10723,0950499463 -14468,0272603475 -11432,0867237974
208072,867237897 -10728,8340573327 -14188,3592246612 -11543,1380918188
208072,867237897 -10676,7775644554 -13994,9341737598 -11540,3224100048
208072,867237897 -10505,9547520382 -13663,5247058131 -11520,5481074525
208072,867237897 -10648,3814551682 -14994,0926707351 -11478,9153066512
208072,867237897 -10726,4082095812 -14079,6239940039 -11499,724925479
208072,867237897 -10726,4082095812 -14239,5237409337 -11487,1587130499
208072,867237897 -10758,0745048603 -14271,5446026091 -11462,3611831636
208072,867237897 -10897,6947204517 -14514,0262988857 -11470,4897150329
208072,867237897 -10890,5373204512 -14292,2036886418 -11490,1318488106
208072,867237897 -10814,6329938451 -13932,7084721099 -11478,4651271652
208072,867237897 -10728,2545842062 -13958,4489272559 -11487,1560967823
208072,867237897 -11042,6142308891 -14536,5842417199 -11562,5181841657
208072,867237897 -11179,5059627403 -14086,7726451331 -11639,6759735431
208072,867237897 -11067,2448844357 -14441,6442451181 -11566,9683412142
208072,867237897 -11033,2256843882 -14089,2003987979 -11516,3010874045
208072,867237897 -11236,1824746595 -14778,3953684612 -11587,008563905
208072,867237897 -11332,7334187798 -14033,1492309332 -11610,6191583715
208072,867237897 -11125,7449473184 -14198,1065254114 -11583,9533937262
208072,867237897 -11152,3300320553 -14090,4652377087 -11627,4451660528
208072,867237897 -11216,4118659423 -14428,01185672 -11616,5532404476
208072,867237897 -11099,9938909019 -13815,9276385559 -11643,7102600037
208072,867237897 -11085,4053232518 -14405,0621322756 -11658,2678836796
208072,867237897 -11123,3612907978 -14237,128069162 -11679,2168152827
208072,867237897 -10635,2973835848 -14677,0162121453 -11648,8470708076
208072,867237897 -10569,1444970897 -14251,6878824168 -11658,9921536758
208072,867237897 -10540,932230878 -14805,5870937166 -11629,9529150523
208072,867237897 -10410,6350392113 -14723,1925596556 -11729,9722930437
208072,867237897 -10274,3408066607 -14309,8592730202 -11745,8681920935
208072,867237897 -10349,0594445256 -14311,8605224101 -11609,9231983081
208072,867237897 -10375,17170296 -13897,7743064518 -11589,6703459066
208072,867237897 -10413,7770242753 -14403,3432497534 -11549,773316898
208072,867237897 -10403,3662596669 -13945,2441118141 -11580,8260696475
208072,867237897 -10289,7556850951 -14008,502220415 -11556,1999926674
208072,867237897 -10252,1190369765 -14029,3921801598 -11597,5763693569
208072,867237897 -10398,6600823692 -14007,1927614235 -11623,458328925
208072,867237897 -10478,3991407425 -14117,792648477 -11635,3137491433
208072,867237897 -10740,9875922692 -14196,8913354006 -11570,6461551759
208072,867237897 -11058,4043635645 -14298,9014087534 -11615,4417853342
208072,867237897 -11162,1210644849 -14477,6157735266 -11602,9427552732
208072,867237897 -11008,616465779 -14112,0453630185 -11608,9347548624
208072,867237897 -11013,920841923 -13730,1117152117 -11587,3244078701
208072,867237897 -11034,7966230578 -14219,9820396268 -11590,168516305
208072,867237897 -11047,6800299578 -14470,2831625195 -11553,028165786
208072,867237897 -11047,0829523024 -13753,7224258911 -11542,3001899181
208072,867237897 -11085,1699990209 -14669,244330658 -11433,951464686
208072,867237897 -11109,3304604611 -14510,5086284332 -11469,6779442324
208072,867237897 -10847,4978064765 -14055,2656282101 -11428,8496079012
208072,867237897 -10779,5418529065 -14140,3802805159 -11471,8731776288
208072,867237897 -10861,1373233339 -14486,0243064007 -11464,0974118765
208072,867237897 -10829,681165912 -13868,7190428691 -11467,3560682219
208072,867237897 -10821,2937339778 -14150,1289744461 -11494,6794997936
208072,867237897 -10824,1734105028 -13446,1481325006 -11474,7482428792
208072,867237897 -10834,6606727302 -13983,0409684922 -11473,616813086
208072,867237897 -10814,4966566661 -14903,5258480036 -11460,427397235
208072,867237897 -10690,1345952001 -14297,1937343249 -11533,2904239612
208072,867237897 -10673,4593766484 -14277,7671585387 -11541,8554076697
208072,867237897 -10594,3902277215 -14300,1550842779 -11518,3789194419
208072,867237897 -10464,0491890936 -14240,1707362475 -11466,3031625428
208072,867237897 -10561,891928922 -14033,8576481458 -11490,0423730669
208072,867237897 -10169,6685182974 -14136,6239182485 -11404,900168637
208072,867237897 -10361,7321074783 -14233,9171450264 -11383,0840284644
208072,867237897 -10452,8539283111 -14255,9061789963 -11444,5745303515
208072,867237897 -10444,5481347976 -14766,5874952153 -11549,3203302266
208072,867237897 -10490,4260002144 -14101,4988128311 -11606,4904633533
208072,867237897 -10542,7356022683 -14383,0334223665 -11621,3233057865
208072,867237897 -10492,6631898236 -14063,4679655157 -11674,731655116
208072,867237897 -10460,3327751408 -14916,3353906523 -11689,5895770393
208072,867237897 -10395,4192418016 -14049,5684406725 -11632,0351821917
208072,867237897 -10261,2825569744 -14720,2550465679 -11595,5124244001
208072,867237897 -10291,9555327931 -14414,1390976331 -11655,9974975508
208072,867237897 -10347,5300677415 -15161,7133731142 -11687,210458228
208072,867237897 -10118,2542450869 -14530,7891484336 -11738,5202066503
208072,867237897 -10032,1270362849 -14271,3539414468 -11776,27472358
208072,867237897 -10058,1713364367 -14556,9765643183 -11723,1265087846
208072,867237897 -10249,882669318 -14927,1636646129 -11721,1868066415
208072,867237897 -10249,9411619942 -15004,7549946272 -11794,4709347783
208072,867237897 -10412,0434893511 -14751,8256373987 -11750,7397385484
208072,867237897 -10783,4819655187 -15376,0187037543 -11790,7801283747
208072,867237897 -10454,0089258668 -14671,5041122952 -11730,5826984084
208072,867237897 -10652,008814908 -14693,9255875087 -11746,7791192379
208072,867237897 -10696,4137894205 -14692,8994298959 -11782,7521656955
208072,867237897 -10920,5058377565 -14368,1460296038 -11789,8347674169
208072,867237897 -10876,100863244 -15332,0578260056 -11819,1369053738
208072,867237897 -11353,7360462209 -14406,5082350178 -11839,2491397514
208072,867237897 -11255,0600820885 -14174,3084920703 -11843,8593997596
208072,867237897 -11370,1545774597 -15469,3692158864 -11826,5774226924
208072,867237897 -11328,388716228 -14497,9617340621 -11944,7835001619
208072,867237897 -11255,0435291704 -14205,8629766789 -11864,4088592475
208072,867237897 -11283,301571035 -14114,5323087441 -11912,9471455367
208072,867237897 -11255,8825828638 -14625,1695344644 -11843,9130424501
208072,867237897 -11233,4868566643 -14752,7514405824 -11796,661480494
208072,867237897 -11386,9459193062 -14660,0893008937 -11865,3806409441
208072,867237897 -11351,7192459153 -14617,590709475 -11833,2597911343
208072,867237897 -11417,8386079465 -14598,3373726998 -11790,9176528064
208072,867237897 -11384,7713421977 -14502,3798380179 -11793,6266226376
208072,867237897 -11355,3551943775 -14480,792439714 -11830,1208341883
208072,867237897 -11220,9836805609 -14287,4814405964 -11749,6483035905
208072,867237897 -11330,5584074782 -14149,2571539581 -11759,698408214
208072,867237897 -11083,6568981745 -14495,6868887517 -11739,2313705751
208072,867237897 -10953,2380900424 -14841,1421897495 -11631,3637548252
208072,867237897 -11222,739542059 -14218,8191455086 -11656,4270452996
208072,867237897 -11104,7251735543 -14434,8615813463 -11676,1264292057
208072,867237897 -11365,0214256109 -14407,8339375484 -11801,2817493888
208072,867237897 -11303,5856215595 -14113,5434856781 -11793,605423429
208072,867237897 -11251,0251645815 -14014,8416902616 -11801,2885903593
208072,867237897 -11232,8473768936 -14436,7769818913 -11750,7201290923
208072,867237897 -11209,254415189 -14542,3486211835 -11758,9020169124
208072,867237897 -11228,2939706812 -15042,3055734206 -11760,0323821598
208072,867237897 -11096,3691190963 -13946,1279480439 -11617,0352765987
208072,867237897 -10849,4799839222 -14164,5986407436 -11535,8271923597
208072,867237897 -11049,8770868317 -14001,1102433489 -11537,4136873783
208072,867237897 -11013,1920850314 -14284,7371140938 -11630,311116403
208072,867237897 -11003,0213736136 -14888,5684234784 -11672,6940891254
208072,867237897 -11009,397779426 -14582,08966608 -11717,1517030561
208072,867237897 -11191,4368873935 -14909,2852440567 -11807,2426982022
208072,867237897 -11208,6048273555 -14239,1046677887 -11764,604884102
208072,867237897 -11212,7694319945 -14469,7827127574 -11731,0018281428
208072,867237897 -11133,7749239426 -14589,0959486463 -11762,6279651945
208072,867237897 -10526,044258544 -13939,4448370588 -11650,8677677176
208072,867237897 -10707,6202279031 -13990,1009454179 -11649,8070368554
208072,867237897 -10640,1109012793 -14477,9382376626 -11615,9066849631
208072,867237897 -10766,3360110535 -14051,6238404569 -11782,6776028779
208072,867237897 -10832,7159667371 -14804,69276749 -11767,2712617083
208072,867237897 -10973,6721736425 -13988,6867837054 -11797,8026998943
208072,867237897 -10908,5767980282 -15135,167898142 -11719,7581610239
208072,867237897 -10807,9775391362 -14252,2412379128 -11719,2853736156
208072,867237897 -10781,3924543992 -14694,2993075128 -11713,9164355614
208072,867237897 -10698,1058096483 -14269,4247035744 -11786,2341679014
208072,867237897 -10716,0825647447 -14528,6478147661 -11769,4557263938
208072,867237897 -10669,5526749704 -14062,2723257478 -11761,1196171988
208072,867237897 -10745,4523544112 -14161,3307984048 -11698,3642793366
208072,867237897 -10655,1639011646 -14648,2218336327 -11665,003755445
208072,867237897 -10653,3498403586 -14415,7645609328 -11675,8491937668
208072,867237897 -10632,7090269766 -14095,896135627 -11741,6015393866
208072,867237897 -10687,7066231864 -14183,7553082601 -11758,5427722575
208072,867237897 -10616,0112403348 -15125,7892666865 -11728,139290074
208072,867237897 -10709,9416887228 -14412,5748711816 -11735,3601815948
208072,867237897 -10810,4945721673 -14777,6128632879 -11706,6857995451
208072,867237897 -10916,9420731467 -15035,9302434979 -11644,321764987
208072,867237897 -10789,4018972451 -14119,5206566777 -11590,7113400605
208072,867237897 -10813,7560394048 -14464,8839369994 -11636,5209235021
208072,867237897 -10878,4589053495 -14649,487427042 -11628,7841405918
208072,867237897 -10878,4589053495 -14973,2817639041 -11592,0047813835
208072,867237897 -10816,0911219571 -14546,9432651634 -11620,8892225875
208072,867237897 -10854,9110560026 -13878,0440434828 -11583,6179843012
208072,867237897 -10769,468789473 -14950,6103731653 -11565,3622806302
208072,867237897 -11047,928541057 -14112,9416090454 -11619,5583847691
208072,867237897 -11081,5173334246 -14832,6036336 -11716,0520727294
208072,867237897 -10920,9333307387 -14152,318205167 -11573,4979751155
208072,867237897 -10835,1089598898 -14762,5670710001 -11597,0552511748
208072,867237897 -10761,9373869007 -14258,3518120451 -11556,9797392911
208072,867237897 -10504,0870933387 -14409,4676855743 -11513,3086638757
208072,867237897 -10561,4612535961 -15074,8241329312 -11510,2281382252
208072,867237897 -10242,03840744 -14584,9177753548 -11428,5319109959
208072,867237897 -10213,5390395714 -14930,0856004624 -11419,1830835857
208072,867237897 -10213,5390395715 -14610,0099772457 -11449,5816277385
208072,867237897 -9982,24753493531 -15101,5575901477 -11392,8092475414
208072,867237897 -10053,6687557086 -14394,7983057301 -11364,3992968641
208072,867237897 -10207,4260796167 -14510,9507504104 -11427,5596694546
208072,867237897 -10207,4260796167 -14365,837215963 -11485,0821075252
208072,867237897 -10240,2063555169 -14389,506150932 -11581,5468114348
208072,867237897 -10211,6492895645 -14389,7668981831 -11644,5099465439
208072,867237897 -10370,4081133436 -14361,4120682696 -11639,8805943809
208072,867237897 -10381,8162704422 -14121,9694814886 -11649,9426470526
208072,867237897 -10263,7577799683 -14030,5918579304 -11623,7222945361
208072,867237897 -10079,2428532295 -13941,916022592 -11562,9792873761
208072,867237897 -10058,872994408 -14317,8875407637 -11570,9665394736
208072,867237897 -10116,6260507514 -14802,4400831554 -11631,3512533653
208072,867237897 -10402,9059430817 -14228,7317023143 -11650,9916116626
208072,867237897 -10412,1759362553 -14690,4178238028 -11619,6809389758
208072,867237897 -10458,1315374366 -14056,5049818374 -11606,6942101014
208072,867237897 -10458,1315374366 -14146,6440164728 -11652,1496445297
208072,867237897 -10462,5397329389 -14962,0854831172 -11714,0105412671
208072,867237897 -10663,8358840967 -14142,8103924795 -11711,8652526679
208072,867237897 -10554,2567279409 -14300,6223225202 -11712,5074958261
208072,867237897 -10733,5842333301 -15108,7543259829 -11670,6231889628
208072,867237897 -10777,1597969556 -14160,5289156918 -11662,0894108604
208072,867237897 -10737,537871755 -14494,8290617106 -11715,8250866475
208072,867237897 -10793,3381636332 -14390,603827295 -11711,7181711686
208072,867237897 -10822,4193283087 -14436,4838023993 -11795,609968574
208072,867237897 -10654,4965286061 -14771,728263546 -11744,7966045104
208072,867237897 -10803,487201887 -15136,0125500073 -11699,5589177706
208072,867237897 -10740,9933077751 -14808,7021475538 -11653,080991122
208072,867237897 -10592,0026344942 -14585,8677460545 -11647,4690289569
208072,867237897 -10592,0026344942 -14194,8759956575 -11555,770390175
208072,867237897 -10586,0528064929 -14127,9412050931 -11504,8421963586
208072,867237897 -10528,2904252421 -14698,6549332346 -11495,3066564226
208072,867237897 -10566,960795634 -14721,1651961864 -11568,9094517469
208072,867237897 -10543,2795556476 -15121,9751704994 -11588,030883044
208072,867237897 -10545,4383630533 -15076,1375302915 -11594,9592618599
208072,867237897 -10582,4300528162 -14946,468240441 -11609,0349499694
208072,867237897 -10458,1220402686 -14542,8767890418 -11565,4043564298
208072,867237897 -10586,1617740985 -15063,7238012259 -11636,432148654
208072,867237897 -10309,5119596396 -14457,626352533 -11535,871103676
208072,867237897 -10437,4638226206 -15183,7821186109 -11625,1393004621
208072,867237897 -10424,1421747177 -14450,3940836452 -11577,3310743854
208072,867237897 -10116,6854452696 -14946,8353797964 -11524,0448281397
208072,867237897 -10042,4388449008 -15572,4233459219 -11603,5926574741
208072,867237897 -10042,4388449008 -14980,2962009537 -11605,989646212
208072,867237897 -10284,0106561387 -14550,1371952422 -11700,6187794233
208072,867237897 -10215,7756419302 -15258,929879775 -11673,415551069
208072,867237897 -10428,0616982025 -15085,4700719654 -11700,8664191673
208072,867237897 -10273,0915254109 -14880,2439753689 -11663,122628351
208072,867237897 -10183,9026786847 -15136,5989271542 -11669,9634502145
208072,867237897 -10292,6707576794 -15140,4893782956 -11652,3368084864
208072,867237897 -10409,7929556778 -14691,510475846 -11746,050901601
208072,867237897 -10413,433425346 -15117,6960316366 -11722,7650992622
208072,867237897 -10418,958818781 -14644,2822559786 -11778,7215983454
208072,867237897 -10575,416180595 -14764,3655144159 -11850,5240271076
208072,867237897 -10791,3013830709 -15055,7056231481 -11870,7348077488
208072,867237897 -10845,9485591215 -14976,0896120903 -11927,1078216632
208072,867237897 -10884,645544328 -15532,2050843957 -11873,3195822201
208072,867237897 -10881,3049762172 -14728,2286418176 -11810,3157253055
208072,867237897 -10734,846408376 -15655,9524488613 -11847,2213191573
208072,867237897 -10657,2275874404 -15233,0466498923 -11872,4118754916
208072,867237897 -10660,5681555512 -15066,3639289177 -11888,9661038509
208072,867237897 -10917,5255082741 -15410,7520111984 -11965,3280709321
208072,867237897 -10998,7444745492 -15262,7640962362 -11889,6375001719
208072,867237897 -11074,5225786782 -14540,2305522663 -11877,6141744555
208072,867237897 -11037,3954426453 -15094,1999971065 -11979,3232412168
208072,867237897 -10779,0467810759 -15757,3651335889 -11980,8270324227
208072,867237897 -10801,3163860638 -15255,6516435138 -11962,2924454715
208072,867237897 -10984,7403132626 -15600,8554043481 -11961,2693190758
208072,867237897 -10989,0774139921 -15095,5607918303 -11991,7588699295
208072,867237897 -10976,3825162658 -15920,0440445737 -12019,5708572992
208072,867237897 -10918,9997358981 -14747,1140760139 -12006,3471735664
208072,867237897 -10879,113550041 -15040,8169491846 -11928,0569439874
208072,867237897 -10717,4463085325 -15312,2356004396 -11896,6906291819
208072,867237897 -10562,6495588501 -15414,8087224738 -11872,4505634092
208072,867237897 -10629,249533664 -14539,5292742766 -11936,156827204
208072,867237897 -10463,2823477043 -14559,218824576 -11820,2222657176
208072,867237897 -10396,2678869342 -14520,2470747115 -11850,4722530874
208072,867237897 -10463,002070963 -14845,9854531459 -11920,4483970331
208072,867237897 -10473,58060536 -14871,9790177843 -11920,1172937716
208072,867237897 -10529,6184094712 -14829,9011002677 -11893,3940884452
208072,867237897 -10909,9803332368 -14832,6062329364 -11884,5102614315
208072,867237897 -10839,9540952796 -14997,8413906835 -11810,087643159
208072,867237897 -10873,00462543 -14812,3525493636 -11891,2172689951
208072,867237897 -10735,3692059995 -14830,0995790068 -11925,0401409866
208072,867237897 -10773,4826461325 -15290,2717041359 -11898,3215830353
208072,867237897 -10938,1746226627 -14608,4426160286 -11937,8597357336
208072,867237897 -11281,9189316341 -15071,0399132177 -11921,1185762264
208072,867237897 -11183,9119650231 -14098,5847218493 -12030,6119561007
208072,867237897 -11303,5642011403 -14367,5407351369 -12047,3746730217
208072,867237897 -11499,9631128967 -14664,2677631978 -12167,3162907114
208072,867237897 -11353,4798605848 -14553,7413892143 -12138,6240221124
208072,867237897 -11193,7208360692 -15355,0641345008 -12139,1223425113
208072,867237897 -11131,4809934282 -14718,7740203595 -12163,6548519499
208072,867237897 -11272,1904680994 -14609,5015369959 -12126,7182724264
208072,867237897 -11319,1183253029 -15085,5848104776 -12105,6779505453
208072,867237897 -11258,97897794 -15044,2263085542 -12086,9084085753
208072,867237897 -10865,353179579 -14374,3156148993 -11969,2042422201
208072,867237897 -11030,3936894721 -14814,1425689743 -12005,4362341524
208072,867237897 -11262,2074355217 -15350,084875567 -12004,8798353511
208072,867237897 -11174,4492115202 -14602,4796213166 -11948,884209477
208072,867237897 -11244,9323295583 -15129,1351657249 -11979,3740338976
208072,867237897 -11317,1166269666 -14720,4104627996 -11928,1472515898
208072,867237897 -11343,5531033791 -14514,1330767856 -11921,0017776388
208072,867237897 -11367,7579741917 -15188,9202966183 -11907,3682290729
208072,867237897 -11417,25508204 -14343,1177583547 -11926,2094341801
208072,867237897 -11626,8368036016 -14254,204086965 -11942,9298948297
208072,867237897 -11502,7170207347 -14024,7359200079 -11982,1062967571
208072,867237897 -11384,813384767 -14363,684621563 -11929,9702542352
208072,867237897 -11476,1318342515 -14254,7040692596 -11987,2895312003
208072,867237897 -11316,4445847998 -14707,6221024014 -11995,5997692354
208072,867237897 -11391,8800005558 -14862,5893749668 -12017,7199519637
208072,867237897 -11387,28626629 -14625,3793943216 -11994,3636153181
208072,867237897 -11436,4537249381 -14358,840455439 -11994,1793621446
208072,867237897 -11452,542593742 -14568,3757071724 -11991,7754671315
208072,867237897 -11351,7776504586 -14573,5171465149 -12031,4131281267
208072,867237897 -11261,4949469785 -15311,1551133429 -12031,4945116211
208072,867237897 -11375,4109273677 -14798,6636563452 -12058,1906441423
208072,867237897 -11512,5962880381 -14685,8470310073 -12123,1907388725
208072,867237897 -11667,842644255 -14282,0865730176 -12164,0744226069
208072,867237897 -11595,9393368824 -14993,0262297874 -12153,4091627474
208072,867237897 -11515,3382701768 -14424,5756061476 -12116,8518631881
208072,867237897 -11420,2943044772 -14682,493554195 -12019,6894454595
208072,867237897 -11420,2943044772 -14821,7330259242 -11909,2440949869
208072,867237897 -11371,1268458291 -14442,4409165703 -11903,0214605371
208072,867237897 -11430,0880692374 -15009,4566366063 -11911,3980473985
208072,867237897 -11393,8470446377 -14602,3553308255 -11913,7616677874
208072,867237897 -11089,7157151674 -14897,6182992327 -11813,5235372179
208072,867237897 -11077,7061199421 -14971,0703680035 -11779,4432620194
208072,867237897 -10995,0418829349 -13771,9034330834 -11763,9268764595
208072,867237897 -11002,0149178702 -14418,6569294835 -11725,7233159737
208072,867237897 -11026,4697871982 -15449,7783559339 -11798,6981434735
208072,867237897 -11023,7204683278 -14538,1370578519 -11820,5641496888
208072,867237897 -11320,2547654782 -15092,8471903008 -11853,5614780011
208072,867237897 -11493,4574462283 -14308,4400657226 -11900,5641861393
208072,867237897 -11392,9412639647 -14942,7712653574 -11877,2422695148
208072,867237897 -11437,1456488694 -14087,6216788786 -11882,8129127633
208072,867237897 -11347,8978970323 -14689,1199837325 -11892,6945491259
208072,867237897 -11464,2476181144 -14980,6473803448 -11918,5081356241
208072,867237897 -11422,0861726832 -14871,3593392458 -11852,4087422493
208072,867237897 -11230,92393894 -14667,9593193273 -11811,2663647997
208072,867237897 -11221,1524469441 -14249,0534237611 -11772,9356337834
208072,867237897 -11184,3561068662 -14255,194324504 -11756,8782297286
208072,867237897 -11204,3982571738 -14657,4596667379 -11741,4220661703
208072,867237897 -10697,6996504418 -14170,827118596 -11659,5191711171
208072,867237897 -11001,1098131107 -14409,1549893987 -11721,3953971477
208072,867237897 -10947,4265383053 -14813,9743262371 -11688,3310207493
208072,867237897 -10918,6469131469 -14276,0309994585 -11686,0500401698
208072,867237897 -10966,9317740565 -14473,7284099674 -11788,0585817207
208072,867237897 -10756,3953715475 -14466,82051271 -11794,5862102919
208072,867237897 -10569,6177666549 -14117,6169351202 -11818,4997810176
208072,867237897 -10736,9569447969 -14891,703760733 -11859,9927759117
208072,867237897 -10631,2798054962 -14408,0491569957 -11867,0193645115
208072,867237897 -10688,9300878531 -14377,7238714026 -11823,4593381332
208072,867237897 -10863,0003068422 -14342,0636254998 -11803,5334840382
208072,867237897 -10550,5345629764 -14083,8333416487 -11733,5853199357
208072,867237897 -10383,4410296935 -14245,6104095273 -11686,9452658854
208072,867237897 -10383,4410296935 -13958,8836670722 -11745,0011873013
208072,867237897 -10321,6922182796 -14787,3325328193 -11747,9660042518
208072,867237897 -10299,09362584 -14949,4902762543 -11747,4600424165
208072,867237897 -10423,3021135933 -14776,8281889406 -11672,0193120518
208072,867237897 -10352,5939101915 -14173,6093081827 -11625,4480970486
208072,867237897 -10613,9309537557 -14583,7989200956 -11683,189867487
208072,867237897 -10633,4089731662 -13949,5614967833 -11713,942527903
208072,867237897 -11105,1800384639 -14479,1003061156 -11756,6213175593
208072,867237897 -10877,4863795235 -14452,980452123 -11704,4438981557
208072,867237897 -10888,2029964325 -14073,660133542 -11623,4641219202
208072,867237897 -11027,5112046669 -15369,8878617537 -11679,1250374683
208072,867237897 -10901,7563526311 -14358,3992736405 -11619,6752055022
208072,867237897 -11001,4339001904 -14637,4995771674 -11768,3778106178
208072,867237897 -10990,9097338758 -14316,2704102121 -11729,8198872519
208072,867237897 -10867,6626899614 -13964,1069557939 -11730,4633985115
208072,867237897 -10821,1994420453 -14010,6145024844 -11779,0034107941
208072,867237897 -10593,1537997406 -14672,4172287682 -11704,8001362544
208072,867237897 -10498,4186558091 -15383,4813078153 -11626,0052103747
208072,867237897 -10718,2169821812 -14805,3269536775 -11650,3292129624
208072,867237897 -10645,4274187281 -14513,6210766239 -11684,614316931
208072,867237897 -10630,7565301003 -14688,1182882264 -11720,7095473573
208072,867237897 -10597,3375380187 -14358,7289646893 -11723,3450313371
208072,867237897 -10650,2752024166 -14922,1924617292 -11683,9261112599
208072,867237897 -10716,4761588868 -14556,4110253353 -11720,1979187321
208072,867237897 -10684,6383218215 -14647,2351665088 -11737,9704449453
208072,867237897 -10670,839314769 -14867,4389360518 -11681,6449556702
208072,867237897 -10523,6000669868 -15369,3023618354 -11653,9133373946
208072,867237897 -10700,8685911786 -14645,8911830131 -11668,8297609155
208072,867237897 -10731,9247104264 -14904,4692659527 -11770,8326119024
208072,867237897 -10849,940733383 -14184,3650532843 -11788,28480559
208072,867237897 -10791,708034118 -14770,1971835407 -11817,1550610049
208072,867237897 -10821,4873640222 -14881,2146288351 -11819,7757559223
208072,867237897 -10821,4873640222 -15244,8926588461 -11773,1687338028
208072,867237897 -10722,7109086273 -14474,8016490828 -11775,4621723095
208072,867237897 -10596,4728083197 -15049,7926035086 -11739,8952011096
208072,867237897 -10596,4728083197 -15073,1718899458 -11819,6463338239
208072,867237897 -10548,5261664857 -14717,2784320917 -11839,7071048714
208072,867237897 -10589,6064746936 -14857,8479104778 -11899,8889608294
208072,867237897 -10691,9437100485 -15116,6536191707 -11962,8718982408
208072,867237897 -10664,6870711919 -14590,3063788617 -11945,7325335418
208072,867237897 -10364,0457811662 -15283,9585152442 -11889,2473579365
208072,867237897 -10413,9309833936 -14611,3949291881 -11963,4669247231
208072,867237897 -10500,0265353749 -14441,1250151813 -12080,3389283056
208072,867237897 -10491,5783024731 -15344,7126622975 -12066,1957650871
208072,867237897 -10707,1756132752 -14721,9734334714 -12048,5235825062
208072,867237897 -10702,9109565679 -14970,9630827626 -12067,5165407998
208072,867237897 -10774,2778063103 -14749,3321242831 -12117,5556650718
208072,867237897 -10667,7136986245 -14851,022261286 -12120,2228864606
208072,867237897 -10681,7966764287 -15236,7987950006 -12170,7976488734
208072,867237897 -10637,3277164393 -15479,7267121833 -12170,5239091508
208072,867237897 -10646,0901404547 -14642,1461622034 -12137,3960757633
208072,867237897 -10625,3681210276 -15305,6901391712 -12080,1913940289
208072,867237897 -10579,3905533083 -15323,9149079244 -12131,3370346234
208072,867237897 -10532,816293362 -14497,6543868315 -12126,1977447856
208072,867237897 -10547,0620456841 -15318,3388003143 -12126,6299051886
208072,867237897 -10823,6082434501 -15033,6064469847 -12064,4052130092
208072,867237897 -10834,452256679 -14257,5471151733 -11938,7340119612
208072,867237897 -10848,7154223543 -15374,4311364711 -12008,7040475084
208072,867237897 -10838,8632246522 -14734,7856451799 -11969,900782973
208072,867237897 -10852,2081793666 -15217,3176040587 -11918,9698795117
208072,867237897 -11036,1281278034 -14938,4039716654 -11984,3831393171
208072,867237897 -10859,2852179035 -15232,2047616736 -11885,7699930893
208072,867237897 -10667,8818659587 -14510,2574825086 -11834,8400718888
208072,867237897 -10942,6762934812 -14893,1540125899 -11977,0562171806
208072,867237897 -10815,0214371457 -16071,4067746797 -11957,0401017946
208072,867237897 -10910,4132287613 -15648,2030357922 -11960,5133522468
208072,867237897 -10886,6907905296 -15400,4348173598 -11978,6794341939
208072,867237897 -10890,4152140115 -14716,7363020851 -11981,5987850744
208072,867237897 -10841,7224129167 -15057,1013561069 -11958,3903898313
208072,867237897 -10839,4446464388 -14446,6412915368 -11950,7329093913
208072,867237897 -10846,7131136452 -14610,4803458993 -11903,0826335977
208072,867237897 -10575,1575435339 -14665,9983516975 -11878,3433499461
208072,867237897 -10633,3043541191 -15116,1297525693 -11896,9168118289
208072,867237897 -10481,3039053525 -14598,5221799633 -11851,1959091396
208072,867237897 -10656,5702549623 -15473,7761221441 -11955,856509113
208072,867237897 -10486,5276209857 -14770,5832649647 -11938,725715014
208072,867237897 -10527,4914253005 -14627,2330484402 -11975,2972453711
208072,867237897 -10620,8592600588 -14805,997336365 -12001,0854561465
208072,867237897 -10611,0870725465 -14357,1182121061 -12036,6191010168
208072,867237897 -10769,7136744284 -15043,0212253044 -12026,3859516709
208072,867237897 -10683,6882088021 -14542,0348251783 -12002,9390640354
208072,867237897 -10989,3389315014 -14953,9437884689 -11990,1588825648
208072,867237897 -10989,3389315014 -15179,5802685269 -11972,5767198042
208072,867237897 -10720,4341618808 -14760,9131698092 -11959,6822644979
208072,867237897 -10636,2971249439 -14865,0299543316 -11962,0770258773
208072,867237897 -10598,9826448493 -15321,0112347148 -11972,5921111786
208072,867237897 -10574,5925190618 -15125,9658597067 -11939,1933181772
208072,867237897 -10268,356302397 -14837,6521928665 -11906,5887209591
208072,867237897 -10266,038955804 -14984,9595221477 -11932,6652193901
208072,867237897 -10370,5542170166 -15267,606647634 -11961,9537641212
208072,867237897 -10258,365594905 -14746,0818667284 -11911,4021115931
208072,867237897 -10292,785283121 -15285,7759840349 -11889,4932568315
208072,867237897 -10366,2686109326 -14709,9608475988 -11918,2097360054
208072,867237897 -10366,2686109326 -14713,0833667669 -11829,1300562765
208072,867237897 -10493,8711955375 -14460,4599891744 -11783,4011851434
208072,867237897 -10418,0334007397 -14859,5946153388 -11777,0900258029
208072,867237897 -10292,9773635192 -14578,3459513098 -11714,5146979506
208072,867237897 -10185,8052637122 -14413,6412231963 -11820,8988799388
208072,867237897 -9808,29012097235 -14686,930623976 -11764,6914660223
208072,867237897 -9802,27868300362 -14543,4194538613 -11784,5012262122
208072,867237897 -10057,3440304765 -14535,8833263043 -11802,1879386089
208072,867237897 -10150,0194393691 -14790,7492176037 -11760,4499334331
208072,867237897 -10147,3187614248 -14343,1345535869 -11816,6836876461
208072,867237897 -10192,9759966679 -14910,0776518733 -11816,2080862627
208072,867237897 -10220,6693061502 -15369,2579311658 -11825,2404337766
208072,867237897 -10594,4110436362 -14904,9378668372 -11890,7822412744
208072,867237897 -10608,1380489476 -14884,3138983106 -11844,1150937461
208072,867237897 -10616,0324230409 -15224,2603152817 -11819,4509556143
208072,867237897 -10938,9360222343 -14908,4885860738 -11817,1216026164
208072,867237897 -10637,3398545708 -15277,4901802811 -11850,793251138
208072,867237897 -10562,5304461952 -14582,2414062032 -11859,4572551118
208072,867237897 -10578,1228582179 -14941,2715900373 -11793,0997169566
208072,867237897 -10770,9961343736 -14945,4866647968 -11795,3699889674
208072,867237897 -10645,7495284704 -14366,5922131572 -11718,2041217088
208072,867237897 -10688,4500036314 -14643,7989950209 -11721,8983111817
208072,867237897 -10685,0956287625 -14676,8321858934 -11633,9664211405
208072,867237897 -10604,1431928581 -14466,2012112051 -11623,3883405592
208072,867237897 -10632,8379710757 -14605,6380401728 -11640,942037479
208072,867237897 -10718,2408358499 -14332,6517774606 -11699,6432918524
208072,867237897 -10695,7493379227 -15187,9719474471 -11690,8448444788
208072,867237897 -10662,6104649794 -14612,5650260586 -11691,2224515119
208072,867237897 -10509,375883171 -14770,9634053041 -11770,9733910202
208072,867237897 -10876,6978357199 -14711,8808775264 -11794,3121206694
208072,867237897 -11014,5525683817 -14199,3581157856 -11881,5897947992
208072,867237897 -11076,6533220066 -14703,4768079531 -11887,8248240221
208072,867237897 -11059,4984294045 -14565,8692504273 -11920,4698908968
208072,867237897 -11202,7986032699 -14421,3688892261 -11894,4166597028
208072,867237897 -11336,6122202418 -14640,0361919781 -11928,7298404192
208072,867237897 -11499,9811614076 -14313,0978857691 -11995,4904615676
208072,867237897 -11264,9828630594 -14714,4431942122 -11906,264755822
208072,867237897 -11182,573967135 -14786,9218879968 -11904,341126339
208072,867237897 -11368,6163721691 -14480,35412541 -11864,309150971
208072,867237897 -11383,259125037 -14778,0495523995 -11797,8186655843
208072,867237897 -11359,6702440167 -14583,8662675239 -11841,2577550014
208072,867237897 -11245,5761947084 -14682,5629596726 -11897,2134964708
208072,867237897 -11296,8655347052 -14404,9891499283 -11921,202602296
208072,867237897 -11268,0134152225 -14649,7548834953 -11914,0853063411
208072,867237897 -11402,1508286789 -15031,5085802948 -11922,0088396805
208072,867237897 -10950,1576274915 -14358,0711437889 -11864,6601168315
208072,867237897 -11022,9471909447 -14219,1287018622 -11826,1633676424
208072,867237897 -11031,789085477 -14281,0826839286 -11886,035097972
208072,867237897 -11226,6201765437 -14612,6746400301 -11937,920617989
208072,867237897 -11369,5617485711 -14648,0928383843 -11949,451092382
208072,867237897 -11474,1225591729 -14729,5626152593 -12098,7234921001
208072,867237897 -11437,5134416743 -14662,7218426818 -12101,5698231468
208072,867237897 -11480,9135035347 -14341,1549486094 -12074,9844933537
208072,867237897 -11345,1410373641 -14976,8906723521 -12076,9455275799
208072,867237897 -11360,3107439329 -14637,0053698765 -12155,1416723118
208072,867237897 -11051,4344467186 -14590,7854255809 -12083,8694902846
208072,867237897 -10983,8480605307 -14784,8651420084 -12034,7648413923
208072,867237897 -10955,0596249432 -14399,1463515293 -12021,2963432779
208072,867237897 -11039,6436820207 -15415,7379535507 -12120,0306153033
208072,867237897 -11337,3474960106 -14702,8361266931 -12204,1654632029
208072,867237897 -11478,6125311803 -14597,0030366232 -12149,945577658
208072,867237897 -11193,3615531597 -15330,6661260957 -12122,7901475728
208072,867237897 -11144,1684371932 -15218,882974767 -12142,7019733175
208072,867237897 -11144,1684371932 -14905,4648011457 -12152,8910905659
208072,867237897 -11345,5877004391 -16300,9028205207 -12263,9704243558
208072,867237897 -11221,7586524565 -14829,1753665154 -12317,0855868673
208072,867237897 -10983,7948409514 -15540,3042635682 -12259,7031503062
208072,867237897 -10808,6153009812 -14978,2844392628 -12189,1693115365
208072,867237897 -10745,1509306467 -15034,8320640571 -12099,7845170251
208072,867237897 -10780,2488728172 -15235,7086940761 -12029,462628071
208072,867237897 -11210,4481149781 -15305,0785858503 -12039,145320697
208072,867237897 -11250,6548755952 -14598,7926144405 -11996,9936858149
208072,867237897 -11369,5887958875 -14963,7360850647 -12036,9361225162
208072,867237897 -11391,3972554962 -14828,1878534448 -12031,7571548565
208072,867237897 -11613,7342670911 -14957,9139903796 -12109,0884687159
208072,867237897 -11572,0845182762 -15134,7016316418 -12122,8664975394
208072,867237897 -11502,3470553643 -14898,4577145569 -12117,5827102925
208072,867237897 -11419,9911656072 -15405,9512283499 -12049,6059195966
208072,867237897 -11470,0567940751 -15790,0701298093 -11971,5854715995
208072,867237897 -11219,5513135024 -14484,9690471982 -11929,6079511874
208072,867237897 -11219,5513135024 -15581,5082849706 -11926,0122272913
208072,867237897 -11024,3332818488 -15237,7053548377 -12000,9914337048
208072,867237897 -11034,8975633536 -14843,2167132153 -11979,8783043544
208072,867237897 -11034,8975633536 -14657,0587095866 -12043,2283770619
208072,867237897 -11083,5595658119 -14278,6577086043 -12044,398406151
208072,867237897 -11079,343905171 -14260,0947193522 -12053,1926466748
208072,867237897 -10973,7620150961 -14665,9534976171 -12068,9402537203
208072,867237897 -10981,4938111121 -15082,7664453939 -12007,0350199082
208072,867237897 -10876,4816498182 -14369,0421462571 -12010,8747879179
208072,867237897 -10459,9048359878 -15104,2854534203 -11949,9457004237
208072,867237897 -10547,5004895679 -14584,0817405724 -11914,4170056614
208072,867237897 -10464,4477020209 -14828,0612686365 -11900,2261393417
208072,867237897 -10238,8109804819 -14878,5726678756 -11892,2788985579
208072,867237897 -10238,8109804819 -15213,5314808137 -11891,5754950724
208072,867237897 -10193,8866024027 -14912,2271277663 -11917,6292195886
208072,867237897 -10394,5581352886 -15460,0082951226 -11902,7458254638
208072,867237897 -10422,5391083223 -14635,8779447333 -11955,0208580647
208072,867237897 -10516,9210467007 -14806,7768664882 -11946,0237655447
208072,867237897 -10491,2550835467 -15706,9438644525 -12037,3211433984
208072,867237897 -10485,6858788701 -14898,4366779196 -12027,6427596809
208072,867237897 -10285,0143459842 -14970,016504108 -11992,5091194643
208072,867237897 -10327,1463944166 -14656,5055788379 -12048,7846185264
208072,867237897 -10428,571432652 -14609,4381521942 -12050,3974958721
208072,867237897 -10415,9048800546 -15011,9271530942 -12049,7082577885
208072,867237897 -10566,8944915944 -15220,5652316386 -11940,7360227344
208072,867237897 -10649,8821613105 -15547,4177773545 -11974,2725764862
208072,867237897 -10633,6929730111 -14907,0277945512 -12007,7289231965
208072,867237897 -10727,7808308255 -14594,0542795891 -11908,8481802285
208072,867237897 -10998,8188404317 -14694,6981717512 -11957,5708631312
208072,867237897 -10911,874646702 -15147,7595241207 -11846,0993505745
208072,867237897 -10859,9910524908 -15147,6551107543 -11876,8517796938
208072,867237897 -10686,0717759701 -14428,2007807697 -11876,7348788807
208072,867237897 -10744,5406968546 -14772,2287052296 -11894,3151786434
208072,867237897 -10916,353667817 -15791,3421605634 -11826,7280686365
208072,867237897 -10793,2619817182 -13856,5102147829 -11851,0313487043
208072,867237897 -10753,1378014149 -14772,6484821299 -11945,4513277393
208072,867237897 -10732,8353238548 -14492,3790339847 -11984,5468443553
208072,867237897 -10713,4462038967 -14483,5663708673 -12028,6588190825
208072,867237897 -10842,0880701852 -14492,3400700523 -12087,7420056279
208072,867237897 -11001,8470947007 -14753,7684427282 -12138,4941302491
208072,867237897 -11049,8881095224 -14698,5193461034 -12073,4935329585
208072,867237897 -11246,2870212789 -14881,3125255926 -12085,0521454443
208072,867237897 -11071,8739258905 -14254,2889731762 -12024,7487153565
208072,867237897 -10723,8396909929 -14419,5901213312 -11935,6047869622
208072,867237897 -10737,407906944 -14897,7438067077 -11840,3647218674
208072,867237897 -10969,6982034594 -14246,9186144068 -11845,8877072752
208072,867237897 -10827,0847521269 -14773,8982236953 -11823,5278254759
208072,867237897 -10632,0392485785 -14354,1151611105 -11882,2851450698
208072,867237897 -10644,0542297153 -14982,283395786 -11816,5570190093
208072,867237897 -10500,8172082303 -14767,5892215818 -11757,0711247712
208072,867237897 -10870,2904083426 -14916,3677618766 -11852,5452771745
208072,867237897 -10785,7747998886 -14658,5324575012 -11840,2074859388
208072,867237897 -10810,2653615834 -14529,3890574356 -11949,9746220914
208072,867237897 -10729,4961996358 -14480,1871998379 -11991,1906462267
208072,867237897 -10341,3841132296 -14905,9838809724 -11914,5218337843
208072,867237897 -10176,407270657 -14649,771433168 -11899,2291131635
208072,867237897 -10444,1270968707 -15299,2874870011 -11943,9455314353
208072,867237897 -10149,6820479452 -15046,0352725636 -11859,3125173458
208072,867237897 -10105,28126898 -14959,0667105367 -11812,1929126823
208072,867237897 -10109,5410963592 -14382,7399259625 -11782,3802857384
208072,867237897 -10157,6065966747 -14575,0213372747 -11730,4807371718
208072,867237897 -10281,815084428 -14973,3183312575 -11790,0929611959
208072,867237897 -10376,4647807347 -15527,2667742134 -11820,1306151056
208072,867237897 -10328,423765913 -14717,2490305393 -11792,0973489689
208072,867237897 -10048,4346940434 -14775,4432980624 -11813,2948725826
208072,867237897 -9863,13627246781 -14783,868809948 -11839,9928021671
208072,867237897 -9827,28040940449 -15172,6983232729 -11848,7573561918
208072,867237897 -9838,53844928929 -14888,1106884435 -11918,696516496
208072,867237897 -9838,53844928929 -15348,2691349308 -11942,6681551673
208072,867237897 -9835,47735746337 -15467,070689932 -12043,9229844869
208072,867237897 -10618,7990359022 -15944,0018020733 -12016,3312722142
208072,867237897 -10631,4568599255 -15361,5094559768 -12011,8148672391
208072,867237897 -10454,2774764679 -15318,2236733732 -11916,2632903295
208072,867237897 -10602,2409962752 -14853,2604489665 -11873,8321897811
208072,867237897 -10655,241974421 -15159,8016809741 -11967,3408083841
208072,867237897 -10586,3858229616 -15343,5767197942 -11928,2923341943
208072,867237897 -10594,6223206558 -15311,3260810069 -11902,9338841393
208072,867237897 -10488,1409133907 -14592,7358266282 -11910,2998405923
208072,867237897 -10649,055195696 -14983,3486305432 -11973,3374375825
208072,867237897 -10709,8534363016 -14831,18344628 -12016,7387617473
208072,867237897 -10709,8534363016 -15357,8305944455 -11980,8331001771
208072,867237897 -10709,8534363016 -16458,4415480228 -12010,2333368655
208072,867237897 -10709,8534363016 -15509,0123443077 -11980,3934722185
208072,867237897 -10694,5816739425 -14643,7118530225 -12000,4785958212
208072,867237897 -10554,0291303356 -14595,8912423334 -12024,5065728219
208072,867237897 -10545,0561955472 -15147,9354240493 -12026,780493709
208072,867237897 -10597,7538223544 -15248,5677015375 -12031,9380609004
208072,867237897 -10619,460201475 -14752,7496976522 -12004,1783358306
208072,867237897 -10620,4802461943 -15394,9749895671 -12004,9470677495
208072,867237897 -10515,9047213982 -14646,3970185355 -12023,8182476286
208072,867237897 -10466,5466279036 -15298,992885039 -11999,5516004936
208072,867237897 -10493,516079716 -15244,8611121457 -11931,1168410441
208072,867237897 -10707,3014003831 -15465,2808304393 -11952,4633999499
208072,867237897 -10510,9024886266 -14572,8105542125 -11828,7936937583
208072,867237897 -10703,5478938195 -15130,0913308311 -11864,3678694446
208072,867237897 -10703,5478938195 -15045,3088054025 -11873,8404290332
208072,867237897 -10723,7513934175 -15710,0730052082 -11920,6904194416
208072,867237897 -10692,1099168664 -14792,8485899015 -11876,5560135907
208072,867237897 -10884,5512075598 -15191,9424192045 -11935,0610444289
208072,867237897 -10704,2997327775 -15504,9244079607 -11905,2993001308
208072,867237897 -10858,1150199776 -14626,4261387037 -11938,2977249841
208072,867237897 -10777,6843096405 -14795,7759141493 -11936,2157648114
208072,867237897 -10951,256447089 -15085,4878829723 -11886,6183538078
208072,867237897 -10984,0075101486 -15487,0352360517 -11912,1397796067
208072,867237897 -10948,2796111813 -14656,6160213035 -11883,6518226319
208072,867237897 -10253,8672935771 -15131,734412233 -11814,9864491756
208072,867237897 -10253,867293577 -14195,6387123509 -11911,2957560982
208072,867237897 -10070,4329248996 -14229,8095598379 -11735,2703911582
208072,867237897 -10458,151476081 -14561,8426535573 -11709,327746475
208072,867237897 -10743,4812293673 -14788,4338910917 -11708,1411750697
208072,867237897 -10676,1140579068 -13752,9886545278 -11653,1438622045
208072,867237897 -10659,7167912821 -14543,5051827999 -11664,1486394704
208072,867237897 -10545,5929214129 -14068,3334661139 -11664,4891295754
208072,867237897 -10157,8743702315 -14817,5200773141 -11593,6262430326
208072,867237897 -10245,4042401084 -14428,2221198535 -11626,6572948351
208072,867237897 -10256,6998207676 -14486,9143997921 -11684,2445101713
208072,867237897 -10791,1739315192 -14715,9757074709 -11727,0698172878
208072,867237897 -10735,8699191874 -15229,6948551042 -11807,3753454828
208072,867237897 -10620,4961529978 -14759,7199179017 -11809,0385689104
208072,867237897 -10620,4961529978 -14709,8706685064 -11833,8756267695
208072,867237897 -10783,0215373041 -15177,1207821776 -11797,0135468563
208072,867237897 -10765,3169203201 -14522,2130771488 -11831,8511767007
208072,867237897 -10880,1751117287 -15753,4746881591 -11890,5435897887
208072,867237897 -10881,7664106003 -14430,665616662 -11905,6908851942
208072,867237897 -11015,8700431185 -14970,4344135321 -12048,1606853973
208072,867237897 -11069,3770401081 -15220,7207865817 -12063,5010767416
208072,867237897 -11115,7383066147 -14916,0069252963 -11995,6821873766
208072,867237897 -10962,4882927021 -15180,2828104273 -12045,3863657515
208072,867237897 -10915,7263090258 -15107,4948535133 -12038,3250816697
208072,867237897 -10935,5155402904 -15661,209116673 -11897,1001362907
208072,867237897 -11020,9322753205 -14691,1137361666 -11958,004130264
208072,867237897 -11020,9322753205 -14245,364944365 -11979,4915164982
208072,867237897 -10999,6298243329 -14500,2732304502 -11990,6294178999
208072,867237897 -10999,6298243329 -14974,9338785355 -12047,0581395146
208072,867237897 -11141,6449641952 -15386,7090730336 -12020,8684070709
208072,867237897 -11058,713188101 -14952,0044777673 -12059,5494678714
208072,867237897 -11074,4936964746 -15488,2087092654 -12081,3287574439
208072,867237897 -11159,2002801468 -14936,9209842134 -12149,2031396661
208072,867237897 -11020,8438885055 -14387,488083266 -12207,6116492296
208072,867237897 -11084,8006523594 -15074,9248038888 -12224,7589022073
208072,867237897 -10929,0792920877 -15254,7094725088 -12274,7952617858
208072,867237897 -10851,1408164526 -15319,2320074214 -12215,8927731929
208072,867237897 -10917,2190070026 -15358,7916731907 -12293,4315607749
208072,867237897 -10924,8397506919 -15724,61557372 -12298,3409372702
208072,867237897 -11061,1307484009 -15352,825146926 -12337,5409125767
208072,867237897 -11213,2691648242 -15065,8761927491 -12461,5137417776
208072,867237897 -11296,4041102048 -15523,2421412826 -12473,4425131213
208072,867237897 -11037,0988742815 -15483,0074582588 -12454,2395238785
208072,867237897 -11037,0988742815 -15342,556792492 -12575,5489565876
208072,867237897 -11037,0988742815 -14952,5022358201 -12570,9405806126
208072,867237897 -11348,5646556233 -15518,8613831159 -12568,6999132914
208072,867237897 -11416,696364063 -15898,6864441739 -12565,116222057
208072,867237897 -11466,3610646441 -15507,1623609495 -12538,8738830548
208072,867237897 -11405,6716513531 -15164,2062575405 -12541,3083551287
208072,867237897 -11253,4633239854 -15350,2512140745 -12564,5412187869
208072,867237897 -11165,9334541085 -15651,8085803013 -12530,9379489085
208072,867237897 -11186,8056641086 -15039,3209038785 -12584,0192569996
208072,867237897 -11062,7046306483 -15709,6176869514 -12546,485373392
208072,867237897 -10836,4360827045 -15390,1222304979 -12550,5242479536
208072,867237897 -10479,2173782812 -16291,0745384177 -12519,6162752821
208072,867237897 -10362,4476404041 -15740,8356196101 -12514,4760991773
208072,867237897 -10329,2726786729 -15713,0335988165 -12574,5386522582
208072,867237897 -10255,1017407643 -15575,9784583637 -12499,1881100824
208072,867237897 -10321,3643856776 -15725,9358308443 -12485,8137666994
208072,867237897 -10483,0776725558 -15435,5136116565 -12472,7744687194
208072,867237897 -10500,744270152 -15409,1077703343 -12479,8627181089
208072,867237897 -10542,4168409294 -15763,069948722 -12453,0626485087
208072,867237897 -10697,3495121856 -16074,5750573035 -12422,03259884
208072,867237897 -10575,5751577466 -15169,1779426871 -12407,7232372497
208072,867237897 -10568,2950250978 -15526,2936253842 -12391,25763267
208072,867237897 -10547,4228150977 -15900,7879758531 -12310,1455862225
208072,867237897 -10562,8097798207 -14759,2659836215 -12283,4093557955
208072,867237897 -10496,6041123227 -15489,8511070339 -12173,9401857348
208072,867237897 -10523,3082382781 -15213,8027886809 -12167,4379597605
208072,867237897 -10530,2027061078 -14586,4872984701 -12158,5267931507
208072,867237897 -10530,2027061078 -15448,4434574524 -12173,1703778365
208072,867237897 -10579,6587341626 -15652,7669682372 -12203,5040846931
208072,867237897 -10721,3838462337 -15098,8807544001 -12196,959411762
208072,867237897 -11001,502740612 -14828,911490784 -12205,8689705432
208072,867237897 -11210,6782369811 -15243,3729485511 -12240,0609903293
208072,867237897 -11393,7073299708 -15619,8187907293 -12238,1292305923
208072,867237897 -11364,7764882766 -14329,5670024014 -12229,3412240016
208072,867237897 -11338,8143469986 -15127,8431320231 -12215,0704473788
208072,867237897 -11328,2823905731 -14508,2455942911 -12210,8448870194
208072,867237897 -11281,8529561854 -14729,9660546279 -12208,6141218888
208072,867237897 -11284,7416224535 -15109,7941187226 -12230,0289326905
208072,867237897 -11249,2975767554 -14996,7291840083 -12161,7285344664
208072,867237897 -11220,8644932249 -15728,9860004171 -12182,8404434925
208072,867237897 -11220,8644932249 -15268,2431172086 -12138,7693404789
208072,867237897 -11227,2205970782 -14985,5814533269 -12128,4398882478
208072,867237897 -11193,425407866 -14514,9596828722 -12053,1348674345
208072,867237897 -11242,6001429952 -15060,5430306166 -12077,8338411295
208072,867237897 -11372,7649922042 -14247,0260367255 -12042,2686828501
208072,867237897 -11377,6374809868 -14331,2500349199 -12140,1991734902
208072,867237897 -11346,293532269 -14475,6929356194 -12110,2106515094
208072,867237897 -11377,4190569771 -15353,2418681129 -12146,2748752327
208072,867237897 -11425,1861956797 -15252,0999614793 -12100,985406983
208072,867237897 -11506,6418439097 -14333,1264126315 -12173,5602215924
208072,867237897 -11582,1339746732 -15299,0258922183 -12080,0024594904
208072,867237897 -11582,1339746732 -14923,409008647 -12039,1811899894
208072,867237897 -11443,9966192574 -14998,242599343 -11987,1027685213
208072,867237897 -11412,4904176659 -14509,9156266395 -12012,4286738001
208072,867237897 -11305,324223251 -14336,135041454 -12029,638904528
208072,867237897 -11378,1741763835 -14815,2749425034 -12028,9007101917
208072,867237897 -11227,7811575515 -15074,0282829757 -11984,866115826
208072,867237897 -11180,7083978011 -14442,3466016932 -11943,0944884833
208072,867237897 -11166,4699393354 -14869,9301483005 -11880,570692554
208072,867237897 -11284,0587126215 -14399,1676094399 -11864,3052153255
208072,867237897 -11277,520189712 -14689,6184118614 -11853,5024298374
208072,867237897 -11340,1729541454 -14592,6927354726 -11834,208488313
208072,867237897 -11235,3768736951 -14443,4556930045 -11821,0921052578
208072,867237897 -11253,5218454269 -14032,2305267655 -11930,4198145224
208072,867237897 -11241,1731727124 -14677,7758185414 -11907,4432917716
208072,867237897 -11103,8454661578 -14330,5728392452 -11799,9547961713
208072,867237897 -11208,1219404487 -13958,4835968495 -11867,9952171305
208072,867237897 -11313,7857963983 -15164,3709867835 -11841,8535474864
208072,867237897 -11122,8806469277 -14931,6356647806 -11787,2808308531
208072,867237897 -11122,8806469277 -14448,4794403456 -11808,9476624155
208072,867237897 -11158,7520547495 -14324,775937294 -11784,9358200255
208072,867237897 -11295,7807838955 -13664,7022534346 -11878,4046012239
208072,867237897 -11172,6760141079 -14421,9029251713 -11889,6177537286
208072,867237897 -10858,1513740446 -14590,1837612229 -11872,153959212
208072,867237897 -10928,8462001264 -14777,7790769144 -11953,0647196179
208072,867237897 -11147,2042805643 -14917,8598761021 -11967,027602091
208072,867237897 -11114,7194374436 -14934,7835459133 -11931,3199234196
208072,867237897 -11088,9633124722 -14283,1672050057 -11843,0780158277
208072,867237897 -10964,8446650808 -15069,6285241044 -11904,906733108
208072,867237897 -10910,4947922144 -14793,4509536726 -11923,4541228042
208072,867237897 -11081,3052276755 -14549,75875899 -11940,9940678229
208072,867237897 -10990,9679256869 -15955,5782676235 -11919,4534581455
208072,867237897 -11256,4368527619 -15884,7775649764 -11864,8035691022
208072,867237897 -11370,1684263582 -14328,1510800251 -11857,9248399707
208072,867237897 -11167,0376244768 -14544,4829173542 -11811,6965264462
208072,867237897 -11014,3405284826 -15056,6623736416 -11737,43428251
208072,867237897 -11096,6846430401 -14171,3487069173 -11775,2875861416
208072,867237897 -10972,1382680821 -14246,4888788375 -11792,2392666033
208072,867237897 -10915,3735583221 -14857,6893112507 -11715,1190765155
208072,867237897 -11135,351137539 -14263,0382587355 -11802,2503139604
208072,867237897 -11159,8757695444 -14474,6607215841 -11755,8478828308
208072,867237897 -11280,7040120562 -13927,6345128863 -11763,8678332594
208072,867237897 -11267,795640973 -14065,5502958511 -11734,7198879215
208072,867237897 -11053,0544988208 -14001,4584703318 -11739,7364928987
208072,867237897 -11048,2951348416 -13973,6022606563 -11826,9870291466
208072,867237897 -11096,582661966 -14578,0474958439 -11762,3239254129
208072,867237897 -11315,0576206534 -15317,9039832801 -11745,4173821818
208072,867237897 -11206,5474105334 -14057,0393259595 -11776,9324255325
208072,867237897 -11302,1438794072 -14514,7470166504 -11658,6463045079
208072,867237897 -11454,6508676911 -14134,848091362 -11694,2367587592
208072,867237897 -11490,0369405276 -14335,4396241842 -11824,2484703379
208072,867237897 -11340,1506919037 -14141,4077102836 -11798,5828860052
208072,867237897 -11324,5634924236 -14458,0409070094 -11814,4789574063
208072,867237897 -11329,5310759319 -14596,4908584223 -11779,0776438968
208072,867237897 -11243,960619218 -14632,7725100554 -11789,0390593869
208072,867237897 -11380,6470942636 -14752,4037930157 -11856,827267906
208072,867237897 -11290,2767544701 -15133,33900992 -11865,7443616097
208072,867237897 -11107,5799236363 -14408,2716497564 -11870,654069223
208072,867237897 -11010,4144692686 -14267,100988771 -11888,443463988
208072,867237897 -11008,2082827436 -14530,6240057308 -11873,9042121184
208072,867237897 -11082,2141612463 -14385,4218006679 -12013,86188027
208072,867237897 -11067,2749266811 -15124,2741158173 -11998,0407427443
208072,867237897 -11267,5185633942 -14560,591693073 -12037,3235665167
208072,867237897 -11454,3673015807 -15028,3990184772 -12069,2344242523
208072,867237897 -11455,8398672853 -14415,2803815754 -12103,4465547318
208072,867237897 -11431,3039522738 -14242,7314424501 -12019,7400725183
208072,867237897 -11342,5862240426 -14833,207442602 -12021,2151372303
208072,867237897 -11322,1503941657 -14616,2141556303 -11938,7973904739
208072,867237897 -11472,2443457883 -15147,5534288824 -11960,9921507217
208072,867237897 -11386,6860232896 -14175,9670020445 -11920,4742711575
208072,867237897 -11346,2265918574 -14592,5038380878 -11872,3422385357
208072,867237897 -11287,227310086 -15254,1602443825 -11841,6509946153
208072,867237897 -11272,2995006559 -14417,6632662798 -11830,2178741964
208072,867237897 -11169,8545989382 -14442,3426395376 -11830,3993941288
208072,867237897 -11186,3104503793 -13998,8389404588 -11827,4028132801
208072,867237897 -11086,2752225129 -14532,351946301 -11790,4918042964
208072,867237897 -11224,3351370453 -14844,8714207903 -11807,5910589766
208072,867237897 -11134,5318764778 -14598,6896957704 -11866,572383293
208072,867237897 -11192,0831115136 -15189,6796011959 -11922,5062922981
208072,867237897 -11105,4068785511 -15394,5934781385 -11921,310302922
208072,867237897 -11122,5688065948 -14487,4984177352 -11939,7587978766
208072,867237897 -11100,9599558219 -14570,1257147512 -12018,2283478665
208072,867237897 -11066,0826038259 -14799,1261404016 -12065,9879984064
208072,867237897 -10801,6344760242 -14249,6250654072 -12079,3803228829
208072,867237897 -10733,7632651788 -14824,0882300402 -12169,9068853178
208072,867237897 -10746,3506585892 -14855,7140278093 -12220,7190854289
208072,867237897 -11133,3335449192 -15131,0135583745 -12219,9457492197
208072,867237897 -11093,2055308951 -14922,7854157905 -12241,0012471947
208072,867237897 -11248,6806515717 -14765,1240098419 -12273,3811207921
208072,867237897 -11301,3473355902 -15643,4574029542 -12255,3413356875
208072,867237897 -11402,9557786603 -15407,150434196 -12249,6491887663
208072,867237897 -11404,0073308645 -14912,3845023531 -12238,3533317182
208072,867237897 -11508,9006912094 -15226,6475701113 -12254,7168600371
208072,867237897 -11366,6895144602 -15069,6632752073 -12232,3014948857
208072,867237897 -11558,3202452555 -14899,0960835072 -12297,7278622594
208072,867237897 -11656,6963147394 -14636,2436974462 -12267,1278918888
208072,867237897 -11522,0963424743 -15217,5754058555 -12295,0287704735
208072,867237897 -11447,0519321348 -15518,9865923237 -12294,6634259589
208072,867237897 -11493,7213704589 -15125,2294724445 -12206,9890393601
208072,867237897 -11328,9603100228 -15236,9374584622 -12241,9173130501
208072,867237897 -11393,7648873182 -15299,2510785396 -12267,3012009213
208072,867237897 -11437,9336028719 -14851,360239624 -12257,3657340131
208072,867237897 -11545,9956903773 -15154,2165496909 -12216,9103350285
208072,867237897 -11545,9956903773 -15130,1537221801 -12228,2978409572
208072,867237897 -11401,9973643168 -15320,5047040045 -12225,8167638557
208072,867237897 -11421,4273472317 -15188,400891196 -12179,4193911402
208072,867237897 -11584,0814627074 -16201,4759983548 -12186,3013842737
208072,867237897 -11717,4529677174 -16117,6847340816 -12258,9973705316
208072,867237897 -11555,2683320964 -15560,8973641523 -12222,4678891557
208072,867237897 -11409,8688680029 -15461,3679238927 -12225,6922286246
208072,867237897 -11378,392091489 -15370,6774071901 -12123,3422621108
208072,867237897 -11299,2192515672 -16331,9866175811 -12135,5812888767
208072,867237897 -11171,2223080554 -16423,4591415086 -12027,580350688
208072,867237897 -11287,9005055897 -15412,8019045392 -12096,5588766704
208072,867237897 -11254,226836761 -15528,12432497 -12105,0237234024
208072,867237897 -11285,0306498392 -15655,6990239115 -12117,242082354
208072,867237897 -11366,6818020672 -16436,6080947064 -12101,9628397642
208072,867237897 -11151,9714962159 -16542,2914491834 -12101,076552134
208072,867237897 -11527,4506211434 -17070,2599447948 -12152,0701565905
208072,867237897 -11487,3877383506 -16310,8280058522 -12171,6394678811
208072,867237897 -11345,3266645186 -15771,4591443052 -12104,2891460092
208072,867237897 -11198,9667934943 -16150,7251859067 -12039,7561760365
208072,867237897 -11304,1365094921 -16683,1652560132 -12054,1934500645
208072,867237897 -11304,1365094921 -16603,8071271115 -12115,2617929273
208072,867237897 -11374,1014589922 -15679,1169842664 -12144,0889754484
208072,867237897 -11472,147385319 -16063,1402824549 -12087,2038877457
208072,867237897 -11496,4087244976 -15358,4661821088 -12114,215521699
208072,867237897 -11411,0540570825 -15905,1897762513 -12092,875973244
208072,867237897 -11333,389726524 -16727,2509694875 -12094,9548754487
208072,867237897 -11362,6247687014 -15562,4126580796 -12094,9407920763
208072,867237897 -11161,750397582 -15826,2451412145 -12059,6035362076
208072,867237897 -11226,8457731963 -14745,9453183284 -12018,1068220483
208072,867237897 -11494,8259143143 -15613,0141901608 -12070,9742934634
208072,867237897 -11375,2253461206 -16037,6400621342 -12079,7663790741
208072,867237897 -11343,2749768145 -15753,9470497823 -12064,859881316
208072,867237897 -11185,4051689165 -15231,4267372026 -11969,3001917086
208072,867237897 -11204,855210097 -15772,8539228094 -12016,4892758533
208072,867237897 -11203,831017289 -14367,19942624 -12043,7491186908
208072,867237897 -11288,2072329325 -15058,9886124006 -12052,5500833663
208072,867237897 -11254,7882408509 -15538,2379953431 -11983,9078573652
208072,867237897 -11277,7224359813 -14831,3509278602 -11979,074589227
208072,867237897 -11285,9440072703 -14962,1040436669 -12054,6582147317
208072,867237897 -11206,8220347872 -14633,0255027137 -12095,6418141808
208072,867237897 -11221,0677871093 -15440,8302563461 -12077,3690814652
208072,867237897 -11242,7741662299 -15416,3869398492 -11948,2613409806
208072,867237897 -11391,8926370135 -14852,3955216754 -11959,9525954269
208072,867237897 -11343,3464440617 -14551,5447393933 -11933,2513235983
208072,867237897 -11303,8754384226 -14624,9627985177 -11978,5050067209
208072,867237897 -11302,9755308859 -14919,6068333423 -12003,4265939158
208072,867237897 -11334,5925380804 -14564,986580322 -11958,2352509058
208072,867237897 -11330,2979855551 -15363,6027509656 -11933,9905954483
208072,867237897 -11300,9573405926 -14315,1818048047 -11965,2339919858
208072,867237897 -11299,499616263 -13884,8150781474 -12001,6777421904
208072,867237897 -11408,1596343551 -14827,7613165405 -12082,7217385595
208072,867237897 -11350,132266132 -15359,6909147047 -12022,4349054118
208072,867237897 -11201,0137953484 -14129,2300204135 -12059,1402694805
208072,867237897 -11223,1594435343 -14990,0095399332 -12042,4908349366
208072,867237897 -11170,7745838126 -14532,0101491542 -12088,5164140535
208072,867237897 -11134,3581051573 -15091,1603678349 -12062,4243108301
208072,867237897 -11068,8546025287 -14529,8044721021 -12123,3556915675
208072,867237897 -11129,5887754197 -15042,2953697988 -12113,5236849788
208072,867237897 -11024,8262182408 -14657,103820237 -12133,7643715243
208072,867237897 -10823,9160103952 -14967,7072576649 -12172,0553375993
208072,867237897 -11054,9993304128 -15721,8304069544 -12194,387333052
208072,867237897 -11284,3388691013 -15182,5284717965 -12162,5216070776
208072,867237897 -11370,5295414878 -14661,1924986563 -12156,5709946098
208072,867237897 -11349,6480386898 -15239,3097444381 -12072,3414537633
208072,867237897 -11310,9778581183 -14596,7773205207 -12033,6454593848
208072,867237897 -10975,0866560616 -14850,7335399521 -11937,6466156428
208072,867237897 -11304,9548167222 -15309,6410162945 -11977,4047690134
208072,867237897 -11201,116324864 -14898,9531267375 -11938,2093834242
208072,867237897 -11143,3334511136 -14667,1947803147 -11999,2478423429
208072,867237897 -11205,8579271528 -14978,6071204062 -12003,1222485872
208072,867237897 -11192,2030130926 -14918,7609893832 -12010,6122247563
208072,867237897 -11296,8822346435 -15032,7904722751 -11967,938930597
208072,867237897 -10550,5018266021 -14770,5171384497 -11843,1099524577
208072,867237897 -10686,6574360387 -14309,7681786425 -11899,5753252029
208072,867237897 -10240,1789649945 -15259,541108405 -11831,0206711591
208072,867237897 -10571,5531253332 -15129,9132887921 -11903,8213576455
208072,867237897 -10540,0969679113 -14439,7794424014 -11886,9053800901
208072,867237897 -10465,1636952984 -14564,147282076 -11871,8926452554
208072,867237897 -10673,5492869428 -15063,8140162461 -11894,0146836839
208072,867237897 -10740,2834709716 -14901,4844075035 -11826,0010288752
208072,867237897 -10751,4662463827 -14744,2166004619 -11867,5100428871
208072,867237897 -10880,5927582914 -14690,6591921372 -11868,2046666856
208072,867237897 -10880,5927582914 -14500,3873631631 -11861,402731431
208072,867237897 -10795,1760232613 -14705,9993990702 -11855,3311526626
208072,867237897 -10971,3284845877 -14532,97913531 -11843,7645102352
208072,867237897 -11009,8125206632 -14452,2247082805 -11800,9262061486
208072,867237897 -11199,0610515366 -14376,6318443533 -11800,7845013224
208072,867237897 -11238,0735198154 -14813,6791754449 -11871,2867969659
208072,867237897 -11134,9658770981 -14221,9796330859 -11853,4015159443
208072,867237897 -11071,7826419323 -14740,1341931262 -11903,5708911598
208072,867237897 -11104,8331720827 -14490,748006425 -11911,0405563819
208072,867237897 -11104,8331720827 -14818,1578861534 -11850,0094819011
208072,867237897 -11246,1989197074 -14643,6791396887 -11905,153187853
208072,867237897 -11269,1257768344 -14100,2831505075 -11916,3879019585
208072,867237897 -11364,8560390935 -14518,1709188916 -11871,6761701536
208072,867237897 -11498,0329796583 -14273,1691977191 -11901,651717868
208072,867237897 -11498,0329796583 -14848,5079489164 -11931,8810084636
208072,867237897 -11408,5027241326 -15417,4933996023 -11830,6770900515
208072,867237897 -11449,8021832526 -14402,802099066 -11879,6118085029
208072,867237897 -11271,4389189781 -15238,1340690723 -11803,9633782469
208072,867237897 -11370,8783439707 -15098,960933212 -11913,0595841414
208072,867237897 -11370,3095283591 -15149,8676982568 -11934,9088296569
208072,867237897 -11345,9946477174 -14231,1311016825 -11948,7562281727
208072,867237897 -11189,1975659126 -15093,5976588486 -11981,0737092188
208072,867237897 -11311,3394137037 -14967,0747987953 -12038,3080493614
208072,867237897 -11298,6264800073 -15032,2074937522 -12022,5608948593
208072,867237897 -11197,9610313675 -15102,7037086632 -11973,4105910087
208072,867237897 -10704,4068405819 -14762,561864547 -11910,5595474626
208072,867237897 -10802,1081244708 -15252,6112456422 -11975,546373248
208072,867237897 -10644,6946617745 -14997,4922120182 -11883,9272758856
208072,867237897 -10644,6946617745 -14162,4872259765 -11858,2684806469
208072,867237897 -10504,9794673078 -15192,3819298022 -11795,2215300047
208072,867237897 -10459,2644824064 -14530,526936396 -11813,8997346122
208072,867237897 -10740,2910343538 -14493,4357100944 -11824,0732770802
208072,867237897 -10740,2910343538 -14497,2668117769 -11825,1489114813
208072,867237897 -10741,6088378892 -14591,6853218724 -11988,765690956
208072,867237897 -11170,5933801078 -14394,3614923875 -12087,2811452595
208072,867237897 -11206,389176779 -14828,7183216933 -12109,5894883811
208072,867237897 -11206,389176779 -14798,8093466142 -12162,4328344599
208072,867237897 -11131,2209125936 -15145,5163784518 -12226,6023938269
208072,867237897 -11130,0896517619 -15746,695976788 -12195,3499001817
208072,867237897 -11131,2235403149 -15231,2659570664 -12153,5423854662
208072,867237897 -10954,0220768568 -15220,3769741729 -12127,8205364538
208072,867237897 -10802,0211983479 -15464,160887903 -12115,1809811537
208072,867237897 -10766,3705882039 -16144,2232121882 -12132,5858034955
208072,867237897 -10749,3070408654 -15076,3833834782 -12082,1608033357
208072,867237897 -10691,5515137662 -14997,8636643869 -11989,8261179651
208072,867237897 -10506,8634026662 -15150,8474977962 -11912,3192755111
208072,867237897 -10600,3289076708 -15230,3642681909 -11945,4194488828
208072,867237897 -10617,2357777611 -14668,7568018515 -11927,1998332879
208072,867237897 -10423,0057137258 -14298,990783314 -11822,4765031564
208072,867237897 -10624,7655395598 -14435,5770623607 -11889,0010284292
208072,867237897 -10628,6982852912 -14797,6853769144 -11806,6133263766
208072,867237897 -10633,694844763 -14751,0796410756 -11892,2168342755
208072,867237897 -10642,0946846771 -14675,103098426 -11859,0364567055
208072,867237897 -10659,8910184904 -14167,3210728639 -11863,5017826226
208072,867237897 -10764,1349272307 -14245,471515299 -11937,6608725789
208072,867237897 -10585,3888196667 -15253,3540984938 -11854,016957342
561,310708497114
