-18610222,7834486 -18610222,7834486 -20182243,886161 -19031779,92406
-18505247,1630368 -18505247,1630368 -20126785,9159964 -18926371,0521424
-18430040,0686029 -18430040,0686029 -20007622,5892063 -18834127,0443585
-18317725,526604 -18317725,526604 -19919009,3221616 -18724139,7467496
-18251311,5132491 -18251311,5132491 -19768581,4543584 -18611056,4424213
-18127532,6998292 -18127532,6998292 -19710839,9919661 -18507496,5547317
-18008389,9249195 -18008389,9249195 -19527449,3386372 -18409718,8220809
-17873492,1202431 -17873492,1202431 -19463094,2856488 -18313626,5753725
-17789844,4571426 -17789844,4571426 -19340924,9654287 -18226335,2668064
-17676795,1492294 -17676795,1492294 -19239159,6827757 -18111248,5401938
-17574495,7734567 -17574495,7734567 -19167811,0471397 -18021400,4738551
-17465639,255691 -17465639,255691 -19080808,4520168 -17917537,6967696
-17385163,7259381 -17385163,7259381 -18982916,0806764 -17824673,9358026
-17209267,6245254 -17209267,6245254 -18815786,2598161 -17727547,8465254
-17129960,8822121 -17129960,8822121 -18718047,8152335 -17626781,6913507
-16998728,5115904 -16998728,5115904 -18515819,0722736 -17521176,8141999
-16928260,4279123 -16928260,4279123 -18546101,8765857 -17439644,1949964
-16828317,8628606 -16828317,8628606 -18401175,93567 -17347121,7980799
-16748253,0201312 -16748253,0201312 -18262917,2234889 -17258225,7079213
-16589898,0409475 -16589898,0409475 -18220062,7156069 -17155539,1762951
-16524279,3666906 -16524279,3666906 -18042972,8814616 -17064822,2282629
-16449562,7069005 -16449562,7069005 -17957633,1151358 -16975252,036487
-16388767,0829471 -16388767,0829471 -17955614,7186296 -16883986,5379309
-16304862,8764909 -16304862,8764909 -17800493,4176491 -16793235,983054
-16257340,4261505 -16257340,4261505 -17694481,8538962 -16700383,5450258
-16212114,1691917 -16212114,1691917 -17598429,3945685 -16619630,4229647
-16152736,7891496 -16152736,7891496 -17526033,7732672 -16536621,1754338
-16065059,9811399 -16065059,9811399 -17413053,1640139 -16454422,7654684
-15986131,7626701 -15986131,7626701 -17289208,9875187 -16350654,9913855
-15887646,0481068 -15887646,0481068 -17226788,3786134 -16265951,005312
-15814043,4459793 -15814043,4459793 -17113319,1362189 -16189207,3093635
-15636909,5952288 -15636909,5952288 -17087097,71663 -16090880,082293
-15524709,2575529 -15524709,2575529 -16963061,3380794 -16012383,5404576
-15382961,6938535 -15382961,6938535 -16822213,571169 -15926794,843533
-15298218,9687513 -15298218,9687513 -16743791,8483713 -15835156,1041344
-15169966,3273031 -15169966,3273031 -16603542,0359201 -15749321,4340009
-15071952,8437308 -15071952,8437308 -16504861,2180567 -15675430,0691111
-15016452,0000536 -15016452,0000536 -16507308,2553322 -15609936,0990426
-14925501,7356006 -14925501,7356006 -16395516,1389292 -15532849,3806569
-14871819,0194437 -14871819,0194437 -16338414,2779398 -15454307,9675922
-14833561,8997383 -14833561,8997383 -16284914,4707118 -15385342,603731
-14748905,4820213 -14748905,4820213 -16219661,0362241 -15301550,5864737
-14659542,5450228 -14659542,5450228 -16104292,0362857 -15210147,4242879
-14563039,7716641 -14563039,7716641 -16041814,7209207 -15118268,0834362
-14502859,6565259 -14502859,6565259 -15968437,3438433 -15038791,1607303
-14465143,4422883 -14465143,4422883 -15937884,8634206 -14976629,1818597
-14360250,6110975 -14360250,6110975 -15870253,2073364 -14891325,8095392
-14277767,0419517 -14277767,0419517 -15815733,7714563 -14812966,1564728
-14237182,6156071 -14237182,6156071 -15692971,47427 -14737937,5833514
-14151580,71842 -14151580,71842 -15577783,4136521 -14654983,6247331
-14061811,9094125 -14061811,9094125 -15517018,7071618 -14585372,059426
-14027692,8674686 -14027692,8674686 -15525635,2993692 -14512451,4849069
-13913243,4930929 -13913243,4930929 -15400341,0398211 -14427057,982213
-13886611,8796529 -13886611,8796529 -15283022,2032773 -14362146,4910072
-13825086,7302046 -13825086,7302046 -15245779,8875933 -14298812,9755076
-13732136,2424915 -13732136,2424915 -15187620,4993444 -14234282,1658121
-13656460,9435354 -13656460,9435354 -15136371,1550167 -14139803,131693
-13565026,6339303 -13565026,6339303 -14982933,378821 -14082473,0937112
-13483928,3497378 -13483928,3497378 -14956555,5030583 -14005609,4014123
-13390879,2308506 -13390879,2308506 -14868804,813589 -13930184,7725087
-13313527,4804074 -13313527,4804074 -14834803,7115712 -13858220,1746031
-13243543,1726382 -13243543,1726382 -14775478,8515297 -13796640,4456583
-13195320,6691607 -13195320,6691607 -14673947,2108796 -13721771,0067498
-13124183,3635703 -13124183,3635703 -14654941,8496838 -13655093,3944721
-13088148,9574784 -13088148,9574784 -14548083,9139345 -13591380,6092729
-13018878,7317911 -13018878,7317911 -14542901,1174889 -13513369,1568179
-12994181,7233131 -12994181,7233131 -14383546,019376 -13453589,6071535
-12891654,7213886 -12891654,7213886 -14306256,7935757 -13394091,7988887
-12831133,7901715 -12831133,7901715 -14297609,5725276 -13325974,2247873
-12757828,9724732 -12757828,9724732 -14277616,6089446 -13267632,2785751
-12705485,9182495 -12705485,9182495 -14206834,3878347 -13201172,821596
-12664442,3112641 -12664442,3112641 -14154964,8808341 -13152488,1830943
-12585015,6373477 -12585015,6373477 -14063237,2618562 -13094110,0530048
-12541758,9615759 -12541758,9615759 -13965680,8364688 -13042461,6774039
-12474190,2073116 -12474190,2073116 -13932400,0292033 -12989026,0634211
-12411090,5068485 -12411090,5068485 -13903665,519838 -12934389,7988383
-12320301,519421 -12320301,519421 -13836494,7920637 -12854900,6989593
-12263912,2871186 -12263912,2871186 -13733213,496213 -12794994,3364177
-12229204,9962235 -12229204,9962235 -13721724,0722942 -12730939,9571902
-12149911,0430875 -12149911,0430875 -13665444,3937485 -12661700,2825385
-12131437,9503819 -12131437,9503819 -13629768,6679547 -12608462,0130311
-12092122,7587122 -12092122,7587122 -13507210,2953713 -12558085,3016228
-12051446,7939341 -12051446,7939341 -13532117,259287 -12499305,5931652
-11976447,7360596 -11976447,7360596 -13437022,0034127 -12441741,2925632
-11922146,5031511 -11922146,5031511 -13439395,576828 -12378477,1856709
-11836388,9527167 -11836388,9527167 -13276104,9742751 -12324267,8127751
-11792550,7111153 -11792550,7111153 -13184065,1096371 -12280724,471459
-11748708,3988394 -11748708,3988394 -13184944,2749536 -12226487,4256293
-11664497,4704121 -11664497,4704121 -13101336,7595604 -12168649,5059634
-11606717,5273137 -11606717,5273137 -13040259,6479958 -12112598,198626
-11571053,059976 -11571053,059976 -13021421,7440229 -12058837,2579849
-11525244,1956012 -11525244,1956012 -12939769,1174061 -11997948,6237822
-11504587,5316421 -11504587,5316421 -12860969,8415987 -11944230,3040678
-11465332,2304207 -11465332,2304207 -12817716,3700436 -11899184,263122
-11415846,3205828 -11415846,3205828 -12736269,0357514 -11846444,6047451
-11375627,0661859 -11375627,0661859 -12669146,2977794 -11790246,9671867
-11301943,2518797 -11301943,2518797 -12613241,8894888 -11747077,3694365
-11214854,70983 -11214854,70983 -12550562,4503297 -11693260,011248
-11177823,025847 -11177823,025847 -12539855,794717 -11647137,8167359
-11139409,2510073 -11139409,2510073 -12444212,2860443 -11599036,5536067
-11098427,4390289 -11098427,4390289 -12394263,8333787 -11556786,9070474
-11037583,7129714 -11037583,7129714 -12305314,0861241 -11493901,0278144
-10971406,0034884 -10971406,0034884 -12214302,9057428 -11438527,0989192
-10932653,039542 -10932653,039542 -12190418,4571532 -11387543,3063796
-10899930,0417331 -10899930,0417331 -12084053,2459844 -11333949,3338928
-10828404,146501 -10828404,146501 -12083002,4611743 -11292159,2141265
-10801746,327069 -10801746,327069 -12020534,114216 -11235156,424649
-10749413,83613 -10749413,83613 -11891906,7646524 -11189585,7671407
-10701673,1669461 -10701673,1669461 -11891861,7403698 -11147148,3803698
-10631131,9257634 -10631131,9257634 -11864545,9583067 -11092035,8616821
-10611206,5257058 -10611206,5257058 -11811546,8551583 -11047276,5100754
-10585182,1763435 -10585182,1763435 -11735244,4984797 -11009961,4807765
-10516150,164507 -10516150,164507 -11713394,1943519 -10964563,3666497
-10456828,3287208 -10456828,3287208 -11610459,2297469 -10930542,3790531
-10409658,8644651 -10409658,8644651 -11637021,6546069 -10883449,0067218
-10379897,2742146 -10379897,2742146 -11586366,4020945 -10846165,9867041
-10328865,8537493 -10328865,8537493 -11526496,9309062 -10806110,1578708
-10303367,9496956 -10303367,9496956 -11550973,6245532 -10767556,7034473
-10276363,3604312 -10276363,3604312 -11458126,8137363 -10722388,0114352
-10223669,4041904 -10223669,4041904 -11403227,7092829 -10668283,3317326
-10203491,8279729 -10203491,8279729 -11394340,3573252 -10613713,2491009
-10180693,7448557 -10180693,7448557 -11390506,476732 -10578990,8893701
-10133895,6156459 -10133895,6156459 -11314250,1740988 -10549757,8711729
-10086445,2587621 -10086445,2587621 -11297104,8494921 -10502556,2398227
-10055134,8732944 -10055134,8732944 -11204756,4275416 -10459662,1895812
-10016403,7907966 -10016403,7907966 -11146639,9806365 -10424447,5338459
-9992519,08584955 -9992519,08584955 -11143133,8292268 -10379987,0689146
-9967000,31922797 -9967000,31922797 -11067297,4503315 -10338665,4215952
-9856904,56930023 -9856904,56930023 -11050607,224204 -10287446,0641183
-9803019,9054112 -9803019,9054112 -10984796,5211947 -10242193,238991
-9765443,89148674 -9765443,89148674 -10949893,0935828 -10202686,2026257
-9703717,7175204 -9703717,7175204 -10885412,2204796 -10161292,7777518
-9685447,21114012 -9685447,21114012 -10791050,5982343 -10128310,7745296
-9652775,41534941 -9652775,41534941 -10784472,4459578 -10090409,9159934
-9645768,48477091 -9645768,48477091 -10729444,9441973 -10053443,6212715
-9638287,5189131 -9638287,5189131 -10716044,1002029 -10015235,4158551
-9614052,81851455 -9614052,81851455 -10693636,6284576 -9964827,43892533
-9577325,97992477 -9577325,97992477 -10599614,9328406 -9930603,27909406
-9536027,20030805 -9536027,20030805 -10524597,8481714 -9885880,54817147
-9486921,59458763 -9486921,59458763 -10526309,1821888 -9844655,59802645
-9455156,84583552 -9455156,84583552 -10465829,371526 -9804148,42381423
-9425772,3197055 -9425772,3197055 -10486993,1915438 -9762320,66776006
-9377935,2626186 -9377935,2626186 -10327159,4919298 -9726946,38932789
-9308524,3353927 -9308524,3353927 -10321146,0298851 -9683772,6718672
-9284729,6619553 -9284729,6619553 -10261989,0170024 -9647628,75824477
-9233576,18765545 -9233576,18765545 -10249075,9445612 -9613593,10608513
-9213851,45645345 -9213851,45645345 -10154473,0955548 -9591563,27076291
-9170266,33361683 -9170266,33361683 -10151410,7641475 -9554880,90329686
-9132402,77763895 -9132402,77763895 -10080255,6295098 -9524969,65246898
-9123553,06115645 -9123553,06115645 -10012207,8860713 -9486814,58340992
-9099224,4883031 -9099224,4883031 -9970425,80040705 -9448165,10900418
-9087266,14227943 -9087266,14227943 -9989115,77257301 -9415270,71639847
-9058471,36942973 -9058471,36942973 -9890825,04464899 -9384814,26219445
-9015484,48956646 -9015484,48956646 -9897328,07309548 -9343793,97247463
-8984040,29279067 -8984040,29279067 -9863760,40896155 -9310932,16653552
-8968993,8772438 -8968993,8772438 -9838759,83276093 -9281654,62823573
-8955908,11890938 -8955908,11890938 -9801074,10245687 -9249360,4803981
-8930246,21400672 -8930246,21400672 -9792331,81817144 -9225572,65448334
-8907508,65943405 -8907508,65943405 -9754179,61314075 -9194104,69161519
-8871852,81598402 -8871852,81598402 -9707477,71586766 -9158740,20446958
-8863899,88401414 -8863899,88401414 -9700506,34510966 -9137303,88507504
-8844474,75490048 -8844474,75490048 -9641793,08231705 -9099566,77323423
-8816707,5952078 -8816707,5952078 -9660881,96163133 -9076662,05400926
-8804816,42588715 -8804816,42588715 -9579682,34216202 -9044476,01030467
-8791281,51852061 -8791281,51852061 -9529469,33556726 -9017432,87327514
-8758054,79016482 -8758054,79016482 -9451017,96430982 -8983169,16931705
-8750788,08752176 -8750788,08752176 -9494893,23614912 -8957426,78835179
-8696191,98336327 -8696191,98336327 -9452383,81796585 -8927005,8800188
-8622779,25489929 -8622779,25489929 -9464868,52588895 -8899606,67540209
-8601336,7494188 -8601336,7494188 -9449536,98614051 -8870873,9076259
-8577507,12346801 -8577507,12346801 -9412470,71732483 -8846089,31721989
-8553344,2921433 -8553344,2921433 -9399788,05227494 -8820307,26000389
-8535783,06229861 -8535783,06229861 -9384484,23435925 -8793693,62051542
-8511541,91138569 -8511541,91138569 -9283071,49581712 -8763640,75264248
-8482598,60512608 -8482598,60512608 -9282903,48207304 -8731271,54863607
-8460341,77012283 -8460341,77012283 -9241195,4687128 -8691495,78255158
-8446249,60598081 -8446249,60598081 -9182129,40786936 -8663652,70283728
-8429181,06710951 -8429181,06710951 -9157555,98837777 -8636150,93795906
-8388087,4750955 -8388087,4750955 -9088625,42783932 -8610878,24504424
-8375777,16658983 -8375777,16658983 -9130850,94013359 -8587257,22293754
-8352230,18946496 -8352230,18946496 -9050865,02319769 -8563255,07234741
-8280423,64133582 -8280423,64133582 -9017026,64502641 -8525426,52181113
-8273346,00947317 -8273346,00947317 -9044990,504022 -8503327,68005973
-8262426,97239957 -8262426,97239957 -8999822,54879995 -8477383,67846109
-8197439,02200317 -8197439,02200317 -8970736,70820822 -8437691,75241954
-8182417,91470584 -8182417,91470584 -8948887,96937986 -8417154,42747472
-8156420,53023182 -8156420,53023182 -8920787,42301974 -8393223,07848749
-8072686,36315847 -8072686,36315847 -8884794,68890576 -8347501,3225974
-8045498,02590056 -8045498,02590056 -8874165,68996678 -8315115,05710137
-8004753,14227436 -8004753,14227436 -8903029,78583585 -8287767,5862003
-7991427,07839522 -7991427,07839522 -8870494,68675187 -8261777,13923204
-7963308,48115131 -7963308,48115131 -8751221,46235554 -8237898,40964433
-7904096,8114506 -7904096,8114506 -8804200,07843769 -8204808,38293723
-7857226,53222883 -7857226,53222883 -8759393,37424601 -8175171,47827945
-7846000,36010813 -7846000,36010813 -8761582,20345121 -8149950,75069651
-7836748,07178156 -7836748,07178156 -8692492,5335229 -8130632,36380891
-7814787,71754374 -7814787,71754374 -8687194,19167021 -8109266,62636844
-7766745,52679415 -7766745,52679415 -8652516,91147096 -8077492,60809966
-7750663,09428871 -7750663,09428871 -8650434,73687027 -8047497,07687736
-7700885,42712101 -7700885,42712101 -8631314,16263726 -8011967,6934125
-7653449,71363072 -7653449,71363072 -8555591,09660192 -7976449,60822643
-7616288,39692378 -7616288,39692378 -8475624,23042674 -7942657,98496991
-7584426,18572836 -7584426,18572836 -8471315,18978891 -7915721,67756845
-7545817,85181483 -7545817,85181483 -8402381,0899457 -7893306,93418665
-7491089,66211734 -7491089,66211734 -8383645,97490171 -7869625,09776774
-7474609,09566537 -7474609,09566537 -8389446,38219828 -7844265,76731245
-7444942,26212438 -7444942,26212438 -8319959,49249375 -7820452,7762227
-7428553,57942363 -7428553,57942363 -8277988,79426464 -7800059,67491664
-7408944,36170744 -7408944,36170744 -8274004,97860272 -7779937,2867418
-7403520,22539274 -7403520,22539274 -8236605,9177208 -7754714,53670495
-7382306,63691697 -7382306,63691697 -8218586,74593901 -7732546,57419199
-7358560,90178851 -7358560,90178851 -8174709,88276277 -7707729,15705074
-7341315,39060488 -7341315,39060488 -8173269,6794191 -7688367,97402117
-7333200,46269566 -7333200,46269566 -8155238,66891911 -7664635,88820012
-7297155,3648563 -7297155,3648563 -8126027,31113341 -7647057,06587017
-7279410,17010601 -7279410,17010601 -8121815,17083498 -7627171,6500718
-7254815,98627132 -7254815,98627132 -8089471,65996241 -7601542,49366271
-7234162,27578726 -7234162,27578726 -8098773,82254723 -7587065,8776109
-7226704,35603176 -7226704,35603176 -8110900,72626203 -7564877,07076532
-7217974,05876554 -7217974,05876554 -8031511,5265098 -7544806,23191241
-7207813,02031118 -7207813,02031118 -8047326,00594193 -7528331,97971756
-7197381,85447135 -7197381,85447135 -8008717,23370588 -7507031,20448313
-7190716,81384112 -7190716,81384112 -8025803,04035396 -7480427,30221551
-7148485,77539644 -7148485,77539644 -8017436,61958571 -7454812,62736468
-7109582,35882787 -7109582,35882787 -7970122,16873696 -7420611,61188901
-7095610,44934784 -7095610,44934784 -7938999,07214668 -7397640,83728256
-7080845,89079028 -7080845,89079028 -7941368,70508767 -7371830,82905092
-7059836,11056001 -7059836,11056001 -7883120,85574599 -7346079,60932012
-7050306,49626617 -7050306,49626617 -7873270,72655611 -7329758,68910983
-7021958,5159275 -7021958,5159275 -7845172,98805597 -7310714,36511805
-6998094,97301796 -6998094,97301796 -7811894,07487011 -7289776,07283232
-6971631,51587201 -6971631,51587201 -7830618,43537286 -7263410,50278064
-6949426,6098251 -6949426,6098251 -7814940,16081192 -7247493,27888526
-6942383,91744015 -6942383,91744015 -7800262,7165253 -7229849,85074916
-6937051,51578765 -6937051,51578765 -7730450,47743996 -7212327,41742285
-6935971,59660688 -6935971,59660688 -7763045,41405412 -7197898,13259839
-6927686,52568851 -6927686,52568851 -7725324,14927307 -7179195,85423072
-6873150,52188095 -6873150,52188095 -7688747,42835551 -7160909,67274222
-6851875,77050431 -6851875,77050431 -7684701,36735658 -7140827,19070229
-6848586,01829854 -6848586,01829854 -7695640,8544274 -7123224,78727917
-6814934,23010914 -6814934,23010914 -7661717,00145644 -7099050,6976479
-6785096,40659423 -6785096,40659423 -7672982,41795699 -7076584,92796762
-6776696,81062627 -6776696,81062627 -7616108,2744424 -7058602,45596734
-6750284,85516957 -6750284,85516957 -7631209,14633784 -7038420,34384377
-6736277,29137231 -6736277,29137231 -7624941,23439775 -7020680,29614117
-6705961,37277492 -6705961,37277492 -7608819,31091027 -6999876,86167931
-6688328,81355325 -6688328,81355325 -7554574,86614974 -6982801,6941161
-6672461,0510607 -6672461,0510607 -7530090,0802328 -6969657,08532679
-6647182,27753302 -6647182,27753302 -7529873,88761797 -6951415,00083721
-6623914,23433265 -6623914,23433265 -7523217,73038147 -6929752,21528296
-6615769,83369318 -6615769,83369318 -7508599,96682215 -6916625,72722768
-6603048,7971479 -6603048,7971479 -7486082,3788545 -6896350,43627909
-6575501,588785 -6575501,588785 -7503214,83732875 -6874177,62203238
-6575501,588785 -6575877,32999134 -7467968,10342685 -6851273,28734614
-6573865,02589038 -6573865,02589038 -7453044,6111272 -6838835,64544629
-6549442,04266375 -6549442,04266375 -7434189,84276168 -6814561,07233333
-6526261,09385024 -6526261,09385024 -7438731,61708596 -6797303,99203981
-6526261,09385024 -6527715,90364015 -7378872,19725032 -6785091,33450724
-6526261,09385024 -6527880,93560633 -7392184,50809541 -6755348,82540015
-6515886,156291 -6515886,156291 -7390600,42555498 -6735755,01862743
-6495011,86435698 -6495011,86435698 -7380869,65970119 -6724063,70489526
-6485156,03334975 -6485156,03334975 -7403300,47373736 -6706583,74904082
-6465521,00953865 -6465521,00953865 -7354162,21378971 -6691179,13761249
-6444263,09352305 -6444263,09352305 -7298845,70369224 -6679812,4259848
-6430989,73104381 -6430989,73104381 -7287512,78151194 -6665566,39045507
-6395867,19068892 -6395867,19068892 -7269724,23074479 -6652597,1243921
-6389036,19575967 -6389036,19575967 -7277861,11377336 -6636862,25880873
-6367209,84027881 -6367209,84027881 -7272682,20993746 -6624647,66058127
-6360490,0294549 -6360490,0294549 -7275564,1116541 -6609861,02582141
-6350996,36976634 -6350996,36976634 -7237695,90528244 -6593273,06047881
-6343792,6259025 -6343792,6259025 -7214709,03092332 -6574561,04239613
-6336452,66813521 -6336452,66813521 -7193650,68619715 -6564600,96616345
-6329067,62817351 -6329067,62817351 -7224839,53671325 -6543655,97149193
-6279734,11358757 -6279734,11358757 -7171995,87950119 -6525236,28393812
-6273996,80413596 -6273996,80413596 -7157824,99602016 -6502498,48498541
-6255030,88173415 -6255030,88173415 -7133199,62431278 -6489740,246312
-6236545,68411958 -6236545,68411958 -7147586,54329651 -6477774,14912585
-6216602,33786686 -6216602,33786686 -7181627,0142963 -6460694,06201083
-6211236,61191398 -6211236,61191398 -7157873,51022842 -6444021,6193684
-6182211,50890305 -6182211,50890305 -7091854,38404084 -6428544,29181139
-6171616,85856636 -6171616,85856636 -7041406,91037021 -6414754,62510676
-6170829,52367118 -6170829,52367118 -7043843,48372544 -6401209,73386882
-6163113,19202704 -6163113,19202704 -7084810,17049645 -6387629,92344821
-6147680,16394472 -6147680,16394472 -6999038,0720913 -6371545,56948935
-6133800,3106983 -6133800,3106983 -6980400,30395879 -6355160,49159253
-6118032,55147518 -6118032,55147518 -7024116,94307486 -6342077,87336254
-6100363,86576281 -6100363,86576281 -6991068,79457997 -6326368,31665665
-6079869,713134 -6079869,713134 -7044306,48969398 -6314629,21451287
-6074621,52554467 -6074621,52554467 -6968025,11952316 -6293691,87917819
-6066426,82399824 -6066426,82399824 -6891781,776585 -6278584,02659446
-6055285,37669527 -6055285,37669527 -6887231,76768757 -6265376,5869492
-6047945,31165646 -6047945,31165646 -6847883,84147887 -6252979,23827332
-6035537,99288587 -6035537,99288587 -6908088,81412343 -6241946,86992394
-6024891,15939027 -6024891,15939027 -6868373,9946414 -6228837,19891348
-6003492,40480489 -6003492,40480489 -6857977,78327906 -6218347,94058846
-6003492,40480489 -6004208,88417649 -6831641,92012779 -6206566,31971324
-5981293,9296696 -5981293,9296696 -6830527,82909845 -6191168,2510398
-5968593,78264134 -5968593,78264134 -6842394,4043444 -6179707,74693457
-5944751,4336789 -5944751,4336789 -6801341,44233023 -6155550,9764534
-5939291,06970048 -5939291,06970048 -6778193,10038396 -6148604,67832264
-5925806,18129827 -5925806,18129827 -6758223,65977164 -6137830,27872498
-5905046,13409449 -5905046,13409449 -6773811,93621542 -6124441,34005308
-5900148,90427659 -5900148,90427659 -6747812,40992403 -6110625,84086515
-5893162,70000516 -5893162,70000516 -6708679,23512945 -6095426,91403202
-5887975,14916922 -5887975,14916922 -6682164,17889816 -6087225,94207852
-5872782,27088444 -5872782,27088444 -6659331,55094367 -6074456,89512267
-5817301,04136637 -5817301,04136637 -6670077,77229402 -6053836,08976563
-5780156,67191128 -5780156,67191128 -6638420,74456479 -6035492,04362657
-5767835,91921872 -5767835,91921872 -6671993,18863143 -6020577,71630596
-5755729,54897754 -5755729,54897754 -6561034,56535891 -6002291,24268042
-5739332,46188469 -5739332,46188469 -6531403,18739606 -5990281,91954155
-5734760,45118028 -5734760,45118028 -6554757,80842645 -5980397,63958687
-5721973,83380087 -5721973,83380087 -6521439,40398393 -5963374,13580316
-5717014,55631547 -5717014,55631547 -6536471,70457626 -5951228,23499047
-5667442,23756378 -5667442,23756378 -6479056,04111536 -5932580,02293189
-5663478,04669114 -5663478,04669114 -6529666,32792982 -5920701,00092382
-5656681,50226186 -5656681,50226186 -6499909,29290987 -5910163,14728135
-5647144,46557297 -5647144,46557297 -6499723,39944408 -5898665,74443272
-5638818,20474749 -5638818,20474749 -6436900,37161853 -5883719,22841999
-5622673,40925461 -5622673,40925461 -6476638,65240205 -5870582,18068886
-5603652,84373432 -5603652,84373432 -6422733,18856203 -5858379,15818666
-5561443,53450917 -5561443,53450917 -6455802,4019931 -5844500,0163461
-5554353,96409019 -5554353,96409019 -6487924,51316881 -5828913,58345883
-5538436,30888379 -5538436,30888379 -6420017,03907337 -5811495,16131754
-5498314,23695131 -5498314,23695131 -6381118,86760228 -5794799,23176178
-5461786,51656941 -5461786,51656941 -6358101,27757044 -5783511,21763251
-5448658,59413762 -5448658,59413762 -6380744,50245761 -5772012,96109409
-5429833,60022164 -5429833,60022164 -6327820,97407226 -5760043,16947761
-5428004,70968013 -5428004,70968013 -6316514,06485926 -5749624,32829585
-5421404,81403224 -5421404,81403224 -6330605,92610531 -5737259,35718439
-5402419,96581964 -5402419,96581964 -6294186,61316323 -5723117,28021915
-5396721,0498882 -5396721,0498882 -6303736,9801462 -5713911,07712425
-5386912,60134269 -5386912,60134269 -6281936,03574612 -5703459,77501111
-5385050,48242417 -5385050,48242417 -6328782,90708672 -5696270,28875293
-5379726,99506065 -5379726,99506065 -6320799,68113398 -5684640,55500309
-5379726,99506065 -5380221,6922469 -6284745,91454063 -5669940,91505883
-5378391,23077959 -5378391,23077959 -6313307,11671715 -5655990,677764
-5375048,46357071 -5375048,46357071 -6265532,94954726 -5649191,46732552
-5340710,13624092 -5340710,13624092 -6268929,37628576 -5634640,1891931
-5327980,16874115 -5327980,16874115 -6248404,18220164 -5625248,24860497
-5307941,24821558 -5307941,24821558 -6206195,96244873 -5612492,60700632
-5300892,2493575 -5300892,2493575 -6206815,99247282 -5598977,93164588
-5278622,11015442 -5278622,11015442 -6217371,20095713 -5585998,48749498
-5272942,43996289 -5272942,43996289 -6210763,69678949 -5573533,05217769
-5232127,43474039 -5232127,43474039 -6197188,67546153 -5555249,13017494
-5228411,31513388 -5228411,31513388 -6186706,57488536 -5541019,72230728
-5226253,38786626 -5226253,38786626 -6152955,70232843 -5528285,91826758
-5211768,3883981 -5211768,3883981 -6175328,64379353 -5504763,48198567
-5175482,94478506 -5175482,94478506 -6139376,32732927 -5497212,13822965
-5170642,86280184 -5170642,86280184 -6199387,33213617 -5485832,6596303
-5162906,38900661 -5162906,38900661 -6163554,42454993 -5479190,48362905
-5160475,65141313 -5160475,65141313 -6145244,73284823 -5467144,46361869
-5141601,95056237 -5141601,95056237 -6177460,17473434 -5457949,00073643
-5132329,91833379 -5132329,91833379 -6123001,42118841 -5438387,15652975
-5119262,51977406 -5119262,51977406 -6057987,52788073 -5424322,86821142
-5094374,13271634 -5094374,13271634 -6047202,39660303 -5410352,31375569
-5075358,400128 -5075358,400128 -6079836,16191136 -5396223,14775357
-5068643,67212306 -5068643,67212306 -6041671,49562155 -5384140,46870004
-5067416,19005956 -5067416,19005956 -6039306,37724246 -5374652,14699729
-5052599,9094177 -5052599,9094177 -6004517,84179784 -5361397,06290301
-5024173,56938445 -5024173,56938445 -6050179,96417115 -5350611,53450921
-5024173,56938445 -5024512,65229916 -5987847,27454862 -5336660,81769114
-5015499,29643946 -5015499,29643946 -5994714,15588409 -5327544,37636577
-5015176,70880832 -5015176,70880832 -5978192,81813664 -5317918,4685569
-4995559,19872414 -4995559,19872414 -5948481,17227481 -5302008,81055121
-4986174,1755554 -4986174,1755554 -5946694,5179076 -5290891,41817631
-4908573,70463749 -4908573,70463749 -5922233,42288842 -5266130,56899591
-4898375,99734117 -4898375,99734117 -5926530,9328062 -5256510,76364395
-4874218,30459851 -4874218,30459851 -5933488,37372046 -5245604,24795469
-4864659,65731114 -4864659,65731114 -5860605,10439843 -5234419,70839789
-4859729,02657001 -4859729,02657001 -5877312,98466182 -5221485,4956645
-4844740,7783592 -4844740,7783592 -5884928,9224398 -5214042,20427628
-4842815,0539511 -4842815,0539511 -5877862,55908925 -5205784,81878412
-4832665,59452759 -4832665,59452759 -5886104,29704189 -5196653,52885555
-4819681,70158838 -4819681,70158838 -5838815,89705307 -5185887,43626108
-4815304,24405104 -4815304,24405104 -5872908,8715599 -5178430,45508548
-4806732,29589585 -4806732,29589585 -5840211,6082616 -5171798,65779451
-4804340,54974976 -4804340,54974976 -5856427,73586937 -5159537,5743479
-4789444,99292975 -4789444,99292975 -5781872,13576482 -5144125,49053097
-4782986,8074043 -4782986,8074043 -5790450,92945664 -5132440,49884075
-4776699,51486381 -4776699,51486381 -5753286,57378715 -5122985,19877177
-4773293,48881601 -4773293,48881601 -5798066,83848131 -5111819,59931522
-4758154,46316308 -4758154,46316308 -5760800,33218356 -5102716,17454733
-4753999,19107249 -4753999,19107249 -5738672,49117221 -5094891,50115488
-4744632,48137826 -4744632,48137826 -5768714,75539831 -5090088,47939337
-4718989,28128676 -4718989,28128676 -5723064,57861051 -5077973,60311802
-4711503,55703207 -4711503,55703207 -5712854,13658661 -5067916,14071779
-4709517,86047153 -4709517,86047153 -5684302,27217777 -5061182,98100133
-4703839,96648405 -4703839,96648405 -5676685,53572739 -5048781,50485939
-4693776,33017862 -4693776,33017862 -5690408,46600142 -5039968,15280976
-4691538,28017265 -4691538,28017265 -5629302,84873705 -5032001,42328173
-4678974,1442732 -4678974,1442732 -5615105,40675132 -5020985,53092586
-4671111,51832553 -4671111,51832553 -5611463,97546686 -5010261,46693924
-4666650,75769692 -4666650,75769692 -5634394,1413646 -4997613,37680104
-4666650,75769692 -4667198,06498589 -5547153,65387963 -4992211,98644306
-4657568,59566975 -4657568,59566975 -5516574,11025793 -4983011,226982
-4646340,31516854 -4646340,31516854 -5495545,82494512 -4972768,8059757
-4635955,45492622 -4635955,45492622 -5530636,77204651 -4961190,40136562
-4625029,87454857 -4625029,87454857 -5509307,16062795 -4950167,91063811
-4612338,49830121 -4612338,49830121 -5466199,89516614 -4938608,66225786
-4592740,66880493 -4592740,66880493 -5446749,47574852 -4927621,7048301
-4585385,43245501 -4585385,43245501 -5420443,69918769 -4917172,75063387
-4578965,09325165 -4578965,09325165 -5442533,59876196 -4906861,55966428
-4571627,45713756 -4571627,45713756 -5453028,95020645 -4898674,39859754
-4566080,06984256 -4566080,06984256 -5414946,08013395 -4894205,78262561
-4564401,94545803 -4564401,94545803 -5393518,46108605 -4887207,42206352
-4551615,36031133 -4551615,36031133 -5415936,19915768 -4879229,16515227
-4550980,79566977 -4550980,79566977 -5367169,46917405 -4872075,63922329
-4546645,14834552 -4546645,14834552 -5349829,22344026 -4865827,04849671
-4531033,57823523 -4531033,57823523 -5357447,44613699 -4857536,61260919
-4531033,57823523 -4531962,09221055 -5349998,44229458 -4846181,03231499
-4523109,31190724 -4523109,31190724 -5303596,36583771 -4836069,51142234
-4518625,2332153 -4518625,2332153 -5270274,03324151 -4827330,91503393
-4495503,73097785 -4495503,73097785 -5301827,23289135 -4813577,71157628
-4491997,91387729 -4491997,91387729 -5256065,16767684 -4809594,72963604
-4490726,27940164 -4490726,27940164 -5294122,16628749 -4805526,15188168
-4480576,06139997 -4480576,06139997 -5230896,8328244 -4798766,99078502
-4440740,20093802 -4440740,20093802 -5232112,05689071 -4782914,24315153
-4439479,27290806 -4439479,27290806 -5221481,05737544 -4773524,27073921
-4427274,71321187 -4427274,71321187 -5204198,03665743 -4758585,77548458
-4410323,16644176 -4410323,16644176 -5212905,96061132 -4753315,97637619
-4410323,16644176 -4410875,45021427 -5231765,18532225 -4746325,58147642
-4410323,16644176 -4411977,55060466 -5210379,03232151 -4738334,63328897
-4358100,44683682 -4358100,44683682 -5158510,72617354 -4720391,99364237
-4351985,47639155 -4351985,47639155 -5189258,07610192 -4712865,5921828
-4349317,99067454 -4349317,99067454 -5167711,316667 -4704661,2415491
-4348457,87796847 -4348457,87796847 -5138574,63601497 -4692159,14713781
-4342691,67774014 -4342691,67774014 -5120484,61933139 -4680580,56920153
-4331764,4289023 -4331764,4289023 -5146433,40686085 -4671063,04878621
-4331156,61819809 -4331156,61819809 -5139913,12313233 -4664207,7502101
-4331156,61819809 -4332161,47586542 -5117005,70150282 -4659134,50550719
-4322328,07560102 -4322328,07560102 -5109796,21634315 -4651398,9207782
-4316564,93422792 -4316564,93422792 -5124998,60877739 -4646786,9044332
-4312949,80949254 -4312949,80949254 -5094590,90276138 -4636346,12932483
-4308810,67846703 -4308810,67846703 -5097499,79178409 -4626157,57735619
-4304243,57029614 -4304243,57029614 -5071921,90790933 -4620724,96255318
-4304243,57029614 -4308291,87736527 -5055830,58509334 -4614127,82667846
-4289280,39655988 -4289280,39655988 -5065601,54545441 -4610430,48242434
-4267871,4894409 -4267871,4894409 -5062174,60399776 -4600587,41472747
-4267398,07067732 -4267398,07067732 -5023965,80386243 -4586057,16347476
-4265406,00867593 -4265406,00867593 -4999360,5962226 -4581339,40921223
-4263399,75459069 -4263399,75459069 -5003451,63320955 -4573937,58464051
-4262949,41986761 -4262949,41986761 -5010077,29053598 -4565789,5530953
-4262949,41986761 -4263416,91336077 -5009751,29200347 -4549196,49546338
-4262949,41986761 -4263936,28705847 -4928736,67370568 -4542841,65116551
-4262949,41986761 -4265477,45017232 -4964603,52431889 -4532513,40974
-4239146,16434811 -4239146,16434811 -4945175,67421411 -4521937,653467
-4225427,89457168 -4225427,89457168 -4917890,36646158 -4513574,06566658
-4223031,1874453 -4223031,1874453 -4924469,26042256 -4505860,70371774
-4218154,98703271 -4218154,98703271 -4927973,68136356 -4497698,74130965
-4212420,18768336 -4212420,18768336 -4895244,21791315 -4494854,84548884
-4206897,81243541 -4206897,81243541 -4900319,63756579 -4483196,03724283
-4205024,14286269 -4205024,14286269 -4931426,95539946 -4479319,14673752
-4202258,72199886 -4202258,72199886 -4910738,8356058 -4471249,06101006
-4201371,20546053 -4201371,20546053 -4879769,60806916 -4465430,11145988
-4192139,73641351 -4192139,73641351 -4896420,57597987 -4459261,63690296
-4180754,22502737 -4180754,22502737 -4853509,80938664 -4453789,87733761
-4174458,06049038 -4174458,06049038 -4890945,75160995 -4446437,67160288
-4161812,77287222 -4161812,77287222 -4877473,92657584 -4440422,35649547
-4156427,07152991 -4156427,07152991 -4845368,78648237 -4432975,35493513
-4115762,38850286 -4115762,38850286 -4893704,41159784 -4426055,94729102
-4115762,38850286 -4118990,72597023 -4874583,68851406 -4423260,50482965
-4115762,38850286 -4121191,85874518 -4822585,46301582 -4420474,01536754
-4115762,38850286 -4117647,85499986 -4839144,0468042 -4414695,63838451
-4093952,64973949 -4093952,64973949 -4819168,75956664 -4406529,58961829
-4083647,65974392 -4083647,65974392 -4814529,70506184 -4401796,47452836
-4057814,66614028 -4057814,66614028 -4789363,8176399 -4395708,5907736
-4051348,26178415 -4051348,26178415 -4790376,78782645 -4390686,92933571
-4051348,26178415 -4055851,52958567 -4809297,06807107 -4388088,48219604
-4051348,26178415 -4051729,27385862 -4771328,30537441 -4381839,03856757
-4051348,26178415 -4055999,98258494 -4794216,5897 -4379494,16421885
-4051348,26178415 -4062502,00651177 -4749205,00190927 -4377789,25583689
-4051348,26178415 -4063852,81473515 -4779214,64020503 -4373252,36217443
-4051348,26178415 -4053000,00157547 -4779638,34980484 -4366304,40274761
-4035749,51350875 -4035749,51350875 -4730347,03549795 -4361885,20048609
-4035749,51350875 -4035757,1180211 -4758147,00480719 -4353462,69235051
-4033348,36492061 -4033348,36492061 -4759683,64224174 -4346764,4798487
-4026163,91481327 -4026163,91481327 -4746013,87902846 -4338160,22189632
-4026076,77648241 -4026076,77648241 -4755621,31071091 -4331123,73239372
-4019748,96044307 -4019748,96044307 -4703421,00432259 -4322553,40571389
-4014242,46778652 -4014242,46778652 -4757984,30478277 -4314783,43567718
-4003495,60984482 -4003495,60984482 -4704301,46312982 -4303444,72264583
-3988259,73518044 -3988259,73518044 -4709629,52183102 -4297687,70041917
-3988259,73518044 -3989039,39877657 -4689789,7143585 -4293220,765145
-3988259,73518044 -3995361,21354542 -4676642,45013075 -4289966,29683711
-3988259,73518044 -3998361,21354542 -4688326,86819559 -4280732,53002015
-3988259,73518044 -3990989,11727942 -4615235,99277441 -4276258,72542912
-3988259,73518044 -3990424,39837706 -4633529,25599074 -4270046,23645769
-3988259,73518044 -3990065,87374145 -4637701,81887648 -4263923,67439552
-3981159,64681952 -3981159,64681952 -4594897,40816103 -4256786,54991253
-3975512,03416837 -3975512,03416837 -4582685,86833095 -4253340,19443258
-3973437,34717789 -3973437,34717789 -4554013,59117143 -4248886,16862917
-3972830,10642869 -3972830,10642869 -4577628,20134479 -4238728,25001502
-3972830,10642869 -3976291,8190513 -4587595,22841006 -4231865,01220005
-3972830,10642869 -3977422,66672624 -4547275,6768193 -4228108,6566404
-3972830,10642869 -3975033,28066799 -4533322,89882943 -4220800,68429562
-3964068,62796518 -3964068,62796518 -4549071,37434617 -4213944,36427669
-3964068,62796518 -3964675,57020247 -4554987,54715071 -4205920,1850875
-3964068,62796518 -3964367,94890021 -4567224,09911729 -4199389,96533063
-3962069,83694524 -3962069,83694524 -4547784,09959485 -4196237,07529446
-3959862,65762729 -3959862,65762729 -4534775,89700047 -4191495,5734595
-3956037,37659528 -3956037,37659528 -4543173,2040192 -4182143,87770105
-3947891,71395968 -3947891,71395968 -4510865,20315179 -4178521,22573729
-3946116,89147751 -3946116,89147751 -4514081,15710851 -4174218,5671075
-3939328,74148735 -3939328,74148735 -4520244,47044391 -4170477,9494339
-3935128,12300829 -3935128,12300829 -4499306,32465269 -4166032,63172253
-3934400,20192851 -3934400,20192851 -4535547,82113721 -4164326,30222496
-3920782,05654383 -3920782,05654383 -4492205,27817102 -4158101,51283791
-3919793,27697345 -3919793,27697345 -4521057,79584841 -4153905,61440183
-3919642,54121443 -3919642,54121443 -4491794,2056515 -4147757,03258477
-3919642,54121443 -3922802,3521565 -4490750,48840399 -4146061,79556316
-3919642,54121443 -3921438,91243811 -4504203,73336841 -4138012,64841274
-3918911,61471911 -3918911,61471911 -4455493,2247338 -4134752,17036357
-3913290,14473373 -3913290,14473373 -4472463,24004958 -4131364,68000273
-3913290,14473373 -3919699,07034076 -4455813,8334135 -4128815,14857385
-3913290,14473373 -3919806,7539601 -4451193,80029881 -4127371,35266061
-3913290,14473373 -3924722,73373254 -4456857,21239772 -4124753,39316686
-3913290,14473373 -3925165,71235835 -4453675,434647 -4119554,61237014
-3913290,14473373 -3924362,01946991 -4435184,82448931 -4111664,79436046
-3913290,14473373 -3924229,61290981 -4405721,24203537 -4108885,89556041
-3913290,14473373 -3924037,56521264 -4406260,9802835 -4104204,56783371
-3913290,14473373 -3921869,85542768 -4411546,38677629 -4099776,01838467
-3913290,14473373 -3921778,85768808 -4428090,55380372 -4097470,82149786
-3910154,05730793 -3910154,05730793 -4411954,32958191 -4091240,36282104
-3910154,05730793 -3910901,31110151 -4379454,93427496 -4086559,80208339
-3899952,33072196 -3899952,33072196 -4397432,23733845 -4083919,58554822
-3885235,79929542 -3885235,79929542 -4380226,70390332 -4075771,5226017
-3885235,79929542 -3888423,10074702 -4380838,08317538 -4074162,46473738
-3885235,79929542 -3885297,31823776 -4408748,79340449 -4066718,07507229
-3885235,79929542 -3889823,35132005 -4393703,55594579 -4057964,89273811
-3885235,79929542 -3888452,39232195 -4397004,06853772 -4050551,73283246
-3885235,79929542 -3892416,11590556 -4384461,12038588 -4045824,84073547
-3885235,79929542 -3886092,16229399 -4376434,30740966 -4041691,11740621
-3885235,79929542 -3887490,06082032 -4360045,14652439 -4038474,45608872
-3870873,18407773 -3870873,18407773 -4384195,50525568 -4032973,9480583
-3870873,18407773 -3871010,23254163 -4346638,10644901 -4028499,41921804
-3868729,4075212 -3868729,4075212 -4317968,81144118 -4015376,90098328
-3868729,4075212 -3868964,46264602 -4302834,40966919 -4009706,7537404
-3868729,4075212 -3869245,57595158 -4300745,47477111 -4009142,6730621
-3866601,8856715 -3866601,8856715 -4296114,62080954 -4007660,91829772
-3866601,8856715 -3869946,76871736 -4302194,99026156 -4002247,7111837
-3864069,0923222 -3864069,0923222 -4296108,93763318 -3998571,04234072
-3862555,17900088 -3862555,17900088 -4304291,59320873 -3992200,62641519
-3840359,40377453 -3840359,40377453 -4299507,71035654 -3984600,28845919
-3840276,88235532 -3840276,88235532 -4248515,11147809 -3979384,20393069
-3830049,96944333 -3830049,96944333 -4255101,77949026 -3972587,13681553
-3827823,90874127 -3827823,90874127 -4238569,91132696 -3969460,42423777
-3825342,17318712 -3825342,17318712 -4264375,45429944 -3966730,58480654
-3818400,79940392 -3818400,79940392 -4248077,06955469 -3962526,53151722
-3818400,79940392 -3819597,11315385 -4245716,23123253 -3958304,02003559
-3809033,03998819 -3809033,03998819 -4252699,3697751 -3956014,70681783
-3805494,85544219 -3805494,85544219 -4256117,08619672 -3954192,114403
-3805303,60270442 -3805303,60270442 -4230492,49067213 -3947186,29778111
-3791225,83394609 -3791225,83394609 -4235529,48305546 -3942554,43751568
-3785666,08681885 -3785666,08681885 -4219155,91064425 -3940483,94147237
-3784838,5078027 -3784838,5078027 -4230261,24314855 -3938207,04020831
-3784285,77790784 -3784285,77790784 -4211789,1580648 -3934603,49798571
-3783439,00632003 -3783439,00632003 -4226691,80757992 -3933930,72135549
-3776090,33985771 -3776090,33985771 -4232585,12354203 -3929321,61705195
-3776090,33985771 -3777638,69289469 -4234225,92597333 -3924197,90467819
-3776090,33985771 -3777734,22960025 -4233832,38865096 -3921585,55781433
-3772073,39611387 -3772073,39611387 -4195242,85524788 -3917345,77780385
-3760264,33294499 -3760264,33294499 -4206999,66880619 -3911043,66969458
-3760264,33294499 -3760415,56848901 -4194580,05650593 -3908261,56316952
-3753374,16175041 -3753374,16175041 -4207493,52674289 -3905023,52584948
-3751997,18701834 -3751997,18701834 -4208840,6064857 -3900580,80030041
-3744773,45642428 -3744773,45642428 -4208694,18004464 -3892677,50323276
-3744511,55258242 -3744511,55258242 -4187646,26928552 -3889855,41398566
-3744269,73208242 -3744269,73208242 -4172754,47139531 -3884685,11749672
-3743727,56520471 -3743727,56520471 -4194609,17518947 -3880078,19216565
-3736295,95633395 -3736295,95633395 -4177474,74927577 -3877564,04271997
-3736295,95633395 -3737150,45129114 -4180400,34968444 -3875972,05594522
-3736295,95633395 -3739551,41517425 -4178634,46683139 -3872863,809323
-3735298,66789204 -3735298,66789204 -4141483,75823726 -3867411,2098212
-3731861,61500418 -3731861,61500418 -4153895,29169751 -3864696,03796788
-3731861,61500418 -3734013,32345741 -4172106,95215464 -3866239,27386904
-3697763,21380576 -3697763,21380576 -4179254,14792523 -3849955,92046374
-3697763,21380576 -3699715,09534384 -4177290,39800663 -3846640,70971246
-3697763,21380576 -3698262,92981444 -4140587,3996568 -3840665,88089608
-3696666,04881855 -3696666,04881855 -4132745,78663333 -3836185,25884347
-3693384,90737623 -3693384,90737623 -4108882,95861663 -3833443,5380455
-3615986,38961106 -3615986,38961106 -4132543,53903622 -3820447,69203514
-3615055,28050903 -3615055,28050903 -4140277,40743756 -3814315,93051066
-3615055,28050903 -3615110,5627331 -4111760,66494701 -3812222,16571582
-3610352,23478799 -3610352,23478799 -4113257,93967175 -3808988,90027362
-3610233,58466837 -3610233,58466837 -4110609,00271315 -3805795,21642819
-3609675,14667598 -3609675,14667598 -4085574,52589215 -3803615,00295698
-3607966,94274348 -3607966,94274348 -4094450,71053663 -3799063,34371136
-3602449,37470651 -3602449,37470651 -4140618,3605489 -3792547,43492678
-3602449,37470651 -3603529,42535523 -4095047,48227417 -3789473,88665191
-3598213,67334625 -3598213,67334625 -4081342,47798633 -3783672,15995936
-3594593,34889124 -3594593,34889124 -4057067,15559252 -3777786,17067262
-3594593,34889124 -3596751,59136543 -4080458,42918905 -3775137,42970536
-3594593,34889124 -3596444,173769 -4066943,07559319 -3773276,55752467
-3594073,77418783 -3594073,77418783 -4075447,39150176 -3764770,37472685
-3594073,77418783 -3594889,59221647 -4072524,68270044 -3759745,76768412
-3594031,39894068 -3594031,39894068 -4077324,99478697 -3757275,63707706
-3578209,95641526 -3578209,95641526 -4070208,08488631 -3751783,9717587
-3578209,95641526 -3579536,63777 -4067802,40580928 -3745017,19476949
-3578120,42608544 -3578120,42608544 -4059243,7492015 -3742574,33074157
-3578016,61635733 -3578016,61635733 -4086677,02312051 -3740490,23797762
-3574665,04439664 -3574665,04439664 -4054305,27101594 -3735272,33592511
-3572382,69683657 -3572382,69683657 -4028382,60116082 -3731907,28805715
-3572382,69683657 -3573344,50847668 -4029765,56007889 -3729845,25866631
-3572382,69683657 -3572407,3168653 -4031186,46403195 -3725942,53490232
-3565908,00951944 -3565908,00951944 -4048079,92391576 -3719385,64737013
-3565908,00951944 -3568673,95035064 -3989244,89194897 -3717054,9251317
-3563201,00832473 -3563201,00832473 -4017636,68881029 -3716096,99446098
-3550986,21560396 -3550986,21560396 -4016494,49226226 -3710259,8035084
-3547037,62556645 -3547037,62556645 -4034691,35168736 -3706084,01020137
-3547037,62556645 -3553589,66470887 -4012367,79785898 -3701488,56821838
-3547037,62556645 -3549747,41549392 -4007072,16409738 -3700314,55880026
-3539708,67772188 -3539708,67772188 -3979327,53923362 -3695704,93689567
-3536314,49923286 -3536314,49923286 -4006338,17256104 -3692804,2864576
-3534437,19739878 -3534437,19739878 -3959435,42996049 -3688932,8009899
-3530911,49813921 -3530911,49813921 -3999396,5391792 -3683055,30566221
-3527656,99233616 -3527656,99233616 -3973404,34684759 -3681493,15421902
-3521859,01630419 -3521859,01630419 -3966560,24160429 -3679042,61835473
-3521859,01630419 -3522148,64269001 -3985335,01874939 -3676339,23546555
-3515218,8512529 -3515218,8512529 -3968234,13222475 -3674248,11561686
-3514072,22254365 -3514072,22254365 -3976678,2066963 -3665642,35630879
-3502597,9730824 -3502597,9730824 -3976261,55223606 -3661829,05918806
-3502597,9730824 -3505339,42721479 -3945720,72368462 -3659701,51025093
-3498090,10500621 -3498090,10500621 -3944874,46165088 -3659126,2607081
-3496038,35496734 -3496038,35496734 -3926903,00493767 -3655846,6105914
-3488700,16115867 -3488700,16115867 -3929311,65124006 -3648172,62992773
-3488700,16115867 -3491134,16334185 -3911273,9716366 -3646764,17504568
-3488700,16115867 -3489211,05152035 -3932003,78552856 -3644312,21384546
-3466989,68914511 -3466989,68914511 -3913627,80795278 -3640517,97220535
-3466989,68914511 -3467104,39160837 -3937188,03972221 -3638414,61658456
-3466042,19789152 -3466042,19789152 -3943065,1775802 -3635408,83733369
-3466042,19789152 -3467552,63693367 -3932707,22527671 -3631702,03797109
-3465307,71422223 -3465307,71422223 -3929769,68083386 -3623164,44829329
-3465307,71422223 -3465466,96514504 -3933921,82106979 -3622338,62062542
-3459594,11822663 -3459594,11822663 -3899196,36195525 -3619414,64845476
-3458783,08651614 -3458783,08651614 -3943559,38685683 -3616888,59332569
-3458783,08651614 -3459359,77278145 -3932084,54114582 -3615386,28056903
-3457803,34696325 -3457803,34696325 -3910606,0664034 -3608386,80530624
-3457803,34696325 -3459191,57844996 -3898396,60646018 -3606254,57590731
-3457186,21377599 -3457186,21377599 -3890433,37586671 -3605176,82778823
-3457186,21377599 -3463668,12101631 -3894498,36313301 -3604468,49577071
-3457186,21377599 -3464027,81138359 -3907371,49041794 -3602743,77730341
-3452217,58124612 -3452217,58124612 -3894150,60685227 -3595972,72861376
-3446239,70453912 -3446239,70453912 -3901716,27117558 -3592916,83005505
-3445360,02732151 -3445360,02732151 -3891998,67038182 -3586948,00338012
-3441814,41594205 -3441814,41594205 -3882241,93005494 -3580436,58964268
-3430852,43660518 -3430852,43660518 -3861567,92649987 -3572928,36988868
-3430613,84385758 -3430613,84385758 -3858296,35594372 -3571894,66472631
-3430613,84385758 -3434955,52557275 -3878405,44316211 -3570976,95314385
-3429108,82719829 -3429108,82719829 -3832811,67913639 -3567164,07042218
-3427661,76180787 -3427661,76180787 -3853687,92120623 -3564001,44706491
-3411151,6916173 -3411151,6916173 -3861576,07413634 -3559244,86563474
-3409050,34930413 -3409050,34930413 -3860864,06551078 -3554098,48031912
-3409050,34930413 -3409445,94043833 -3844796,28775297 -3551746,25825422
-3408904,84454096 -3408904,84454096 -3877746,68443943 -3551725,55180861
-3397222,06995362 -3397222,06995362 -3866059,80895817 -3547409,67083477
-3391861,68979496 -3391861,68979496 -3853754,36277097 -3542585,24533315
-3391861,68979496 -3392217,70205518 -3816361,13400447 -3537633,20952712
-3391729,76080811 -3391729,76080811 -3801679,15207801 -3533210,49426328
-3391729,76080811 -3391775,97220374 -3810346,03847422 -3532473,95942677
-3377797,25625471 -3377797,25625471 -3828322,36285065 -3527649,46490655
-3375812,82106693 -3375812,82106693 -3804895,43861326 -3524761,6198998
-3375812,82106693 -3378082,35914595 -3819634,36447017 -3526843,78800711
-3374492,4420485 -3374492,4420485 -3838366,02588972 -3524910,13193366
-3374492,4420485 -3374969,79125184 -3813048,35753579 -3521198,16155717
-3368194,01247608 -3368194,01247608 -3803839,82268772 -3517703,88639884
-3368194,01247608 -3370208,40569888 -3798160,5449711 -3514144,23790897
-3367189,422033 -3367189,422033 -3799545,00180907 -3511564,8050929
-3364007,37343688 -3364007,37343688 -3817591,61268432 -3508238,06962181
-3357522,54625314 -3357522,54625314 -3810438,86485347 -3503411,29073078
-3338979,58967291 -3338979,58967291 -3780524,49621585 -3500713,13432242
-3338979,58967291 -3339830,87806655 -3772917,45051409 -3496344,83117909
-3337262,91802289 -3337262,91802289 -3812075,58629308 -3494065,75457925
-3334106,6679956 -3334106,6679956 -3801745,37906115 -3489660,95576645
-3329326,73599445 -3329326,73599445 -3787775,6499204 -3484508,37345657
-3329326,73599445 -3332757,40955152 -3785681,51055345 -3484333,93639938
-3329326,73599445 -3333763,8143083 -3779156,4066957 -3482232,67779922
-3329326,73599445 -3336878,15765999 -3771776,87613337 -3478699,22386717
-3326830,64795876 -3326830,64795876 -3765303,46780257 -3476454,82470833
-3325358,42210855 -3325358,42210855 -3797723,27096889 -3476386,82342427
-3325358,42210855 -3329862,5664601 -3762753,26868968 -3474048,07461154
-3322695,91681621 -3322695,91681621 -3756146,17050719 -3470645,88832546
-3322695,91681621 -3325967,30133776 -3767331,57489464 -3468672,99288457
-3322695,91681621 -3337559,48170886 -3767895,25996393 -3464517,77141197
-3322695,91681621 -3338820,23910782 -3761078,47346497 -3459545,29756245
-3322695,91681621 -3333095,58764353 -3758306,86707829 -3457454,21849572
-3322695,91681621 -3333185,20871622 -3729559,86140322 -3454013,56427912
-3322695,91681621 -3334942,25709408 -3748759,47215664 -3453939,77748736
-3322695,91681621 -3334630,74950446 -3734311,5914716 -3453322,90983967
-3322695,91681621 -3330444,37048403 -3767616,0295527 -3448772,81286265
-3322695,91681621 -3330900,83756948 -3750562,11841825 -3445677,8006879
-3322695,91681621 -3340040,9263161 -3756166,60083971 -3445838,27730115
-3322695,91681621 -3339528,9446262 -3751356,52192152 -3437477,14008337
-3322695,91681621 -3336447,38736261 -3738991,02852933 -3434809,79458013
-3322695,91681621 -3332409,0633916 -3747954,47137629 -3430622,72324706
-3322695,91681621 -3324886,01660969 -3709801,41478636 -3429255,23142853
-3321880,02301568 -3321880,02301568 -3710758,41515599 -3427310,30105715
-3319357,86149709 -3319357,86149709 -3718161,9269317 -3422441,26780648
-3315818,83904028 -3315818,83904028 -3725134,28750893 -3420798,65330285
-3314147,78234628 -3314147,78234628 -3730682,93009779 -3416663,69592004
-3311280,12151394 -3311280,12151394 -3704060,27737192 -3414278,23546132
-3304740,88370167 -3304740,88370167 -3689676,16347442 -3410092,50534662
-3301828,80746484 -3301828,80746484 -3715053,88060377 -3408119,83775906
-3297221,41721074 -3297221,41721074 -3713113,99125327 -3407374,23365613
-3295700,56832304 -3295700,56832304 -3716222,90461676 -3405722,91140606
-3295700,56832304 -3298831,61751897 -3718306,0708392 -3406556,4653971
-3295700,56832304 -3296941,62808855 -3733232,13212723 -3403433,59251536
-3295700,56832304 -3295804,51669454 -3712223,97482322 -3400133,83560035
-3294601,46869512 -3294601,46869512 -3693720,92904485 -3397219,50909901
-3287806,5829474 -3287806,5829474 -3714179,3560324 -3393309,15530449
-3283698,97357666 -3283698,97357666 -3694177,50911439 -3389607,34421063
-3282192,15926228 -3282192,15926228 -3698940,91816207 -3388072,31497034
-3280089,58537045 -3280089,58537045 -3699376,09316343 -3385306,69170469
-3278377,49799299 -3278377,49799299 -3681208,90951527 -3383579,47272919
-3278377,49799299 -3278700,37843958 -3702267,69265837 -3382954,50663296
-3272031,7042049 -3272031,7042049 -3704550,57826233 -3381205,6318218
-3272031,7042049 -3275555,03717691 -3728108,70234577 -3380792,2863602
-3271524,30530995 -3271524,30530995 -3678513,99117066 -3378015,94740859
-3271524,30530995 -3276630,29057843 -3688489,53203785 -3371473,89959872
-3261741,68630324 -3261741,68630324 -3684835,83089075 -3364620,6800063
-3261741,68630324 -3266221,34927164 -3650107,47157914 -3362977,11136919
-3257742,34695519 -3257742,34695519 -3658078,94245777 -3358794,35660871
-3255191,31512768 -3255191,31512768 -3653764,04992477 -3357569,31578934
-3252936,41514528 -3252936,41514528 -3686295,17096804 -3355099,29630041
-3246637,62734498 -3246637,62734498 -3674537,53921551 -3351350,27196548
-3246637,62734498 -3247371,91919747 -3663234,1892054 -3349505,48445117
-3246637,62734498 -3249733,1818798 -3683149,04642655 -3349265,16026501
-3246637,62734498 -3249769,99981748 -3670367,13771996 -3348892,75801094
-3246637,62734498 -3247598,33711403 -3649122,17153552 -3345738,06855849
-3246279,87517378 -3246279,87517378 -3667667,42867011 -3342816,98277243
-3246279,87517378 -3248337,44240435 -3635128,68379082 -3343003,73832136
-3235269,37443842 -3235269,37443842 -3640338,94078882 -3339757,16683744
-3218876,59200225 -3218876,59200225 -3656909,67968597 -3336440,02217657
-3218876,59200225 -3220345,36587619 -3642029,65224935 -3333701,23688628
-3218876,59200225 -3221730,49626227 -3634978,49125893 -3330342,1260054
-3218876,59200225 -3229973,82408993 -3654810,17952094 -3328630,34891797
-3218876,59200225 -3229567,34534895 -3613362,69444202 -3329436,03535932
-3218876,59200225 -3229424,85779932 -3603140,17048214 -3327120,5330677
-3204747,74896422 -3204747,74896422 -3634345,50213593 -3320871,84649008
-3199249,21377035 -3199249,21377035 -3642962,34084365 -3315933,60705905
-3199249,21377035 -3204522,18454205 -3594559,65825213 -3316018,50021141
-3199249,21377035 -3200201,42695693 -3604179,45291061 -3313850,98908868
-3199249,21377035 -3200611,52133461 -3600808,4349804 -3311123,14709822
-3193442,84273601 -3193442,84273601 -3644416,74002043 -3309019,30869149
-3193442,84273601 -3194008,54663217 -3636537,67417037 -3307662,96497826
-3193442,84273601 -3195245,04619596 -3629409,25145741 -3308810,78931332
-3180229,10197706 -3180229,10197706 -3588279,35200522 -3304968,03086669
-3178287,83450999 -3178287,83450999 -3611172,79498758 -3299117,31999325
-3177074,12907385 -3177074,12907385 -3585743,93568527 -3296627,92876816
-3177074,12907385 -3178578,31932405 -3565102,81861855 -3294403,07140038
-3174109,63170581 -3174109,63170581 -3564685,93536641 -3290643,48042034
-3171645,59300896 -3171645,59300896 -3557147,63175014 -3287584,76024159
-3162861,23294745 -3162861,23294745 -3575669,81214863 -3286964,93305779
-3159052,10067206 -3159052,10067206 -3554241,34741977 -3283636,36503333
-3153708,97848868 -3153708,97848868 -3556221,97537718 -3280106,90220449
-3148290,60833128 -3148290,60833128 -3545958,91364133 -3279085,32456739
-3139681,5030892 -3139681,5030892 -3569992,26800855 -3278528,68253683
-3138445,4351117 -3138445,4351117 -3585300,19459989 -3274186,95779292
-3138445,4351117 -3138682,76213481 -3549046,79519633 -3271637,60607586
-3138445,4351117 -3141852,84946027 -3557267,32128491 -3267642,47011457
-3137324,46617026 -3137324,46617026 -3532187,76420674 -3267487,49796208
-3130705,45534665 -3130705,45534665 -3584988,76191476 -3266160,3411465
-3126898,47913197 -3126898,47913197 -3542787,84741575 -3265396,85082451
-3108763,35060917 -3108763,35060917 -3542922,00663086 -3260215,50592185
-3102918,1933223 -3102918,1933223 -3555006,495049 -3254079,70399661
-3102365,60745876 -3102365,60745876 -3552669,7715227 -3252174,02637058
-3102365,60745876 -3103540,71701292 -3543022,65851405 -3251224,16087923
-3102365,60745876 -3106483,41273345 -3525901,64586637 -3251571,77802645
-3102365,60745876 -3109685,54125691 -3541574,7473084 -3252381,84746656
-3102365,60745876 -3111326,75829 -3543154,91649291 -3248544,1669941
-3102365,60745876 -3106378,54017947 -3530345,07635819 -3244574,23897704
-3102365,60745876 -3109715,30914557 -3562766,56723936 -3241733,49599814
-3102365,60745876 -3114785,57790693 -3549037,37204166 -3243461,62469155
-3102365,60745876 -3127105,43694225 -3566488,11294463 -3243235,55785576
-3102365,60745876 -3126706,15959997 -3550302,43873189 -3240481,76103293
-3102365,60745876 -3126711,03584543 -3521019,58194857 -3239291,8976563
-3102365,60745876 -3131826,5468001 -3536811,44346698 -3241638,26047989
-3102365,60745876 -3133283,41195546 -3519704,6088349 -3240108,64482791
-3102365,60745876 -3131303,33687865 -3535260,14654079 -3237481,12898777
-3102365,60745876 -3127872,62273318 -3521781,3439769 -3234907,81177849
-3102365,60745876 -3115786,16752468 -3511805,51765439 -3233784,32325673
-3102365,60745876 -3117044,78741284 -3529402,16730897 -3229118,8079984
-3102365,60745876 -3112276,3780005 -3535027,87227227 -3227185,57038867
-3102365,60745876 -3121429,1248052 -3539694,01337166 -3227283,65834681
-3102365,60745876 -3120523,04603373 -3518200,38151736 -3225599,77507349
-3102365,60745876 -3120848,41622354 -3524246,82558525 -3222790,65691363
-3102365,60745876 -3118898,62515647 -3535459,3404461 -3221311,71213366
-3097415,19032546 -3097415,19032546 -3509737,08088897 -3217023,42567236
-3097415,19032546 -3097735,38372567 -3521721,9668515 -3215426,20947602
-3092607,06901518 -3092607,06901518 -3512511,230767 -3211051,19140517
-3092607,06901518 -3093909,88715706 -3545811,57245581 -3209378,69612598
-3091289,42034893 -3091289,42034893 -3523723,40213114 -3207176,30938073
-3077306,03884572 -3077306,03884572 -3530346,67430574 -3204199,17717201
-3076511,14656762 -3076511,14656762 -3479849,02711823 -3198205,90842313
-3076511,14656762 -3077657,76439427 -3508881,00915693 -3193974,73587409
-3076511,14656762 -3078735,76046135 -3514373,53738741 -3192193,7651819
-3076511,14656762 -3084804,64789821 -3481490,38655694 -3190666,56053192
-3076511,14656762 -3081123,51991965 -3508172,61618073 -3187793,73854549
-3076511,14656762 -3076980,58560217 -3513305,26058318 -3187098,64018568
-3074145,59382619 -3074145,59382619 -3479619,43683849 -3186399,830869
-3059792,53916889 -3059792,53916889 -3481397,91156604 -3180448,96428504
-3054812,99841755 -3054812,99841755 -3470392,91079133 -3175412,83975802
-3054490,64771046 -3054490,64771046 -3489607,73538972 -3174178,76493546
-3054404,41357048 -3054404,41357048 -3479793,44538099 -3172296,58836303
-3053131,8748464 -3053131,8748464 -3496772,54195736 -3168492,74673789
-3042184,74686365 -3042184,74686365 -3494120,73726795 -3165339,61766867
-3042184,74686365 -3042793,72033608 -3446111,08385311 -3162710,09707397
-3042184,74686365 -3043066,35773039 -3439560,95819299 -3160764,24280925
-3042184,74686365 -3042800,45863155 -3451460,14101376 -3159076,4250967
-3042184,74686365 -3043558,91370495 -3458494,94245849 -3155556,33756255
-3042184,74686365 -3043989,0940428 -3463434,80455917 -3152952,94440179
-3017169,72138757 -3017169,72138757 -3473814,54452968 -3141458,20377025
-3013163,51944691 -3013163,51944691 -3460088,4605756 -3138382,74641708
-3013163,51944691 -3014117,45531151 -3470460,66556455 -3137705,76892622
-3009900,2391894 -3009900,2391894 -3461418,41919283 -3134726,21151683
-3005939,14959788 -3005939,14959788 -3448097,47329043 -3132136,89110871
-2995578,19303984 -2995578,19303984 -3439477,14044332 -3129151,26766691
-2993567,4674745 -2993567,4674745 -3441126,01502633 -3129458,67894575
-2993567,4674745 -2999654,25635933 -3443635,26874588 -3128921,63527731
-2993567,4674745 -3000181,36008222 -3424610,00203717 -3128126,61863939
-2984652,98031928 -2984652,98031928 -3468022,52886659 -3125496,23161964
-2983607,2649977 -2983607,2649977 -3461345,95824845 -3124038,62972035
-2982057,31353778 -2982057,31353778 -3454564,60488988 -3123608,8114502
-2979197,0504157 -2979197,0504157 -3430451,09575649 -3120845,86851207
-2975431,91460352 -2975431,91460352 -3454572,1496489 -3120002,0242799
-2973279,88989883 -2973279,88989883 -3446493,34985059 -3117694,42066541
-2973195,17647933 -2973195,17647933 -3422556,41815515 -3115212,05427635
-2971262,15787716 -2971262,15787716 -3422076,94291645 -3107309,62376828
-2965688,65244657 -2965688,65244657 -3424462,47106243 -3106006,2596872
-2965688,65244657 -2969886,69147376 -3419642,14725437 -3105897,98217821
-2965688,65244657 -2971678,03740692 -3414410,88290674 -3104571,51749639
-2965688,65244657 -2968489,66506964 -3453631,1975235 -3101277,76060461
-2962016,44199894 -2962016,44199894 -3403024,20713459 -3099535,66197408
-2927969,4096533 -2927969,4096533 -3388106,32569953 -3097870,57336364
-2923705,5755396 -2923705,5755396 -3394587,86876607 -3092622,26814268
-2917399,89084797 -2917399,89084797 -3419493,1287687 -3089282,20194065
-2917171,96087218 -2917171,96087218 -3424621,69010339 -3088394,11921515
-2915420,81845159 -2915420,81845159 -3395463,16825828 -3085360,82572582
-2915420,81845159 -2916940,58226658 -3402534,15038447 -3084933,17959166
-2914643,66219638 -2914643,66219638 -3418731,40103183 -3086134,94198915
-2914643,66219638 -2916739,12761394 -3381155,676798 -3084583,47992504
-2914643,66219638 -2922424,67628118 -3413252,7085809 -3084513,74985276
-2914643,66219638 -2920346,40576124 -3419556,16795592 -3085551,67451686
-2914643,66219638 -2917274,5922968 -3405194,08393784 -3079979,16870722
-2910155,32864676 -2910155,32864676 -3400112,55346588 -3076318,75016035
-2910155,32864676 -2913080,07806919 -3366691,9109899 -3073625,84283839
-2907747,46011298 -2907747,46011298 -3407253,99759916 -3067422,97934286
-2904122,29712192 -2904122,29712192 -3403848,03694335 -3065406,84328892
-2904122,29712192 -2905569,72781458 -3409034,88654262 -3063650,28387258
-2904122,29712192 -2906770,58303801 -3406141,02918884 -3054547,79407813
-2904122,29712192 -2914721,42765762 -3386344,52155302 -3055687,37577095
-2904122,29712192 -2914631,17707669 -3363816,74573116 -3057812,00172388
-2904122,29712192 -2912720,56653609 -3388489,3375022 -3056764,24552708
-2904122,29712192 -2905942,1944334 -3367663,65321704 -3055424,57642325
-2904122,29712192 -2905327,20773149 -3384901,2563119 -3051976,55766157
-2904122,29712192 -2908055,42473684 -3361235,30854223 -3049036,71889084
-2902746,17510111 -2902746,17510111 -3382187,2934766 -3046150,96684815
-2902746,17510111 -2910918,6321473 -3382243,11922334 -3046386,84042526
-2902746,17510111 -2911590,98311979 -3344768,29247204 -3046142,38717568
-2902746,17510111 -2919193,53663207 -3376811,3863215 -3044703,79230576
-2902746,17510111 -2930019,10655977 -3350377,73761294 -3043896,34865812
-2902746,17510111 -2920981,15810393 -3372112,64810435 -3040990,27426172
-2902746,17510111 -2925349,26415891 -3351149,08465414 -3040582,94380575
-2902746,17510111 -2924981,38654745 -3332034,09165001 -3038339,79786203
-2902746,17510111 -2923252,72761654 -3329343,98371435 -3037591,13369873
-2902746,17510111 -2931307,61892999 -3361504,11531045 -3037753,83110605
-2902746,17510111 -2927663,70524874 -3326428,8408914 -3036640,69731849
-2902746,17510111 -2931543,80841526 -3324774,26696105 -3038490,26729696
-2902746,17510111 -2929214,19271878 -3373983,57118251 -3035115,32491034
-2902746,17510111 -2932566,85780313 -3350912,49388298 -3035056,50507523
-2902746,17510111 -2927825,43917651 -3350310,65383163 -3034976,48936777
-2902746,17510111 -2928256,89611436 -3365951,76936959 -3035328,08884251
-2902746,17510111 -2930147,22408477 -3383587,89704365 -3035238,20899842
-2902746,17510111 -2924539,59909841 -3368208,54328168 -3031854,4624665
-2902746,17510111 -2935431,83741649 -3367426,59278856 -3031769,4979455
-2902746,17510111 -2937114,15510569 -3338439,83168028 -3033676,12136007
-2902746,17510111 -2936991,36465836 -3349156,87933784 -3031334,42152766
-2902746,17510111 -2932068,22058749 -3401753,03493476 -3032830,57528543
-2902746,17510111 -2935592,51928939 -3402805,51489022 -3031782,41588459
-2902746,17510111 -2922347,33699974 -3356715,52013302 -3030260,25366352
-2902746,17510111 -2919165,73748405 -3356569,73286288 -3027877,94203553
-2902746,17510111 -2921523,24060895 -3363069,08506774 -3025694,40562445
-2902746,17510111 -2918491,85353979 -3404545,46466047 -3021343,7940631
-2902746,17510111 -2917243,40504233 -3398946,71921945 -3022366,8082352
-2902746,17510111 -2913298,15710038 -3353445,09780783 -3021764,44362258
-2902746,17510111 -2910062,02496192 -3388243,70822351 -3020786,27562784
-2902746,17510111 -2912003,13496968 -3355232,12681512 -3019837,14584556
-2902746,17510111 -2912338,13493664 -3389490,95551839 -3017729,43036113
-2902746,17510111 -2910523,33866623 -3366215,94082641 -3016151,27545071
-2888089,6230015 -2888089,6230015 -3369142,80134815 -3013597,3196354
-2887536,31455492 -2887536,31455492 -3397074,70323933 -3010877,69712725
-2887536,31455492 -2888507,04112172 -3357971,54584334 -3012360,17514486
-2887536,31455492 -2902524,19149111 -3381505,70514873 -3013561,09822451
-2887536,31455492 -2899991,24195819 -3399596,82632902 -3014173,13767462
-2887536,31455492 -2902031,82657183 -3402011,86449325 -3011291,3380101
-2887536,31455492 -2899945,77839122 -3329120,9015143 -3007645,65333696
-2887536,31455492 -2898418,98402992 -3346450,94679008 -3006561,4628752
-2887536,31455492 -2898846,20532439 -3331787,08477654 -3006752,14267124
-2887536,31455492 -2896300,30160013 -3323707,32479726 -3006361,3475507
-2887536,31455492 -2901227,86163844 -3319169,66316729 -3003759,04659177
-2887536,31455492 -2901439,25075832 -3345877,60652763 -2999482,55637765
-2887536,31455492 -2898262,39298788 -3280116,6444469 -2998893,70275364
-2887536,31455492 -2891223,68182049 -3348624,68811799 -2996393,58483102
-2887536,31455492 -2894092,18925587 -3344771,54510617 -2995145,80086037
-2887536,31455492 -2887839,74069194 -3341308,6311048 -2993055,31082921
-2882607,80638848 -2882607,80638848 -3344960,407141 -2991647,26080438
-2882607,80638848 -2884650,17696783 -3334759,49366701 -2991024,90380723
-2880888,03399662 -2880888,03399662 -3314172,27708899 -2993885,81924393
-2878903,87464173 -2878903,87464173 -3335127,45700344 -2995654,58119703
-2878903,87464173 -2880340,87458712 -3341857,5949365 -2996188,46229324
-2878486,04741994 -2878486,04741994 -3307623,08963153 -2994100,91351218
-2874669,64882382 -2874669,64882382 -3289062,60977824 -2991939,50808754
-2874669,64882382 -2884129,36462532 -3336034,26033677 -2993005,55155289
-2874669,64882382 -2885873,61807521 -3284809,08684142 -2991373,46276126
-2874669,64882382 -2884325,83904905 -3300929,90878511 -2990477,24936332
-2874669,64882382 -2881339,55183272 -3317111,48587722 -2986802,47338306
-2874669,64882382 -2884563,32492025 -3316322,18845495 -2986792,46498378
-2874669,64882382 -2883946,84212297 -3293410,30820564 -2984399,80126518
-2874669,64882382 -2884436,89947488 -3273670,25515631 -2984185,25146373
-2874669,64882382 -2879922,24327243 -3326539,5912038 -2983130,54641135
-2874669,64882382 -2875526,2247163 -3322142,12748896 -2980224,11986684
-2874669,64882382 -2877990,34519222 -3300030,14799365 -2979616,50386747
-2874669,64882382 -2881916,44453012 -3295246,66706571 -2976219,10720047
-2874669,64882382 -2883443,6368758 -3308699,92161289 -2973937,69005887
-2874669,64882382 -2885585,58212091 -3306894,67560203 -2972800,26890218
-2874669,64882382 -2886471,58305724 -3293602,38678963 -2971294,49378745
-2874669,64882382 -2884573,88713337 -3298476,22874824 -2968223,06921472
-2869593,05745034 -2869593,05745034 -3307031,42057464 -2965398,28823204
-2864290,60437086 -2864290,60437086 -3282432,94022253 -2964895,43318582
-2864025,39259378 -2864025,39259378 -3270710,16786404 -2964947,71842139
-2864025,39259378 -2865437,21324844 -3262739,8327581 -2961549,05911917
-2864025,39259378 -2868527,30530722 -3297403,37207213 -2963564,79517563
-2864025,39259378 -2866141,88201923 -3282701,93030785 -2961590,70496764
-2864025,39259378 -2867378,52009805 -3289260,79586966 -2959539,57864561
-2863789,53909336 -2863789,53909336 -3290785,86859221 -2960207,39147409
-2863789,53909336 -2869707,38344124 -3319713,0759779 -2956712,4182361
-2863789,53909336 -2871354,92063413 -3245264,39224784 -2955323,21286677
-2863789,53909336 -2869620,50763975 -3240539,46517537 -2956255,01366633
-2863789,53909336 -2865997,5625871 -3256617,72253051 -2953274,22904953
-2859567,40986483 -2859567,40986483 -3228599,03155512 -2948962,30393224
-2859567,40986483 -2860718,78874366 -3228816,49655064 -2948624,72497563
-2859567,40986483 -2863011,52105033 -3220685,10897532 -2945840,18200885
-2859567,40986483 -2865011,52105033 -3225548,54123855 -2943485,32899104
-2859567,40986483 -2872355,16615706 -3242177,99264995 -2944680,85682656
-2859567,40986483 -2868053,83554796 -3238130,0858745 -2944504,43364222
-2859567,40986483 -2870621,3024739 -3233507,34560546 -2939164,15739196
-2859567,40986483 -2868838,00576833 -3212984,1265094 -2936616,66621241
-2859567,40986483 -2863054,72825862 -3211124,18089367 -2935779,73535778
-2859567,40986483 -2865054,72825862 -3208635,4320876 -2933928,94606003
-2859567,40986483 -2867522,69939765 -3243747,27168324 -2932452,8385062
-2859567,40986483 -2869525,42737146 -3217566,85308618 -2929485,27586119
-2859567,40986483 -2863552,5591814 -3235256,03976864 -2923913,58049225
-2854695,33515046 -2854695,33515046 -3233516,58201522 -2922004,14425271
-2846935,65419647 -2846935,65419647 -3224483,88411293 -2918993,67068888
-2845265,14503712 -2845265,14503712 -3231813,78757764 -2918540,91026714
-2834126,27182907 -2834126,27182907 -3251004,59807247 -2918400,8800087
-2831343,45670651 -2831343,45670651 -3230311,20862218 -2917168,00420313
-2831343,45670651 -2831855,54343298 -3215223,35698289 -2916435,11712128
-2831343,45670651 -2832812,3308104 -3249353,49954445 -2910823,79420357
-2831343,45670651 -2831487,00326178 -3220526,22357611 -2913300,02621814
-2830949,03304269 -2830949,03304269 -3234627,59774315 -2911954,56429949
-2826487,23757843 -2826487,23757843 -3222610,47523069 -2909791,9319677
-2825486,0829223 -2825486,0829223 -3257003,01469504 -2906176,20308093
-2825486,0829223 -2825549,71928967 -3249296,9242958 -2906482,69843116
-2825298,4555702 -2825298,4555702 -3230487,34990563 -2902777,40122855
-2825298,4555702 -2827388,2043708 -3214034,16616129 -2901221,44512393
-2824368,40907586 -2824368,40907586 -3212912,54669052 -2902722,93349476
-2820599,23700932 -2820599,23700932 -3221513,22409258 -2901080,39351702
-2820599,23700932 -2821086,06998983 -3214235,9907205 -2900549,27243439
-2800147,22322318 -2800147,22322318 -3222454,39814234 -2898151,42954944
-2800147,22322318 -2802183,59386463 -3213882,17137619 -2897224,31150997
-2800147,22322318 -2802840,01968779 -3253232,89273398 -2895449,94582395
-2790801,8162163 -2790801,8162163 -3220480,60655348 -2892811,46117513
-2788870,8329354 -2788870,8329354 -3208331,69787878 -2890680,11812439
-2785439,17063799 -2785439,17063799 -3210018,23744227 -2891429,49217668
-2785439,17063799 -2792875,82184467 -3248589,46304664 -2891188,71005866
-2785439,17063799 -2793154,49559359 -3203503,22587338 -2891196,45365911
-2785439,17063799 -2787423,03141705 -3210665,76810918 -2890539,81194791
-2785439,17063799 -2787817,64569426 -3230277,1709004 -2891077,3999775
-2781704,53058545 -2781704,53058545 -3246436,29389794 -2891347,15268528
-2781704,53058545 -2784430,57350698 -3244626,22126854 -2888080,58785926
-2781704,53058545 -2782666,5067871 -3244642,45253966 -2886617,14433428
-2781704,53058545 -2786581,53764034 -3200462,33592807 -2883554,1559345
-2781704,53058545 -2787937,56039743 -3190138,19976867 -2883803,00249188
-2781704,53058545 -2786986,37399051 -3188093,05452665 -2883196,5005639
-2780332,07967733 -2780332,07967733 -3206234,13762926 -2878885,61120468
-2775076,03089219 -2775076,03089219 -3194233,025704 -2876118,58504013
-2773285,72716814 -2773285,72716814 -3172384,33611901 -2876420,04049281
-2757190,83288787 -2757190,83288787 -3192422,65732122 -2872520,93094771
-2753190,83288787 -2753190,83288787 -3179944,85280151 -2872549,87797256
-2753190,83288787 -2753531,35865122 -3161460,64080523 -2871180,71613922
-2753190,83288787 -2761899,21659524 -3187703,47081497 -2871249,17266121
-2753190,83288787 -2762730,84096413 -3188973,96383379 -2868991,47205876
-2753190,83288787 -2764083,8284533 -3201926,40834735 -2866304,9376352
-2753190,83288787 -2758747,06254214 -3140151,85469552 -2863426,20868336
-2753190,83288787 -2761163,80087462 -3156337,85598001 -2862068,04345178
-2753190,83288787 -2762620,68235754 -3125866,21900696 -2861381,91165802
-2753190,83288787 -2761545,06357735 -3163262,30453445 -2857265,87292282
-2753190,83288787 -2765232,96972914 -3175481,11170868 -2857259,72864837
-2753190,83288787 -2758032,10612039 -3192086,25439901 -2852618,4934443
70036,619887198
