170800,310877785 -28302,5757115871 -32916,647358369 -29353,0602465
170800,310877785 -27096,0418049068 -32925,4630537143 -28843,2423323372
170800,310877785 -26106,2269357605 -32661,3515325614 -28346,9465237756
170800,310877785 -25633,126041151 -32610,9233034434 -27833,6349479055
170800,310877785 -24942,2299214972 -31016,3265203381 -27153,1656875712
170800,310877785 -24399,0396936611 -30476,0812345437 -26686,4283379304
170800,310877785 -23946,5919050036 -30621,4571558889 -26221,8162048085
170800,310877785 -23645,1007961503 -29809,1390852877 -25869,2971888039
170800,310877785 -23451,1499119763 -28663,4094893862 -25374,9576424289
170800,310877785 -22526,8348341291 -28417,8768952237 -24919,1337857589
170800,310877785 -21539,4516032495 -28219,980147462 -24351,0034031188
170800,310877785 -21476,8935926908 -28020,6176807204 -23841,938356629
170800,310877785 -20393,0681352309 -27556,7026551969 -23675,8092263159
170800,310877785 -20216,9521488241 -27721,7159846684 -23177,8955553547
170800,310877785 -20027,0472813229 -26645,5500881023 -22781,0335344666
170800,310877785 -19359,3583903895 -26658,7086823253 -22346,157238142
170800,310877785 -19148,4818592596 -26463,152502338 -21682,9845523477
170800,310877785 -18763,2313799841 -25696,0448586695 -21363,8743428084
170800,310877785 -18277,4258701732 -25404,5528411391 -21103,3055254688
170800,310877785 -18104,6489782707 -25975,5315513838 -20624,2008110474
170800,310877785 -18054,0286834174 -25328,7704830805 -20380,7253005893
170800,310877785 -17631,4292552012 -24694,9085219993 -20211,9553046828
170800,310877785 -17626,648907316 -23946,0647456503 -20096,4336295363
170800,310877785 -17171,3362599029 -23729,8820707556 -19562,1944818267
170800,310877785 -16760,0938582667 -23306,4581459719 -19390,5541881951
170800,310877785 -16808,1635637951 -23020,7213186043 -18940,0009290033
170800,310877785 -16647,5921342813 -22531,2952387808 -18612,2446626743
170800,310877785 -16192,4092327393 -22144,5056100112 -18354,6228305743
170800,310877785 -16154,0402079438 -21760,209866579 -18258,2523974066
170800,310877785 -16136,2418171758 -21393,9828597225 -18101,685157971
170800,310877785 -15864,060246429 -20754,4981455226 -17808,0803842949
170800,310877785 -15401,9669287051 -20903,2135264273 -17557,0236668403
170800,310877785 -15272,6083810555 -20469,8702434476 -17430,9546102626
170800,310877785 -15040,325265114 -20357,7610048118 -17300,7676144687
170800,310877785 -15034,3781996413 -20963,6098026109 -17094,1952641081
170800,310877785 -15646,6590120709 -20414,4911429816 -17012,2878193859
170800,310877785 -15315,1239458678 -20031,7787676833 -16834,1152997453
170800,310877785 -15279,2834890527 -20176,2365788292 -16714,7103927648
170800,310877785 -15231,1801719447 -19322,7779760646 -16646,6493810465
170800,310877785 -14820,0835762162 -19094,3332491079 -16492,906546726
170800,310877785 -14768,5275021414 -19379,8102718693 -16423,8817460139
170800,310877785 -14684,502068401 -19515,5726520562 -16205,9908510344
170800,310877785 -14652,4684902627 -19487,8014163324 -16083,6921782983
170800,310877785 -14224,7731391269 -19074,3995082756 -15923,2389845158
170800,310877785 -14224,7731391269 -19213,4060150805 -15879,5457750097
170800,310877785 -14178,8956055318 -18737,3220609874 -15765,2568132785
170800,310877785 -14108,2598877525 -18783,1861674275 -15512,9694302856
170800,310877785 -13781,0995174509 -18426,3446049865 -15348,5637395659
170800,310877785 -13997,9318613238 -19313,5851845956 -15315,3445986754
170800,310877785 -14103,1933013025 -19103,285374289 -15187,3909470684
170800,310877785 -13884,3708732106 -18997,4102855914 -15174,9189982011
170800,310877785 -13994,6671712287 -18454,5434403477 -15104,9897465201
170800,310877785 -13289,8967790919 -18415,5923427149 -14835,2897169289
170800,310877785 -13155,5858229847 -18831,7418829105 -14741,7824482531
170800,310877785 -12971,0580468883 -17708,6678040362 -14634,1494080593
170800,310877785 -12971,0580468883 -17666,868381507 -14529,7787394932
170800,310877785 -12986,978741768 -17949,7882827165 -14386,5435670336
170800,310877785 -13040,7565524992 -17511,8922400096 -14295,6603352403
170800,310877785 -13156,9856082425 -17455,7190577889 -14275,3870631265
170800,310877785 -13156,9856082425 -16969,4309416934 -14277,4945615971
170800,310877785 -13078,7691965493 -16755,3028856563 -14217,423407233
170800,310877785 -12942,8695372773 -17328,2510234461 -14176,8425219415
170800,310877785 -12978,7099940923 -18098,2886291944 -14060,2048180726
170800,310877785 -12975,5362108861 -17368,7024058457 -14061,5272795441
170800,310877785 -12800,7274928632 -17286,0858082633 -13978,8786464297
170800,310877785 -12783,7584126723 -17224,4789271417 -13934,1496147365
170800,310877785 -12719,6587737467 -17410,2568650968 -13815,6056238866
170800,310877785 -12458,4614111958 -16898,4447349779 -13801,9075237042
170800,310877785 -12454,1533027016 -17176,8863728465 -13818,2544061251
170800,310877785 -12457,2265563631 -17147,5288080231 -13809,7661989579
170800,310877785 -12470,4059367682 -17249,1655206647 -13757,3157469363
170800,310877785 -12272,170819839 -16727,330820946 -13686,4605155024
170800,310877785 -12143,4384221007 -16518,3571615739 -13579,0538122474
170800,310877785 -12478,7664754701 -16431,0142309864 -13579,420325553
170800,310877785 -12465,7036703026 -16864,3278935525 -13540,7489946769
170800,310877785 -12247,2088119485 -16390,4757200229 -13502,2615256747
170800,310877785 -12427,515971763 -16460,0376560003 -13472,6725597302
170800,310877785 -12463,2007784821 -15913,4826391889 -13473,6504164305
170800,310877785 -12733,8040320731 -16020,0635832803 -13481,0959828525
170800,310877785 -12647,4750377018 -16147,5958398178 -13349,1121188357
170800,310877785 -12566,2348904712 -15496,2742062289 -13271,6768416329
170800,310877785 -12361,5499720553 -16014,0178303932 -13138,1323725828
170800,310877785 -12380,3714445428 -16103,956760039 -13084,2106610124
170800,310877785 -12299,5967470626 -16535,1174061914 -13047,8652336005
170800,310877785 -12080,164823439 -16328,6884888132 -13019,6050410785
170800,310877785 -11952,7953280225 -15261,5348819405 -12973,4813139689
170800,310877785 -11967,1742572223 -15378,4602929986 -12957,28617286
170800,310877785 -12047,1838074277 -16294,7662797822 -12959,7398267793
170800,310877785 -12097,8634738247 -16429,092644667 -12947,3841249698
170800,310877785 -12206,3245057912 -15393,0970148245 -12952,3994852168
170800,310877785 -11876,204445981 -15809,9483126088 -12888,6270183965
170800,310877785 -11622,0350632411 -15877,6062524618 -12836,5219683985
170800,310877785 -11576,0858870866 -15399,0721394253 -12835,2980518266
170800,310877785 -11598,552806042 -15535,3829712113 -12773,5549332485
170800,310877785 -11487,1625727144 -15420,5638414352 -12735,4100938529
170800,310877785 -11524,2755719791 -15684,7302628574 -12729,1200638741
170800,310877785 -11611,1449319108 -16267,8731902197 -12626,2072422008
170800,310877785 -11533,3763904729 -15394,3116919736 -12521,1848857147
170800,310877785 -11566,0219497189 -14971,7942182326 -12511,2854555963
170800,310877785 -11527,2678077327 -15387,4442285796 -12578,1323852394
170800,310877785 -11664,6004935164 -15158,1966416041 -12573,0258632231
170800,310877785 -11710,5355344553 -15477,7280042895 -12500,5439752914
170800,310877785 -11710,5355344553 -15337,9550758698 -12469,4578521194
170800,310877785 -11678,4830334774 -14795,6328735106 -12483,8725746715
170800,310877785 -11712,145176542 -15182,5363179718 -12514,4173068766
170800,310877785 -11748,1251961958 -15519,9197813048 -12515,8737015605
170800,310877785 -11702,1901552569 -14672,7330653403 -12485,9997731017
170800,310877785 -11899,5820485729 -14864,192974672 -12450,4189005746
170800,310877785 -11908,8303158148 -14874,0716823213 -12422,4671531001
170800,310877785 -11969,7998988121 -15216,4752063928 -12435,9205686272
170800,310877785 -11936,1377557475 -14914,0134481327 -12387,5925126801
170800,310877785 -11864,9742181996 -15174,4984468971 -12350,0726523881
170800,310877785 -11401,1567848121 -15059,3323824932 -12219,8926598074
170800,310877785 -11628,6600449189 -14562,4458778408 -12176,4846663191
170800,310877785 -11600,1983476872 -14940,2260731543 -12215,133905971
170800,310877785 -11365,525029218 -15049,5830531531 -12267,0978678713
170800,310877785 -11398,216841412 -15107,2304585667 -12312,6554132937
170800,310877785 -11631,8671329979 -14954,6589061491 -12308,9473407573
170800,310877785 -11620,3780046689 -14222,8624905649 -12313,0567777455
170800,310877785 -11570,1968593884 -15151,0161636826 -12278,3193237372
170800,310877785 -11403,8456649706 -15251,0879114562 -12319,108590067
170800,310877785 -11599,0852547577 -14690,2588659002 -12347,2311041992
170800,310877785 -11487,0249428741 -14886,4815443531 -12363,0095085102
170800,310877785 -11565,9051032664 -14972,8765835008 -12399,9772900581
170800,310877785 -11557,8240635152 -14970,6803830779 -12383,5164661231
170800,310877785 -11616,2678945745 -15061,6218297962 -12458,381467554
170800,310877785 -11646,681519279 -15041,5512904931 -12384,8438684381
170800,310877785 -11625,5180513722 -14827,9160465478 -12373,3864101117
170800,310877785 -11656,6811923187 -15202,1286956712 -12365,2535015414
170800,310877785 -11743,4247521869 -14737,7783688688 -12372,440121766
170800,310877785 -11418,1702199363 -14550,2795867598 -12326,1351637199
170800,310877785 -11371,0721131446 -14871,2607256488 -12332,6481375214
170800,310877785 -11260,611762987 -14564,9421865192 -12306,540483683
170800,310877785 -11574,1862654062 -14572,3932351857 -12236,9927542968
170800,310877785 -11240,7455418419 -15051,7821783754 -12167,3949376783
170800,310877785 -11480,3236638131 -14683,3982753052 -12154,8785478188
170800,310877785 -11506,1908507976 -14971,7474667668 -12116,4885190524
170800,310877785 -11581,4211031805 -14785,4228091758 -12144,2459565152
170800,310877785 -11572,0646646213 -14989,4557967843 -12127,4911030418
170800,310877785 -11574,6222402983 -15009,5110901791 -12213,7516304695
170800,310877785 -11386,7157007296 -14722,9770833411 -12097,8942791179
170800,310877785 -11476,9903850953 -14918,0228246936 -12079,6642292923
170800,310877785 -11469,9265478427 -15389,1346300022 -12072,7440023816
170800,310877785 -11443,9258560726 -14568,4554522899 -12066,2458759997
170800,310877785 -11386,2016472938 -14726,5523580936 -12069,0197659098
170800,310877785 -11384,9300838066 -15665,9800705441 -12122,1628628055
170800,310877785 -11450,0033202645 -14359,8948022802 -12170,4365880269
170800,310877785 -11573,8323682472 -14819,594970285 -12163,8441736226
170800,310877785 -11411,7633209206 -15134,8387050166 -12100,1644356687
170800,310877785 -11519,2607761414 -15089,036781768 -12161,3518107828
170800,310877785 -11549,361622233 -14855,989396092 -12215,844083068
170800,310877785 -11630,1577799967 -14563,2161699935 -12175,9649302887
170800,310877785 -11549,4911743051 -14977,7569009904 -12140,329930742
170800,310877785 -11421,5214887909 -14831,6090892553 -12115,7380053311
170800,310877785 -11535,5689170995 -14515,2773302909 -12140,6048546634
170800,310877785 -11566,9292162575 -14592,2516539386 -12243,113166915
170800,310877785 -11486,4196584192 -14735,7879853819 -12279,4394359769
170800,310877785 -11444,4849656464 -15062,1217687873 -12292,6200783144
170800,310877785 -11544,9649256927 -14671,1005778011 -12261,3771140247
170800,310877785 -11599,1129202255 -15210,4740649007 -12297,4164368037
170800,310877785 -11683,0047220294 -14487,4553525694 -12377,1624319143
170800,310877785 -11521,9954506118 -14888,200107469 -12308,2764911659
170800,310877785 -11544,6104824977 -15016,8266243943 -12278,6034114655
170800,310877785 -11402,2938673903 -14780,0935581245 -12235,4993797523
170800,310877785 -11318,4430855966 -14580,0946010381 -12208,0221434881
170800,310877785 -11060,7333745986 -15286,6898009626 -12199,5938746865
170800,310877785 -10984,0422958898 -14677,8913660397 -12146,9715160924
170800,310877785 -11103,8502717761 -15070,6690827427 -12198,9676697275
170800,310877785 -10924,1051599992 -14830,4110906788 -12218,4411224464
170800,310877785 -10856,5365621633 -15723,4485788652 -12228,2181061918
170800,310877785 -10856,5365621633 -14825,041614402 -12230,6987848647
170800,310877785 -10955,1350251435 -14302,4848947979 -12244,0447547814
170800,310877785 -10952,8979283318 -15227,1536949351 -12216,6896657631
170800,310877785 -10961,7106508084 -14746,7171427222 -12299,2404454148
170800,310877785 -10959,2095393016 -15159,8143894416 -12251,259721724
170800,310877785 -10548,7143241363 -15551,8808397654 -12128,7847790896
170800,310877785 -10817,0333821202 -14907,2727520991 -12157,3027057457
170800,310877785 -10808,2206596436 -15063,9395998274 -12192,993151131
170800,310877785 -10779,4756791165 -14953,339768466 -12130,2142991142
170800,310877785 -10779,8639495887 -14760,9234839234 -12157,9897893857
170800,310877785 -10778,0348233828 -14893,0745142038 -12170,7908966395
170800,310877785 -10942,477153918 -15383,6664418604 -12130,6335892153
170800,310877785 -10943,4725416278 -15290,9288668928 -12054,3295230279
170800,310877785 -11100,1591050283 -14902,376946378 -12066,3962251387
170800,310877785 -11218,8273695094 -15444,0128129516 -12131,9371686995
170800,310877785 -11240,9029146092 -15190,4057899409 -12092,558986519
170800,310877785 -11155,364172291 -14265,658733437 -12086,1659442278
170800,310877785 -11125,8259339714 -14645,7526409788 -12076,6075971283
170800,310877785 -10980,2828645169 -14899,3500184899 -11946,2660818972
170800,310877785 -11055,1363457101 -14325,1614547523 -12012,7665280573
170800,310877785 -11043,089671554 -15113,4466694542 -11962,2963987717
170800,310877785 -11149,4380149046 -15545,0368555007 -11967,5525010146
170800,310877785 -11253,3978376913 -14985,2559841613 -11871,9837327412
170800,310877785 -11168,4725315118 -14652,6128569992 -11928,5623571203
170800,310877785 -10894,178889102 -15091,9523927062 -11925,1731145581
170800,310877785 -10864,2577413029 -14524,4262736956 -11990,0738830238
170800,310877785 -11004,2680879181 -15204,7989614735 -12001,4422741384
170800,310877785 -10955,3733542498 -14512,1726472551 -12016,9721248274
170800,310877785 -11036,9481275765 -15433,2291057114 -11988,5566536065
170800,310877785 -11138,8285361149 -15174,5427550374 -12125,2423881116
170800,310877785 -11146,1146099212 -15674,9413593656 -12119,2930373063
170800,310877785 -11051,223913519 -15047,0629741684 -12094,6602711278
170800,310877785 -11146,3783615049 -14336,5865583536 -12069,5549732861
170800,310877785 -11318,6546155652 -15337,4953345938 -12096,359649067
170800,310877785 -10940,4926120096 -14847,689163269 -12091,264283005
170800,310877785 -10961,2066300351 -15402,5433167149 -12128,9073802628
170800,310877785 -11010,1320063718 -15152,7262024026 -12077,6197150029
170800,310877785 -11209,1070792256 -14770,9154676294 -12150,8137954758
170800,310877785 -11051,4811216143 -14668,3291911779 -12140,9031398619
170800,310877785 -10555,0334205853 -14957,378948298 -12072,1338563879
170800,310877785 -10600,0645940961 -14577,3343028139 -12055,9162684658
170800,310877785 -10817,9819738619 -14681,7281735474 -12083,8620512385
170800,310877785 -10818,3225465965 -15150,5068490456 -12126,3813988245
170800,310877785 -10829,5528917226 -14827,3583422267 -12127,1973889623
170800,310877785 -10997,9542070829 -14782,7704139937 -12092,1290490861
170800,310877785 -10839,3935802636 -15223,5323103952 -12107,592793016
170800,310877785 -11029,3092183257 -15080,5728444106 -12122,3564167324
170800,310877785 -10968,9794942622 -14671,4409826729 -12144,2868418481
170800,310877785 -11311,4485636462 -15000,9418687637 -12269,9064608539
170800,310877785 -11228,8966624248 -15031,8901412269 -12258,522287582
170800,310877785 -11224,6194357611 -15366,5597281896 -12294,9446670821
170800,310877785 -11072,6848411178 -15396,1574947269 -12309,3706443966
170800,310877785 -11221,3777422944 -14704,7537395873 -12360,1965525621
170800,310877785 -11201,4831276016 -14910,5647529971 -12337,4856804182
170800,310877785 -11201,021571822 -14991,9036054462 -12248,2093078943
170800,310877785 -11274,4864713963 -14697,4720191404 -12249,2184239908
170800,310877785 -11274,4864713963 -15064,9951807005 -12308,8644521335
170800,310877785 -11029,7646861508 -15101,781652368 -12208,1807869443
170800,310877785 -11222,150420082 -14416,3548818942 -12151,4028380294
170800,310877785 -11390,8660435144 -14832,0871371151 -12175,9168526346
170800,310877785 -11719,040065648 -14202,9837276396 -12265,3567235478
170800,310877785 -11642,8925130361 -15224,1648002745 -12193,0440100922
170800,310877785 -11645,2346256086 -14572,6526854227 -12133,2107368222
170800,310877785 -11412,9782726592 -15114,3486996598 -12032,9166756791
170800,310877785 -11373,3563474585 -14325,1521890028 -12001,451413893
170800,310877785 -11374,5411141304 -14190,0833242015 -12038,5700769886
170800,310877785 -11636,704792746 -14921,3470900529 -12070,3000748894
170800,310877785 -11550,4420466066 -14487,8117163259 -12054,5153670172
170800,310877785 -11188,0320462134 -14693,7312777402 -12084,5584520873
170800,310877785 -11214,1715628214 -14525,7015311197 -12092,951516079
170800,310877785 -11118,5732741409 -14619,8238663057 -12109,1252497545
170800,310877785 -11255,1530444634 -15016,0471220655 -12159,1052766936
170800,310877785 -11270,2435303483 -14905,5378166059 -12133,2615019912
170800,310877785 -11294,9258610435 -15780,6523976257 -12157,900290687
170800,310877785 -11420,2562648378 -15046,5653300333 -12131,6737012608
170800,310877785 -11305,0402886793 -15128,8891925367 -12079,7489497663
170800,310877785 -11242,0945843298 -14318,820215423 -12102,5915230129
170800,310877785 -11232,1642759 -14745,5097476338 -12043,3305053544
170800,310877785 -11323,6938073429 -14790,113312705 -12120,3460446023
170800,310877785 -11323,6938073429 -14956,8882385905 -12136,912708087
170800,310877785 -11388,2804796855 -14611,1218848807 -12128,6944921947
170800,310877785 -11438,8387261031 -15083,4238088613 -12134,7174129009
170800,310877785 -11554,1490948443 -14972,3076376218 -12165,5621317067
170800,310877785 -11434,2623125939 -15528,7917363214 -12079,5975132795
170800,310877785 -11429,8808374649 -14648,5619788716 -12011,6299140363
170800,310877785 -11377,5580776262 -14587,2724028347 -12037,7921250638
170800,310877785 -11389,8893563933 -14680,3600551375 -12062,0766630953
170800,310877785 -11206,8857069408 -14538,4378849759 -12023,1727362951
170800,310877785 -11342,6661724473 -14927,1029077734 -12042,9535167934
170800,310877785 -11340,2751156478 -14571,4600250969 -12055,7245056623
170800,310877785 -11344,9150823083 -14979,3107355279 -12001,9437118748
170800,310877785 -11444,3846243286 -14491,1352001892 -12044,8977678385
170800,310877785 -11508,4247155867 -15008,0569043416 -11974,8871004869
170800,310877785 -11359,9837009789 -14522,3546945223 -11903,9653009553
170800,310877785 -11358,849812426 -15298,7834447122 -11892,3247006182
170800,310877785 -11375,1715926023 -14642,6938648413 -11944,2871544526
170800,310877785 -11375,1715926023 -14646,5528574835 -11953,9086971574
170800,310877785 -11594,0446073998 -14846,3022085564 -11958,3290547019
170800,310877785 -11488,0802757632 -14555,2661513274 -11917,1119600952
170800,310877785 -11209,7134143744 -14714,2511894002 -11979,4057184066
170800,310877785 -11022,2740350481 -14868,2807741801 -11950,8256113448
170800,310877785 -11276,9880164118 -14816,9836710172 -11949,3436444272
170800,310877785 -11262,0287409591 -14739,4294425966 -12045,8589667738
170800,310877785 -11390,8020104457 -14895,2343230627 -12088,1150727116
170800,310877785 -11482,0738428206 -14851,0804613571 -12121,6082181783
170800,310877785 -11487,0748574989 -14906,2652350917 -12150,4839836197
170800,310877785 -11245,9867574989 -15027,91458304 -12090,9094209003
170800,310877785 -11073,3241502998 -14636,5578458064 -12140,6351119987
170800,310877785 -10915,4524082921 -15031,4229693596 -12099,1500219314
170800,310877785 -10991,7874413914 -14393,3463557704 -12060,7956144043
170800,310877785 -11222,3049332763 -14964,3694623152 -12031,363408885
170800,310877785 -11267,7876563174 -14992,5223350318 -12049,9163282952
170800,310877785 -11374,5888339059 -14784,4584007465 -12132,1484875719
170800,310877785 -11497,0554691729 -15143,1686819926 -12170,1215059778
170800,310877785 -11436,4104080011 -14707,654155678 -12122,1880080569
170800,310877785 -11350,3611424107 -14768,966415957 -12081,1539494032
170800,310877785 -11258,5176702939 -15038,6112744372 -12068,5987970888
170800,310877785 -11258,5176702939 -15221,4751091731 -12053,9273421474
170800,310877785 -11273,5739603023 -15288,0205681428 -12122,9205536573
170800,310877785 -11273,5739603023 -15606,8595359527 -12125,9670009631
170800,310877785 -11339,5217585502 -14445,737793834 -12086,9457176605
170800,310877785 -11234,8634598999 -14992,4783925569 -12117,0654741697
170800,310877785 -11225,774713651 -15026,2508096964 -12088,5507681291
170800,310877785 -11308,4389506582 -15529,4042628245 -12052,4389139159
170800,310877785 -11308,4389506582 -14754,8117229999 -12036,9735611742
170800,310877785 -11130,3723223629 -14720,3410638128 -12023,593984479
170800,310877785 -11329,1187527588 -14395,3551361579 -12053,2397174576
170800,310877785 -11329,1187527588 -14523,8083211495 -12055,9800320613
170800,310877785 -11318,5384820303 -14847,4183610564 -12057,3555002072
170800,310877785 -11282,1629378137 -14579,1264155193 -12015,9333068051
170800,310877785 -11390,0763780038 -14255,0540301688 -12036,16991412
170800,310877785 -11442,3010345969 -14297,527653973 -12037,2788037588
170800,310877785 -11449,1217137411 -14800,229858311 -12077,7236833429
170800,310877785 -11417,0949826333 -14488,0674350383 -12007,742372365
170800,310877785 -11467,7084098083 -14425,3588153554 -11947,4619014698
170800,310877785 -11335,9054027025 -14547,3176663538 -11939,4824217149
170800,310877785 -11426,8660166857 -14192,748195442 -11949,0724098895
170800,310877785 -11421,2690536027 -14764,0900986807 -11912,686773422
170800,310877785 -11424,8910133816 -14637,3779822586 -11895,2450875703
170800,310877785 -11274,0817789156 -14470,2262186364 -11990,9136833298
170800,310877785 -11342,6776927051 -14561,9281149356 -12038,6235039981
170800,310877785 -11265,8998624722 -14266,0724196346 -11970,0743027496
170800,310877785 -11269,1397995586 -14985,8439114745 -11962,3695963712
170800,310877785 -11287,8454465046 -14874,4255095291 -12054,2922596296
170800,310877785 -11174,5048708381 -15091,3499741418 -11990,97902664
170800,310877785 -11182,7342283991 -14948,2315344615 -12032,1587573415
170800,310877785 -11053,193766902 -15192,5913171644 -11975,2473069335
170800,310877785 -11080,4744578847 -15577,5983269453 -11939,8652965117
170800,310877785 -11166,843350556 -14836,2909836787 -11897,0435414159
170800,310877785 -11153,2110341894 -14858,7627895215 -11891,6513126669
170800,310877785 -11106,8726985352 -14201,111606284 -11990,1404717409
170800,310877785 -11091,9305896302 -14309,8057282885 -11938,7815958926
170800,310877785 -11189,1847639238 -14565,2940719023 -12025,9235387409
170800,310877785 -11327,4694750696 -14930,3947007801 -12044,3444127475
170800,310877785 -11426,0455954579 -14684,1845795074 -12035,9680427441
170800,310877785 -11658,1932099955 -14445,9407676112 -12096,5422258435
170800,310877785 -11693,1055557491 -15246,6564128309 -12183,3032062727
170800,310877785 -11604,0923202881 -14739,2490717932 -12170,4456856425
170800,310877785 -11694,6556619498 -14835,7221495349 -12220,3200406917
170800,310877785 -11854,7684537295 -14541,6204464516 -12219,3352911715
170800,310877785 -11884,4779378638 -14931,7773631088 -12134,5918496527
170800,310877785 -11777,9401158356 -14760,122830503 -12226,888311151
170800,310877785 -11703,4336485343 -14939,1395177405 -12124,5464742278
170800,310877785 -11582,2350793217 -14733,1359194223 -12148,0456893799
170800,310877785 -11581,9387699742 -14670,7586399312 -12123,9444491293
170800,310877785 -11708,1820089166 -14765,7208548201 -12204,93246632
170800,310877785 -11697,4292564673 -14974,57487 -12222,3024441179
170800,310877785 -11734,6747179996 -15648,3911012314 -12182,7776863007
170800,310877785 -11644,093422472 -14944,3560383832 -12088,0455908039
170800,310877785 -11560,9349271647 -14293,5216769654 -12006,7798914081
170800,310877785 -11548,9357840861 -14596,8879209173 -11929,5605186873
170800,310877785 -11553,2233641176 -14230,8078220222 -11825,1307705123
170800,310877785 -11209,8104593646 -14743,5464789128 -11688,9822511375
170800,310877785 -11387,6339080643 -13919,7072473799 -11626,0485458912
170800,310877785 -11221,8713345265 -14237,0337439797 -11684,4990659413
170800,310877785 -11213,6081752059 -14035,4633909742 -11667,1455385796
170800,310877785 -11157,8328625222 -14197,671285316 -11696,2180479359
170800,310877785 -11219,7137601449 -14617,6457797289 -11659,3868332384
170800,310877785 -11082,0032509111 -14237,5549531748 -11616,4778965557
170800,310877785 -10977,377300605 -14539,7265054731 -11671,8499253435
170800,310877785 -10790,5778056772 -14342,5236052739 -11750,8401478983
170800,310877785 -10793,7712361456 -14009,2135411153 -11730,4258113838
170800,310877785 -10793,7712361456 -14544,5005876924 -11717,2013626366
170800,310877785 -10974,1833080827 -14142,9163615806 -11713,1017424666
170800,310877785 -10942,0814340114 -14195,5900006284 -11651,9853990319
170800,310877785 -11012,0326056403 -14144,6227590736 -11674,8799293673
170800,310877785 -10969,6092914783 -14173,4454801343 -11680,6926130575
170800,310877785 -10998,2858817358 -14523,201400422 -11603,3689658981
170800,310877785 -10955,8125321186 -14086,2721092191 -11617,9190221313
170800,310877785 -10814,2827471144 -14307,8932399768 -11605,8420256364
170800,310877785 -10828,0817541669 -14338,3912190438 -11601,7104049576
170800,310877785 -10906,5874440467 -14393,8891943158 -11606,8096565428
170800,310877785 -10745,6070897723 -14434,4659080353 -11549,0990651815
170800,310877785 -10689,3083300658 -14430,7130725146 -11507,5603001905
170800,310877785 -10628,3947871918 -14057,2128743418 -11590,1454912237
170800,310877785 -10814,098812921 -14271,0093970158 -11602,1999606087
170800,310877785 -11010,5548898179 -14064,7352312145 -11704,9651309489
170800,310877785 -11068,7179778736 -13884,814617457 -11639,3244723299
170800,310877785 -11043,6892853278 -13992,1863945844 -11578,4595379027
170800,310877785 -11023,4380608232 -15027,1091188493 -11559,8535572186
170800,310877785 -11030,8429980357 -13965,44287696 -11622,832694226
170800,310877785 -10940,9197042667 -14521,4577220652 -11570,3361350991
170800,310877785 -10904,3887494224 -14812,6564464797 -11510,7250376208
170800,310877785 -10878,4542731761 -14031,6390060924 -11477,7735598277
170800,310877785 -10935,3293010411 -14169,3482459897 -11514,0984638707
170800,310877785 -10984,6535848557 -14084,4579776621 -11488,8026311323
170800,310877785 -10991,9699546207 -13508,3943137765 -11483,2144393467
170800,310877785 -10856,1336414705 -13826,3384475302 -11434,4318042195
170800,310877785 -10934,2398548569 -14049,3234999511 -11540,3068313455
170800,310877785 -10903,8465625804 -14390,5305580452 -11539,9245201347
170800,310877785 -10944,1174328327 -13911,8363053907 -11591,7497191233
170800,310877785 -10978,8461393553 -14877,8646002397 -11542,132971946
170800,310877785 -11013,5468226736 -14013,7603350485 -11578,5902268059
170800,310877785 -11080,5808909723 -14301,1700986971 -11572,8035748967
170800,310877785 -11110,6278784673 -14136,4180325072 -11608,4841137236
170800,310877785 -10873,7083558544 -14198,6227552617 -11625,3192677664
170800,310877785 -11013,7091935185 -14868,9786512413 -11653,0484065949
170800,310877785 -11151,0803714391 -14136,5223773429 -11726,8840534667
170800,310877785 -11060,4692496217 -13839,0749905587 -11694,2884794146
170800,310877785 -11383,3599872652 -13910,5382590648 -11690,1452494251
170800,310877785 -11240,721893339 -14052,8380967375 -11650,2499685055
170800,310877785 -11191,6520722078 -14272,7031212372 -11662,6084648737
170800,310877785 -11231,1571925055 -14165,0244898966 -11669,058253831
170800,310877785 -11280,3890345293 -14420,4292479173 -11657,3925171466
170800,310877785 -10955,1872675871 -13930,5071729862 -11650,0902992617
170800,310877785 -11103,4668798048 -13888,0765570268 -11694,0914585683
170800,310877785 -11103,4668798048 -14051,7467596272 -11661,4529866709
170800,310877785 -11189,454572487 -14498,0535866098 -11686,9385597147
170800,310877785 -11250,9190962609 -15072,7129440119 -11739,1298295173
170800,310877785 -11248,9367962431 -14472,6890211015 -11763,1935504867
170800,310877785 -11295,3456548117 -14221,9556145984 -11783,5701828328
170800,310877785 -11205,1022238827 -14466,1483657942 -11769,2401530651
170800,310877785 -11254,8878110577 -14399,9744177876 -11797,1905809243
170800,310877785 -11182,2565345111 -14045,5710101866 -11822,5986888764
170800,310877785 -10830,9896581284 -14286,1014205371 -11737,6135821815
170800,310877785 -10759,7622700437 -14823,8828353426 -11671,611449215
170800,310877785 -10736,6616054804 -13906,6832804032 -11738,1330803273
170800,310877785 -10889,132097843 -14549,4006338224 -11676,4545255617
170800,310877785 -10889,132097843 -14204,3214773216 -11583,4045761924
170800,310877785 -10851,6936704427 -14372,9110495979 -11561,4250027967
170800,310877785 -10742,8364902681 -14173,0259015796 -11598,7277393922
170800,310877785 -10704,1824242042 -14319,4033495016 -11597,499712206
170800,310877785 -10665,1787835936 -14698,7862468671 -11651,1835655209
170800,310877785 -10559,5501486982 -14789,5618045012 -11562,0038474711
170800,310877785 -10513,0924694291 -14458,1938387096 -11591,0030228951
170800,310877785 -10306,212975185 -14718,6325343845 -11634,4677146592
170800,310877785 -10727,2462605871 -14389,7913775 -11601,5615279159
170800,310877785 -10727,2462605871 -14577,0870748537 -11605,0516036775
170800,310877785 -10566,352637566 -14383,9433083875 -11495,8634118042
170800,310877785 -10371,5811285863 -14107,9214989334 -11420,1001956813
170800,310877785 -10312,5317810907 -14992,0405417652 -11446,1734041658
170800,310877785 -10298,2890008794 -13889,3957572584 -11389,2462068413
170800,310877785 -10164,8249354304 -13961,963788708 -11360,1898046837
170800,310877785 -10254,3140928809 -14515,253870604 -11354,3648824937
170800,310877785 -10262,5449884306 -13781,4793536449 -11357,3088146514
170800,310877785 -10429,5403895125 -14047,1521727071 -11387,881319358
170800,310877785 -10423,8339010704 -14485,7826270912 -11390,8735365444
170800,310877785 -10632,9033087209 -14696,2145256488 -11465,4622781973
170800,310877785 -10426,3573403756 -14221,86310884 -11369,5343327112
170800,310877785 -10592,6769480782 -14100,7803865557 -11313,1324007494
170800,310877785 -10794,4367739122 -14447,6353272991 -11253,8014506319
170800,310877785 -10641,9662815496 -14334,6216695965 -11285,2045970128
170800,310877785 -10891,3044185162 -13938,1809264644 -11407,2682681316
170800,310877785 -10938,9027827057 -14067,4389925319 -11432,8946940925
170800,310877785 -10888,1113544677 -13911,7695639403 -11434,2647655528
170800,310877785 -10888,1113544677 -13504,3013036625 -11434,679616304
170800,310877785 -10504,4925064884 -14902,7998406214 -11394,3462164534
170800,310877785 -10606,0545100848 -14113,0166707772 -11343,4845740322
170800,310877785 -10621,5437024472 -14502,8143376101 -11403,0360881387
170800,310877785 -10649,0137535441 -14683,8073986949 -11415,7839883279
170800,310877785 -10646,6617522328 -14273,6933427776 -11448,4078424515
170800,310877785 -10661,9666659879 -14193,6068108678 -11494,6487181545
170800,310877785 -10660,4447469964 -14638,2952567873 -11494,368577164
170800,310877785 -10695,0963629113 -13386,0568005558 -11565,8781563316
170800,310877785 -10625,0826491749 -14548,8047545171 -11665,6686886575
170800,310877785 -10609,7777354197 -14545,753132558 -11557,7646851542
170800,310877785 -10747,763739664 -14529,1219520427 -11546,153628306
170800,310877785 -10912,450999547 -14052,1561273918 -11563,6689724786
170800,310877785 -10912,450999547 -14444,0300245686 -11610,0703899843
170800,310877785 -10773,9904794623 -14532,1345692346 -11625,7842233209
170800,310877785 -10741,7979327792 -14780,4830296252 -11693,3823893502
170800,310877785 -10735,1118640575 -14110,2500471221 -11723,0367735814
170800,310877785 -10706,4404079016 -14232,8028347709 -11737,0834513303
170800,310877785 -10969,0462434068 -15434,0774478928 -11717,8299338104
170800,310877785 -11025,7139840581 -14548,8434245504 -11725,6030065327
170800,310877785 -10674,4471076754 -14823,694882128 -11695,1051748429
170800,310877785 -10729,8920203127 -14581,7217001247 -11817,9234380317
170800,310877785 -10729,8920203127 -14011,7813659616 -11762,718569465
170800,310877785 -10709,092298188 -14395,2559730258 -11755,2304582539
170800,310877785 -10789,2224717362 -14616,6650631204 -11792,0545232949
170800,310877785 -10868,2916206631 -13997,0780108776 -11807,7753089735
170800,310877785 -10819,5162485702 -14527,9449596377 -11813,3597617553
170800,310877785 -10792,2194397411 -14276,0453264363 -11781,791838787
170800,310877785 -10825,8101878262 -14929,0087877064 -11872,2285543438
170800,310877785 -10784,6024499828 -15479,2354817941 -11799,5394201164
170800,310877785 -10680,4801170432 -14438,8794227185 -11764,6560365866
170800,310877785 -10621,5637556155 -14939,2964673501 -11731,3779761142
170800,310877785 -10606,8634489935 -14331,3660740775 -11750,2808317665
170800,310877785 -10713,3109499728 -14192,0559712121 -11817,7447619355
170800,310877785 -10697,8480867561 -15081,0383769804 -11815,1638543869
170800,310877785 -10698,1443961037 -14737,9212812566 -11811,3703089748
170800,310877785 -10667,9399057519 -14385,0388666037 -11761,4605929725
170800,310877785 -10671,3122899065 -14675,3788630711 -11774,2034181996
170800,310877785 -10586,7282328289 -14946,908269071 -11700,6684618348
170800,310877785 -10561,3699327143 -14267,2421158833 -11714,7673931953
170800,310877785 -10479,6348467259 -14486,987836155 -11723,8284382159
170800,310877785 -10691,2799983558 -14349,0300453832 -11833,1827359105
170800,310877785 -10776,0308693082 -14284,7796831289 -11809,9933148124
170800,310877785 -10713,8975085462 -14611,9961912552 -11751,4457215019
170800,310877785 -10623,4364460267 -14274,0478581642 -11705,898695262
170800,310877785 -10559,0012737616 -14163,3616665781 -11643,8522165177
170800,310877785 -10429,5916864509 -14100,5308663417 -11627,9610315908
170800,310877785 -10585,1133387547 -14715,7089553244 -11677,4097515355
170800,310877785 -10562,4480819836 -15341,1742283406 -11666,228602587
170800,310877785 -10567,788766715 -15180,5332879428 -11619,7514217142
170800,310877785 -10044,38308941 -14264,812561703 -11657,7501911332
170800,310877785 -10383,3083390205 -14629,1823900302 -11724,7227801328
170800,310877785 -10486,1602586728 -15187,0041275083 -11768,534121274
170800,310877785 -10454,8568183836 -14416,742339704 -11878,2867647411
170800,310877785 -10711,5436299193 -14867,4267954235 -11835,0467429598
170800,310877785 -10944,2162721376 -14790,0070603166 -11871,941550058
170800,310877785 -10959,6613565234 -14396,5282782384 -11916,2945933092
170800,310877785 -10888,6591990208 -14838,3008647941 -11943,9619965867
170800,310877785 -10888,0569619346 -14809,2056033459 -11868,555726554
170800,310877785 -10772,7153904342 -14510,5793104686 -11846,8900589219
170800,310877785 -10690,0085337003 -15115,1069882692 -11897,2769296724
170800,310877785 -10703,992486943 -14626,5213670745 -12083,9732559311
170800,310877785 -10740,2490462143 -14646,1654517385 -12101,4009926231
170800,310877785 -10746,6514011306 -14633,0363779958 -12075,9959846977
170800,310877785 -10764,482971907 -14847,9479429369 -12049,3598651984
170800,310877785 -10764,4470715322 -14907,9591250933 -12036,0003669668
170800,310877785 -10653,1732564536 -14936,302387495 -12071,3886699449
170800,310877785 -10947,2790895788 -15218,6393849023 -12068,7234133708
170800,310877785 -11217,6679938229 -14543,7623090769 -12163,485423133
170800,310877785 -11380,8507988485 -14609,9531738454 -12227,8651658977
170800,310877785 -11472,6501586596 -15325,4135287209 -12230,4620989111
170800,310877785 -11456,0831423061 -14723,3835517903 -12261,5680558692
170800,310877785 -11469,3538923726 -14843,4691265892 -12227,4094899771
170800,310877785 -11497,9985363999 -14635,2585867919 -12340,9286631081
170800,310877785 -11571,3371246641 -14817,1294240987 -12322,8591780382
170800,310877785 -11529,8849521997 -15383,0906601438 -12307,3414616847
170800,310877785 -11551,5691350695 -15161,435903018 -12406,5605344597
170800,310877785 -11679,5742146195 -15302,9895077121 -12361,7564854135
170800,310877785 -11810,1336167937 -15128,4157040145 -12378,7750197204
170800,310877785 -11810,1336167937 -15822,5915383342 -12455,5771940001
170800,310877785 -11425,5516981805 -15993,2706080433 -12377,5261186388
170800,310877785 -11441,1939752722 -15443,7252581451 -12345,2733617957
170800,310877785 -11388,3388725772 -16051,0132110299 -12340,3836393909
170800,310877785 -11706,0385910518 -15671,4756913748 -12349,601414905
170800,310877785 -11706,0385910518 -15008,1311105402 -12320,7097777152
170800,310877785 -11705,9872048692 -15470,071646189 -12334,3523263271
170800,310877785 -11643,5996902295 -15233,8999933132 -12344,4452888155
170800,310877785 -11393,0876543975 -14916,3149526629 -12290,3528014077
170800,310877785 -11369,6777027492 -15433,1559760071 -12283,8074472111
170800,310877785 -11443,854912422 -15342,6735135625 -12296,3587599322
170800,310877785 -11331,1883545975 -15582,0215929336 -12272,503617502
170800,310877785 -11322,6443021355 -15683,8733656155 -12320,3963608813
170800,310877785 -11076,1649590151 -15283,820103098 -12155,5965526972
170800,310877785 -11284,6809348791 -14827,2275924059 -12116,8978875008
170800,310877785 -11306,1852968808 -15435,2840756544 -12160,2174884967
170800,310877785 -11416,7389497006 -15203,3274633669 -12228,0036584447
170800,310877785 -11399,7915709436 -15413,6348853972 -12265,6481309567
170800,310877785 -11352,6984906276 -15305,3171161785 -12277,8510547041
170800,310877785 -11677,371967796 -15294,3433914916 -12346,6411855533
170800,310877785 -11875,6342162419 -16027,2447594893 -12378,4683715992
170800,310877785 -11846,9422098295 -15743,3167140809 -12344,2870413311
170800,310877785 -11756,5095662243 -15869,2352388557 -12346,1919372544
170800,310877785 -11714,6473449363 -16865,4460019824 -12311,0988584232
170800,310877785 -11700,8609513854 -15332,7038033825 -12280,8486309323
170800,310877785 -11797,2971839144 -15616,8620704468 -12274,1635544167
170800,310877785 -11833,6805324581 -15485,0900825916 -12257,0701186985
170800,310877785 -11600,1094085573 -14648,8806238769 -12222,6355489481
170800,310877785 -11684,1600405226 -14876,9912194964 -12247,6600512537
170800,310877785 -11394,5118486507 -14447,5863285501 -12228,6465095346
170800,310877785 -11525,8074949435 -15049,1674164286 -12236,4730953906
170800,310877785 -11504,8889303524 -15199,019568009 -12201,8164675595
170800,310877785 -11524,6253058787 -15158,9235108503 -12175,3757265229
170800,310877785 -11658,1142692638 -15543,1541220441 -12212,9633562109
170800,310877785 -11658,1142692638 -14610,2439368822 -12206,2682660767
170800,310877785 -11671,4612099729 -14928,471782533 -12221,7810565972
170800,310877785 -11591,7738525391 -14918,7932036149 -12191,7839451284
170800,310877785 -11477,9973324316 -15443,0645180231 -12173,4002448434
170800,310877785 -11479,2167287349 -14586,1260453652 -12136,8502019555
170800,310877785 -11610,6199720427 -15501,3196406078 -12165,9680229802
170800,310877785 -11610,9162813903 -14877,5983813437 -12185,2036242075
170800,310877785 -11426,4476060604 -15068,817406342 -12194,6319896516
170800,310877785 -11426,4476060604 -14992,4793726717 -12223,7057157944
170800,310877785 -11460,3560313224 -14838,3982827802 -12197,514385289
170800,310877785 -11321,8271950168 -14926,4423236968 -12120,6669239963
170800,310877785 -11558,4119569758 -14702,5975129658 -12108,819121267
170800,310877785 -11409,8672447554 -14961,1499706683 -12097,9337427686
170800,310877785 -11494,1690456129 -15359,8397488598 -12186,9704699532
170800,310877785 -11552,6832938975 -14897,9613719535 -12122,4805190967
170800,310877785 -11450,5281880665 -15177,2148609256 -12097,5215542014
170800,310877785 -11415,9273880195 -14689,0970762086 -12066,0491095415
170800,310877785 -11362,5241958269 -15255,8082493724 -12076,550111012
170800,310877785 -11294,6876215905 -15614,6256243018 -12026,1909269823
170800,310877785 -11313,3390951225 -15864,1836794889 -11987,6763548399
170800,310877785 -11379,0462497216 -15054,5055846053 -12068,840024216
170800,310877785 -11368,7099496631 -15121,4877914604 -12075,3661948911
170800,310877785 -11418,8780758442 -15398,9048225279 -12104,4718184505
170800,310877785 -11160,9547648814 -14594,4573297309 -12093,7864379679
170800,310877785 -11286,6725091755 -14493,6913074632 -11973,4316552592
170800,310877785 -10990,0127568031 -14972,7429052016 -11973,0647065984
170800,310877785 -11097,5364563088 -14662,3821270707 -11965,4162128205
170800,310877785 -10963,6604588389 -14475,426017034 -11918,2308164158
170800,310877785 -10840,7372397429 -14853,775182271 -11855,0292960578
170800,310877785 -10820,5732236788 -14258,4510480685 -11879,1889112668
170800,310877785 -10885,1598960214 -14599,0071914854 -11876,1356771125
170800,310877785 -11068,4251231005 -15539,145859316 -11826,8372665392
170800,310877785 -11008,8265660726 -15249,7103247232 -11820,5185789689
170800,310877785 -11379,6617416324 -15194,025822067 -11885,8274934382
170800,310877785 -11387,3105308357 -14771,1082516695 -11848,459760986
170800,310877785 -11130,2849552106 -14626,0712936849 -11779,7453974793
170800,310877785 -10708,6732900178 -14477,4139967238 -11716,7445438085
170800,310877785 -10519,7860536371 -14059,6165147897 -11595,0087770032
170800,310877785 -10598,2673824721 -15256,8924799345 -11651,3174701953
170800,310877785 -10478,6675455198 -15041,8137180851 -11570,970684634
170800,310877785 -10441,4970104964 -15164,0143418286 -11522,4976153584
170800,310877785 -10198,1384205368 -15379,3074510115 -11563,2225707468
170800,310877785 -10268,7480612279 -14661,1991085323 -11517,0647535796
170800,310877785 -10081,4487901685 -14742,1306045801 -11497,2552420285
170800,310877785 -9955,3474472446 -14681,1274236955 -11535,118164483
170800,310877785 -9948,44869247033 -14500,4309170804 -11561,7715751394
170800,310877785 -9786,69257881293 -14450,7762596085 -11637,6181349954
170800,310877785 -9841,41795009072 -14751,2835621234 -11663,644326996
170800,310877785 -10135,5237832159 -14890,0692511382 -11719,5875010637
170800,310877785 -10369,8108544146 -15004,7954457186 -11757,3625802255
170800,310877785 -10867,3357614318 -14589,7243433406 -11777,1697053154
170800,310877785 -10724,0987399468 -14839,7661318238 -11744,1755677631
170800,310877785 -10676,8139491885 -14746,5031603922 -11734,9260863219
170800,310877785 -10382,7081160633 -14918,2791727061 -11782,0948213537
170800,310877785 -10465,7720693445 -15012,2300204887 -11763,4909620689
170800,310877785 -10465,7720693445 -14844,1643430844 -11791,5759731452
170800,310877785 -10952,2532892619 -14924,5001863382 -11845,3644191129
170800,310877785 -10902,3477724636 -14889,2312442602 -11880,5857529716
170800,310877785 -10823,7730901704 -15355,2452321378 -11767,2353831996
170800,310877785 -10815,6314137273 -14498,0756953045 -11720,8548452238
170800,310877785 -10850,8973070494 -15093,6441987241 -11686,2605378247
170800,310877785 -10879,756391289 -15286,8092495502 -11661,8400945112
170800,310877785 -10698,3154024116 -14568,2745425655 -11594,8057385359
170800,310877785 -10698,5052267751 -14515,7593119573 -11626,3935530261
170800,310877785 -10782,418569826 -13881,9107719915 -11624,2803576759
170800,310877785 -10783,3872430227 -14788,2844183049 -11575,3051514217
170800,310877785 -10763,9255967928 -15124,4712877531 -11565,7068151102
170800,310877785 -10616,3574542709 -14492,0647382216 -11578,0399752159
170800,310877785 -10669,3550134927 -14966,7936050335 -11550,406627832
170800,310877785 -10627,3414333395 -14385,2268730173 -11580,2110373016
170800,310877785 -10345,5213454013 -15265,3066251475 -11581,785890905
170800,310877785 -10238,0904524862 -14687,4780503276 -11504,3457912243
170800,310877785 -10309,587133089 -14366,55406074 -11471,3983239261
170800,310877785 -10309,587133089 -14639,021304118 -11523,0246350393
170800,310877785 -10433,1643935323 -14406,6461248957 -11503,5258581192
170800,310877785 -10505,0816113782 -14491,4198229072 -11591,2055177889
170800,310877785 -10524,1151997112 -14433,4045119596 -11617,3825968375
170800,310877785 -10660,5889182437 -15045,1219765662 -11609,2299897161
170800,310877785 -10343,959545065 -13911,5715713879 -11683,8222119367
170800,310877785 -10316,5997561763 -14677,2333055257 -11734,9788149418
170800,310877785 -10349,2308657007 -15103,6131465805 -11777,6868556958
170800,310877785 -10259,3131863617 -15206,7059724854 -11738,5856850203
170800,310877785 -10213,9378029117 -14734,3733682966 -11702,4597332379
170800,310877785 -10213,6163577756 -14739,3237105592 -11710,5553746325
170800,310877785 -10187,7509186588 -15223,5945367723 -11733,5106777167
170800,310877785 -10312,9365042325 -14955,6145250216 -11742,051377635
170800,310877785 -10434,9613439137 -14118,5935206292 -11703,023817673
170800,310877785 -10601,3575074504 -14249,171835824 -11731,2756735151
170800,310877785 -10635,572575113 -14782,0470579286 -11753,2486010842
170800,310877785 -10639,332172995 -14565,8779448596 -11806,2264690408
170800,310877785 -10638,3989422848 -14384,4712801176 -11715,601784323
170800,310877785 -10863,617291007 -14130,0849116142 -11774,6002994599
170800,310877785 -10778,8358654857 -14227,3827882425 -11707,7517116646
170800,310877785 -10728,4693683713 -14509,7944824391 -11719,8473293409
170800,310877785 -10719,5289704736 -14527,4348790955 -11707,5209298142
170800,310877785 -10719,5289704736 -14466,5370950821 -11732,0921542144
170800,310877785 -10655,3129779751 -14474,1901617659 -11655,0279999274
170800,310877785 -10544,9556310923 -14398,1795023489 -11660,724232831
170800,310877785 -10900,9207180569 -14116,7484136622 -11690,7809321008
170800,310877785 -10664,4706359092 -14521,0226400857 -11639,0278233137
170800,310877785 -10672,739213321 -14447,1876339569 -11556,0987497232
170800,310877785 -10598,8357659088 -15159,857969125 -11531,3897397976
170800,310877785 -10626,4080481763 -14469,7224125374 -11521,2253043082
170800,310877785 -10730,1289242442 -14685,7658706505 -11548,7201880751
170800,310877785 -10876,4193474552 -13946,5949111752 -11541,8471382179
170800,310877785 -10795,5350948213 -14169,3669512157 -11584,9177276495
170800,310877785 -11130,317991927 -14513,5952893869 -11627,7229581609
170800,310877785 -11121,9305599928 -14627,6742941571 -11629,4072624429
170800,310877785 -11096,5074601508 -14559,8061938201 -11634,378117162
170800,310877785 -10863,3259587948 -14186,1686517235 -11564,1378232725
170800,310877785 -10684,0734359957 -13740,3573375847 -11606,4001639284
170800,310877785 -10688,641401953 -14456,1977021727 -11461,9318582168
170800,310877785 -10782,0755171531 -13952,1258171064 -11499,6446663448
170800,310877785 -10875,0843581774 -14217,1986263862 -11524,338359904
170800,310877785 -11000,4907924723 -14426,6063475115 -11703,028374938
170800,310877785 -11000,4907924723 -14583,8035955336 -11646,5128994795
170800,310877785 -10981,5525389944 -14690,8599846891 -11633,512833053
170800,310877785 -11010,8931839569 -14665,4233094379 -11659,1916925195
170800,310877785 -11001,7426147928 -15027,1010370962 -11624,4683400891
170800,310877785 -11004,2561038158 -14268,9757905746 -11625,1780519809
170800,310877785 -10996,2396738007 -14503,5445048406 -11709,1455396055
170800,310877785 -11002,0721538913 -14422,180521694 -11733,049509917
170800,310877785 -11012,1468598031 -14641,7557079928 -11834,7350156688
170800,310877785 -11233,75389553 -14890,9632734269 -11897,8948659934
170800,310877785 -11023,7694620669 -14259,9939211375 -11829,6054484827
170800,310877785 -10766,9924750131 -14821,6652249381 -11795,1294469206
170800,310877785 -10758,9236756976 -15033,1494035692 -11736,3034389532
170800,310877785 -10615,6807356181 -14771,7169219569 -11697,8816885833
170800,310877785 -10571,3281587972 -14478,650536149 -11633,701624936
170800,310877785 -10487,0061842981 -14704,37527635 -11612,153575715
170800,310877785 -10426,2436897606 -14374,9844391336 -11582,2132814306
170800,310877785 -10585,914255347 -14360,9487990502 -11681,2003451227
170800,310877785 -10708,516374592 -14732,4595325354 -11795,7548967204
170800,310877785 -10794,0706650394 -15008,2865611995 -11797,1524842545
170800,310877785 -10811,8144606723 -14499,39061518 -11836,2625735073
170800,310877785 -10803,5210405974 -14749,2678876634 -11882,8613858666
170800,310877785 -10919,2777570196 -15523,4564866628 -11893,2837170163
170800,310877785 -11113,3481676652 -14882,6474942388 -11842,7609125953
170800,310877785 -11031,6515191175 -14299,1344985441 -11807,7938739582
170800,310877785 -10950,6253758025 -14450,3308032916 -11756,9784589205
170800,310877785 -10962,3196298582 -15651,9645199829 -11747,565939959
170800,310877785 -10962,3196298582 -15416,618562753 -11708,6977290747
170800,310877785 -10617,5854743818 -14665,7077247553 -11652,0375162284
170800,310877785 -10532,161202919 -14438,8814179975 -11631,6903655572
170800,310877785 -10507,0394617872 -14364,8351074258 -11638,0205237313
170800,310877785 -10456,0471840996 -14360,1374734132 -11694,7183062948
170800,310877785 -10557,3496782745 -14043,1043162083 -11610,8815246222
170800,310877785 -10745,9167301495 -14166,9889837703 -11630,9825593205
170800,310877785 -10699,3424702032 -14319,2888311782 -11729,6417446139
170800,310877785 -10676,6981826473 -14513,5487306907 -11708,1624502138
170800,310877785 -10676,6981826473 -14649,9349981255 -11629,1259279437
170800,310877785 -10596,959124274 -14274,1357961352 -11614,8773702267
170800,310877785 -10471,1826522007 -14477,5189893045 -11691,0567976896
170800,310877785 -10427,378359688 -14523,4230150258 -11680,9856208989
170800,310877785 -10604,156176822 -14406,4099067242 -11723,0189518631
170800,310877785 -10424,2473505929 -14806,5290563823 -11732,6202054238
170800,310877785 -10473,080031679 -15182,0463586341 -11695,0941121199
170800,310877785 -10376,4405953234 -14735,1415252696 -11638,3535441431
170800,310877785 -10465,5988147715 -14529,0646338021 -11667,6137669962
170800,310877785 -10904,4713718626 -14882,7475043435 -11766,9894118884
170800,310877785 -10802,8237981336 -14675,407588488 -11699,900776315
170800,310877785 -10663,1086036668 -14633,2756702439 -11750,3052235773
170800,310877785 -10733,3875554292 -14583,1653263193 -11742,7473023776
170800,310877785 -10910,6870206123 -15206,832738865 -11730,3608797106
170800,310877785 -10827,2631444396 -14513,8904612887 -11723,6985249036
170800,310877785 -10819,8636317129 -13971,1243685941 -11752,354266495
170800,310877785 -10849,2042766754 -14190,5741139377 -11781,8918508161
170800,310877785 -10759,2515425294 -14724,5401361902 -11734,3665298427
170800,310877785 -10823,4639065768 -14024,6514902547 -11701,3723632874
170800,310877785 -10967,1996265559 -14886,9281881848 -11679,6325346725
170800,310877785 -10910,0368106741 -14795,9451575665 -11674,1385958901
170800,310877785 -10672,5640739047 -14487,5729597042 -11676,0318453558
170800,310877785 -10729,7268897865 -14658,1107163751 -11694,5370125775
170800,310877785 -10857,8425007 -14038,6220403757 -11750,85717197
170800,310877785 -10865,871969633 -14672,211233724 -11720,8498018397
170800,310877785 -10878,934699858 -14063,7484589009 -11760,1740258964
170800,310877785 -10724,3613956247 -14829,7364893372 -11733,9718089214
170800,310877785 -10641,8754182787 -14291,601823851 -11803,2653568933
170800,310877785 -10635,5735666899 -14651,3415438639 -11675,5869875096
170800,310877785 -10616,9256347592 -14174,1334646112 -11681,2356999865
170800,310877785 -10422,7746085783 -15101,8655651787 -11734,5075021583
170800,310877785 -10716,2441055322 -15039,893081318 -11785,8747910414
170800,310877785 -10892,9968366618 -14629,5385080988 -11869,054151061
170800,310877785 -10885,1177564492 -14709,0102903554 -11781,8175907759
170800,310877785 -10957,4145448221 -14904,7923278408 -11828,6592253939
170800,310877785 -10957,16109996 -14605,6570612062 -11834,5333723532
170800,310877785 -11096,8626830394 -14666,4261517885 -11904,9986288755
170800,310877785 -11246,2000006461 -13953,7942934652 -11815,9056071359
170800,310877785 -11164,307710334 -14431,7166876717 -11775,1197820746
170800,310877785 -11175,5368903186 -15021,5124398989 -11707,7823194442
170800,310877785 -11174,7515966556 -14218,3430812912 -11742,9959477113
170800,310877785 -11178,4618595105 -14020,7765206957 -11841,3665283439
170800,310877785 -11146,8161297615 -14723,9731953874 -11801,5589116836
170800,310877785 -11051,4891917442 -14390,5670960004 -11881,2351988503
170800,310877785 -11109,2134005229 -14316,4813419363 -11870,1820739758
170800,310877785 -11125,5824539556 -14364,3784345287 -11877,056733126
170800,310877785 -11141,9844372754 -14689,4531024513 -11870,8824341104
170800,310877785 -11120,1989672202 -15240,8970739731 -11824,2221261722
170800,310877785 -11130,657474972 -15212,5384652779 -11786,2783928622
170800,310877785 -11084,1997957028 -14093,6747524797 -11784,5762971247
170800,310877785 -10884,6362230242 -14761,9875510259 -11784,8360686782
170800,310877785 -10831,2925358868 -14300,2887872421 -11725,7734554922
170800,310877785 -10831,2925358868 -14879,8159292355 -11751,9968471217
170800,310877785 -10688,365298624 -14846,1799081962 -11784,244819168
170800,310877785 -10972,9926706499 -15093,2827421807 -11793,268771526
170800,310877785 -11150,8815796521 -15182,7457979998 -11884,5275131044
170800,310877785 -11270,9972350953 -15214,3122571749 -11848,6845872349
170800,310877785 -11122,2173218316 -14859,9576840621 -11770,2670281837
170800,310877785 -11217,3875614241 -14995,1324071526 -11754,7648650677
170800,310877785 -11051,8496493777 -14762,8925116774 -11744,8683286479
170800,310877785 -11052,2945425065 -14071,0924510873 -11692,9386413605
170800,310877785 -10607,9609282076 -14399,7725221066 -11680,9797668269
170800,310877785 -10574,0323769512 -14570,5892727094 -11670,7794342482
170800,310877785 -10432,1439293203 -14447,4296325248 -11646,6108684943
170800,310877785 -10386,6612062793 -15641,2121295758 -11635,8197656728
170800,310877785 -10284,7944755301 -14363,2832681772 -11630,7028516027
170800,310877785 -10149,538008246 -14871,5896874749 -11590,5155451462
170800,310877785 -10108,6996886001 -14605,7690191184 -11561,0949785278
170800,310877785 -10190,617015089 -14687,2386668261 -11525,4831436989
170800,310877785 -10214,6266840494 -14225,8083643749 -11521,8422856378
170800,310877785 -10319,4231511624 -14143,6380337037 -11583,1202753508
170800,310877785 -10156,5531459717 -14543,1195629935 -11539,1171097719
170800,310877785 -10307,5244035046 -13838,4346755828 -11594,5012749198
170800,310877785 -10252,9003449045 -14896,5252249197 -11496,9145543547
170800,310877785 -10283,4456125222 -14912,8422765027 -11516,4595843936
170800,310877785 -10390,8765054373 -14208,0159934335 -11428,3989274328
170800,310877785 -10410,1914675299 -14596,6337005369 -11482,4666660619
170800,310877785 -10252,8040089292 -14434,9042752753 -11434,7458870889
170800,310877785 -10198,7657063699 -14840,0332775021 -11469,1691237458
170800,310877785 -10170,3862373474 -14684,0080859783 -11462,6499578504
170800,310877785 -10423,6972088543 -14477,0330304408 -11442,9625196615
170800,310877785 -10360,1418584655 -14642,5902385489 -11506,3621079855
170800,310877785 -10564,8942909616 -14406,8627078626 -11603,8504458336
170800,310877785 -10303,9141030391 -14860,2333919017 -11577,3469541677
170800,310877785 -10284,1972116186 -14098,9150515675 -11610,8599427199
170800,310877785 -10157,4109268665 -15113,2959269026 -11561,6114379331
170800,310877785 -10165,5084416976 -14952,9625467351 -11541,7508076808
170800,310877785 -10493,978534317 -14627,2642479834 -11553,6820092731
170800,310877785 -10355,5274657637 -14356,9042631037 -11574,7069823654
170800,310877785 -10418,0519418029 -14307,5067317124 -11514,7834951881
170800,310877785 -10561,4625249105 -14820,0863277899 -11581,204075396
170800,310877785 -10996,1919223863 -14841,0452202339 -11594,5237409345
170800,310877785 -11013,310208593 -14436,9144005958 -11652,2515429199
170800,310877785 -11060,9149805623 -14511,9430987908 -11658,5083122045
170800,310877785 -11096,1061187627 -14259,8340017698 -11689,6738023444
170800,310877785 -10729,1171616412 -15299,0281386695 -11616,9965444828
170800,310877785 -10731,8497136057 -14146,3466793171 -11652,4727011827
170800,310877785 -10613,8234535904 -14722,7441421232 -11676,9972439288
170800,310877785 -10130,7159166428 -14219,1338389034 -11661,6210748779
170800,310877785 -10062,4809024343 -14654,6964401053 -11632,5575254773
170800,310877785 -10253,5145645335 -14348,4532011394 -11651,6151658901
170800,310877785 -10641,9192581643 -14485,2732950085 -11727,9997819544
170800,310877785 -10592,0842170392 -14457,4499523381 -11803,8451420565
170800,310877785 -10623,6742694432 -14824,9138866243 -11825,1212484523
170800,310877785 -10542,5123610078 -14613,4864911316 -11908,1725695417
170800,310877785 -10508,7238629871 -14979,7342672039 -11961,7877839286
170800,310877785 -10550,6703771379 -14713,8359508342 -11978,4072799555
170800,310877785 -10758,622797951 -14801,3584517236 -11965,915778558
170800,310877785 -10481,3753699204 -14508,7914106573 -11965,3280585175
170800,310877785 -10221,7956536674 -15132,7695298287 -11978,2445633385
170800,310877785 -10235,4368524024 -15039,447227993 -11998,533787956
170800,310877785 -10209,4494502011 -15327,5408203106 -11961,4682143882
170800,310877785 -10243,3780014575 -14655,9403237131 -11950,1688132215
170800,310877785 -10257,6237537795 -14793,7905937484 -11896,1106262163
170800,310877785 -10647,1596054934 -14693,7299729054 -11896,604330744
170800,310877785 -10805,6680027247 -14711,1800681395 -11943,8835286941
170800,310877785 -10872,3014636526 -14886,4736682376 -11943,8131777963
170800,310877785 -10460,811515142 -14804,1862442096 -11884,5751301872
170800,310877785 -10470,5046641518 -15037,2816002082 -11881,5583857726
170800,310877785 -10266,6879645762 -14366,1208819372 -11865,1499697242
170800,310877785 -10194,0516099395 -14871,4328830887 -11845,9381057411
170800,310877785 -10193,1185372131 -14819,7458249687 -11781,1941496489
170800,310877785 -10244,6962421146 -14947,9358885552 -11784,5800556351
170800,310877785 -10304,4505456804 -14766,6278016372 -11802,5465253443
170800,310877785 -10362,2334194308 -15544,6709124185 -11804,8054337581
170800,310877785 -10442,1733485062 -15226,0742133469 -11876,0700235579
170800,310877785 -10845,9016874938 -14383,4871428147 -11886,6756496677
170800,310877785 -10897,4460000235 -14952,7283167984 -11965,5829456405
170800,310877785 -11253,2509010552 -15286,6292680585 -11966,4875641294
170800,310877785 -11079,0154825954 -15007,7346324644 -11933,9486507758
170800,310877785 -11083,8028029689 -16092,2768130127 -11946,7756115865
170800,310877785 -10998,455653187 -15730,129052623 -12022,0998556001
170800,310877785 -10998,455653187 -14741,5889473754 -12003,6943511468
170800,310877785 -11297,6980870835 -14885,4119274042 -12057,0555665438
170800,310877785 -11213,8386010589 -15488,5903742043 -11997,2461175898
170800,310877785 -11159,3755045069 -15264,3642498941 -11951,4863968741
170800,310877785 -11033,4775512704 -14775,6961809149 -11953,3957451401
170800,310877785 -11185,4394144547 -14353,619848616 -11937,0571566979
170800,310877785 -11192,6061503407 -14232,1515017349 -11979,1594854145
170800,310877785 -11328,6162578055 -14822,5953276477 -12022,3811876225
170800,310877785 -11466,6595039881 -14909,3244974183 -12054,8554349272
170800,310877785 -11411,7029869005 -14865,4655270272 -12081,4397609043
170800,310877785 -11434,5601138087 -14943,9462977025 -12057,1373568869
170800,310877785 -11547,5362609376 -15417,1747942579 -12141,5002951788
170800,310877785 -11468,4671120107 -14922,3727205786 -12079,2077745657
170800,310877785 -11340,4469214252 -14920,7223934588 -11993,2376516962
170800,310877785 -11433,4340017924 -15047,0850776889 -12088,8254550752
170800,310877785 -11471,8017661455 -15643,4040205714 -12120,7282105646
170800,310877785 -11558,2729032813 -15467,5330330456 -12260,7471786012
170800,310877785 -11551,5777694766 -15212,9128551533 -12284,7305755069
170800,310877785 -11467,6893823666 -15730,6951919617 -12249,3620089461
170800,310877785 -11393,7687996871 -15561,9323418938 -12167,4858632095
170800,310877785 -11425,3299669776 -15575,9477937912 -12196,3574591578
170800,310877785 -11350,0818226987 -15027,9687034987 -12170,4332841035
170800,310877785 -11350,0535516756 -15170,2548277856 -12120,0866954715
170800,310877785 -11483,5190477115 -15590,3872491504 -12124,4511865089
170800,310877785 -11479,2971785362 -14699,6159341577 -12111,6589228429
170800,310877785 -11430,9346590738 -14697,2697452024 -12062,0910312322
170800,310877785 -11432,4644489441 -14553,1921431117 -12041,0274744296
170800,310877785 -11380,9864630157 -15385,0309491109 -12086,5103900757
170800,310877785 -11302,7769378817 -15426,4365623674 -12052,0940953604
170800,310877785 -11194,3218112214 -15448,7120663591 -12042,6479862004
170800,310877785 -11271,0128350707 -14994,0456881245 -12036,0324860312
170800,310877785 -11360,9199245787 -14614,5355798976 -12116,794700188
170800,310877785 -11222,6352134329 -14973,2554725639 -12076,4566018514
170800,310877785 -11230,9949275647 -14812,5752662957 -12024,0252448925
170800,310877785 -11146,9330034355 -15067,6287348189 -12037,5277972387
170800,310877785 -11065,4504316532 -15324,0002251253 -12014,2639718576
170800,310877785 -11081,9290709743 -15205,13196265 -11947,2385678585
170800,310877785 -10975,3756070231 -14287,0287256502 -11933,0474454636
170800,310877785 -10958,896967702 -15697,1607405918 -11865,252051088
170800,310877785 -10966,994482533 -14627,839052278 -11919,8861171665
170800,310877785 -11077,3066166427 -15185,1366383318 -12099,4669818777
170800,310877785 -11063,5693434665 -14917,6840143843 -12074,2470249591
170800,310877785 -11139,0614742301 -15605,9585022048 -12096,3969230331
170800,310877785 -11218,483108977 -15653,4327177507 -12109,9218778791
170800,310877785 -11049,420589096 -14626,2703284045 -12050,2456508249
170800,310877785 -11092,2572474094 -14537,7743443667 -12017,2114623111
170800,310877785 -11112,3421723511 -15071,3748536724 -12014,6089765446
170800,310877785 -11216,7311557376 -14871,0597441082 -11995,327411716
170800,310877785 -11315,3400591325 -15309,9995794782 -12019,3676957131
170800,310877785 -11389,0875522138 -14840,2486337665 -11986,1436427372
170800,310877785 -11326,8477095728 -15078,2200150478 -12047,5830469704
170800,310877785 -11237,8532024447 -15721,159455416 -12049,3540264196
170800,310877785 -11252,2144119145 -14982,4085119362 -12017,4580632808
170800,310877785 -11284,7651714616 -14729,4325300778 -11926,0464938621
170800,310877785 -11223,5208473997 -14274,0832204275 -11934,2370192777
170800,310877785 -11264,0428835705 -14231,98979334 -11842,9714051627
170800,310877785 -11285,4855893018 -14406,2017940985 -11802,522202761
170800,310877785 -11258,0045823203 -14224,7655205767 -11921,0550564718
170800,310877785 -10839,336854158 -14312,248721186 -11840,9109683327
170800,310877785 -11036,6942427708 -14450,1465051379 -11948,7641054784
170800,310877785 -11230,8076103556 -14319,6148381796 -11922,6640385728
170800,310877785 -11225,1771023393 -14381,3584640231 -11993,1812366797
170800,310877785 -11233,6543387147 -14694,9081908269 -11989,5366450275
170800,310877785 -11247,229633347 -15020,0443116533 -11964,4819919801
170800,310877785 -11278,4168388482 -14469,136626779 -11962,3554075047
170800,310877785 -11245,1783542392 -14318,4684712338 -12006,9747343525
170800,310877785 -11096,9258911509 -15246,3804216144 -12080,4865742383
170800,310877785 -11088,6965335899 -14788,250709504 -12161,6530728309
170800,310877785 -11218,5233741066 -14844,3688900169 -12186,9528357744
170800,310877785 -11120,9199025343 -15376,3866448391 -12270,2313206303
170800,310877785 -11080,4880560735 -14833,3623232342 -12209,0378849798
170800,310877785 -10980,0577302144 -14875,0266335391 -12162,9295862306
170800,310877785 -10980,0577302144 -15239,6848200667 -12073,8893547724
170800,310877785 -10946,0169848421 -14801,6651244486 -12071,1571776711
170800,310877785 -10897,2189242058 -14535,2333328825 -12046,3500451568
170800,310877785 -10818,6442419125 -14401,3660737465 -12119,5453283165
170800,310877785 -11182,8454125147 -14931,5650627162 -12118,0796561522
170800,310877785 -11206,801890364 -14743,9061819509 -12156,2523259598
170800,310877785 -11431,6403646099 -14464,3131599607 -12226,0160916266
170800,310877785 -11432,7522863763 -15136,6835795438 -12199,9414685939
170800,310877785 -11506,9988867451 -14597,2986523472 -12271,6041384903
170800,310877785 -11575,1667599442 -15313,9604123318 -12253,398210173
170800,310877785 -11433,944217978 -14461,6951197196 -12196,8370276857
170800,310877785 -11521,9676065056 -14837,7365879571 -12123,549033433
170800,310877785 -11541,3275708322 -14346,910614614 -12172,4503575654
170800,310877785 -11284,7579995378 -15057,2808269159 -12201,9245297962
170800,310877785 -11213,3617603628 -14628,1566820634 -12107,5918768537
170800,310877785 -11331,4550674291 -14939,4460440013 -12061,5725146597
170800,310877785 -11302,3480982822 -15158,1716356479 -12080,4331546642
170800,310877785 -11452,8772142968 -15009,2594579612 -12181,7011393861
170800,310877785 -11415,6278834437 -14951,1433890352 -12131,3107572236
170800,310877785 -11304,8926078191 -15770,7455008852 -12155,007288079
170800,310877785 -11207,049481044 -14763,484896467 -12200,2897881943
170800,310877785 -11123,1576792401 -15526,3419485927 -12227,8813299891
170800,310877785 -11103,0674947953 -15397,4723764873 -12145,5049393904
170800,310877785 -11049,4666642151 -15160,8871735732 -12086,6467856561
170800,310877785 -11117,154349515 -15535,8426222248 -12136,7082051002
170800,310877785 -11099,2886146944 -14552,0173989669 -12109,223736352
170800,310877785 -11075,5302622487 -14910,4490993478 -12082,2413815499
170800,310877785 -10776,7274760226 -14870,7616598555 -12023,0409909728
170800,310877785 -10681,8504857719 -14511,4103792796 -12104,36189874
170800,310877785 -10526,1627793245 -14539,6774590702 -12227,1531435507
170800,310877785 -10354,8114001101 -14598,055118275 -12236,94087315
170800,310877785 -10305,2182344687 -14939,9323735945 -12201,0611349459
170800,310877785 -10373,9366038256 -15047,8738981953 -12201,837199208
170800,310877785 -10765,0495096291 -14953,5850440119 -12285,5484208744
170800,310877785 -10782,1402244237 -14982,0403758161 -12219,7692347072
170800,310877785 -10675,7479075097 -15371,180808697 -12238,0284288698
170800,310877785 -10601,7378493442 -15113,6731756553 -12241,0044280962
170800,310877785 -10594,7360884079 -15955,8644013798 -12247,0938633365
170800,310877785 -10524,9138783126 -15255,3150350001 -12250,9695362958
170800,310877785 -10525,5524878833 -15138,9733424139 -12333,8151767601
170800,310877785 -10479,684944215 -15412,9857926822 -12319,6874564456
170800,310877785 -10479,684944215 -15322,5909355704 -12270,3449098023
170800,310877785 -10464,61791744 -15495,2589951599 -12240,1283872876
170800,310877785 -10484,5271323026 -14882,1077371811 -12221,9033736016
170800,310877785 -10479,0835922289 -14721,2164476629 -12294,2216751475
170800,310877785 -10613,3951700184 -15057,6895893025 -12263,2621329386
170800,310877785 -10613,3951700184 -15098,8344849811 -12218,9674128439
170800,310877785 -10521,9605883881 -14727,7861865984 -12179,9482626664
170800,310877785 -10513,9052176853 -14651,009259381 -12141,8137665224
170800,310877785 -10459,7799693043 -14644,7175664638 -12124,464089921
170800,310877785 -10567,1846237711 -14864,3594234026 -12132,0220315789
170800,310877785 -10488,3160935622 -14725,2396360946 -12119,1174495607
170800,310877785 -10455,6193879962 -15455,6590595969 -12068,6520679341
170800,310877785 -10619,8602513493 -15277,2433104284 -12046,7523879422
170800,310877785 -10389,4877467278 -15643,1190314901 -11995,116878374
170800,310877785 -10192,1303581151 -15186,5149516766 -11940,3245777372
170800,310877785 -10192,1303581151 -14873,2999444771 -11913,378043509
170800,310877785 -10740,4078193403 -14759,9407885547 -11945,1443529446
170800,310877785 -10868,1490277607 -14951,3023977783 -11965,5488201559
170800,310877785 -11025,5848949043 -15727,9988657732 -11995,4248379796
170800,310877785 -10962,7997107338 -15029,1909859517 -12027,242843365
170800,310877785 -11014,9912039273 -15329,7602778106 -12047,9511172989
170800,310877785 -10973,7988263025 -14889,2444601414 -12071,7144330621
170800,310877785 -10939,5950261858 -15393,0786802786 -12062,8100577621
170800,310877785 -10565,8532886998 -15241,20623341 -12014,0808768477
170800,310877785 -10556,2364771059 -14456,8762096612 -11986,9870958111
170800,310877785 -10563,3427584585 -15131,3613952465 -11958,6503590996
170800,310877785 -10563,3427584585 -14954,6775958284 -11987,8638986012
170800,310877785 -10546,2520436639 -14514,9959392767 -11986,3565788312
170800,310877785 -10556,4378255336 -15155,7479116879 -11963,2049209036
170800,310877785 -10396,730288376 -14760,1697325388 -11987,3027239701
170800,310877785 -10470,7106240881 -14823,2635885235 -11879,7381141951
170800,310877785 -10462,9362845652 -14991,8819599879 -11915,5193626788
170800,310877785 -10501,4653388513 -14940,411648599 -12000,8857847133
170800,310877785 -10502,8434808649 -15031,9897129794 -11987,0589409418
170800,310877785 -10494,4338858831 -15036,054464801 -11995,4798207921
170800,310877785 -10755,7499837601 -14639,9659778142 -12012,0446453478
170800,310877785 -10932,4162287439 -15542,7939937481 -12038,3594586252
170800,310877785 -10800,6937022878 -14465,2216466219 -11988,0412860656
170800,310877785 -10779,406599394 -14488,1353982539 -11899,2503983573
170800,310877785 -10878,2135951624 -15093,3786602214 -11951,9117920269
170800,310877785 -10945,7043600634 -14510,3687099114 -12037,9017678799
170800,310877785 -10889,7861961319 -16085,2895943362 -12077,2135431421
170800,310877785 -10864,4322551162 -15876,0298151873 -12054,3355791459
170800,310877785 -10968,5202752042 -15431,3152478506 -11992,9271736808
170800,310877785 -11060,673709207 -15083,717958667 -12023,1022864314
170800,310877785 -11071,8382984217 -15302,9274092509 -12099,0451673373
170800,310877785 -10956,9692983989 -14863,2447912663 -12082,6585402616
170800,310877785 -11086,3150666839 -15410,9954811926 -12060,3501624757
170800,310877785 -11079,8900053686 -15358,9446153144 -12020,966198036
170800,310877785 -11218,5688835523 -15028,36576193 -12052,8387641657
170800,310877785 -11308,3721441198 -14648,0161251367 -11993,0848190839
170800,310877785 -11281,3786965936 -15007,2335744658 -11973,0112639384
170800,310877785 -11361,666913615 -14843,7938963981 -11970,8868219636
170800,310877785 -11346,6092911021 -14739,7307607889 -11926,8142860755
170800,310877785 -11207,4276328372 -14779,7436808236 -11903,7094434119
170800,310877785 -11269,3609048555 -14473,721162689 -11968,3001618902
170800,310877785 -11373,7244098038 -14963,5584001426 -12009,8254735054
497,402657789328
