179748,647599559 -26918,1729560005 -33211,2450342245 -28662,8939648191
179748,647599559 -26722,0552890641 -32779,6478286955 -28279,3737365379
179748,647599559 -25343,9556365437 -32362,9145875112 -27593,5130489081
179748,647599559 -25128,9565845095 -31810,8742314999 -27180,2533885638
179748,647599559 -24600,792248801 -31310,5082880504 -26674,1292146982
179748,647599559 -24029,9354473544 -30738,3722655988 -26150,8310620591
179748,647599559 -23767,9105410536 -29521,5463311198 -25863,5082667384
179748,647599559 -23090,9802643267 -29368,6943663034 -25504,2179182069
179748,647599559 -22850,5554990503 -28931,9158716447 -25033,6198080104
179748,647599559 -22205,2725905883 -28670,8671134268 -24634,051887824
179748,647599559 -21943,0225599432 -28313,3352976877 -24115,1349372968
179748,647599559 -21621,5643761002 -27747,0714646384 -23825,1617775468
179748,647599559 -21141,0995393253 -27515,946052532 -23220,0013096121
179748,647599559 -21157,3346455245 -27179,4847467606 -22908,3085614862
179748,647599559 -20233,7545683711 -26315,5558237293 -22443,3079336405
179748,647599559 -20289,156965843 -25788,7700410986 -22244,1199884923
179748,647599559 -19977,9200088961 -25557,3677346371 -21921,2255909436
179748,647599559 -19936,983519773 -25260,823595131 -21613,2710271901
179748,647599559 -19533,9672121524 -24784,2731310264 -21416,0570328883
179748,647599559 -19384,7840056822 -24245,9272614915 -21190,2385619383
179748,647599559 -18586,481975507 -23879,7937279729 -20949,5932460233
179748,647599559 -18597,2684945818 -23452,5384461802 -20677,5622878272
179748,647599559 -18446,2566009127 -23128,7716762658 -20346,2677418168
179748,647599559 -17524,7929275259 -22680,6777781907 -20010,7422808627
179748,647599559 -17406,3009785629 -21988,7948084016 -19754,7783440001
179748,647599559 -16567,1022585125 -21850,2798236576 -19380,6859523868
179748,647599559 -16544,5658938318 -21558,9500813292 -19198,2973807267
179748,647599559 -16340,2512841327 -21146,2192013106 -18949,052247206
179748,647599559 -16313,5139271647 -20628,9448270831 -18519,9794408805
179748,647599559 -16524,6513110795 -20548,5432902663 -18426,425811655
179748,647599559 -16202,3828175603 -20093,0309011852 -18145,4597859459
179748,647599559 -16300,8040970167 -19880,2108204767 -17955,7163768864
179748,647599559 -16144,8599051539 -19412,7921526066 -17828,4974266051
179748,647599559 -16155,2113371807 -19618,612702059 -17696,349805786
179748,647599559 -16080,9161973655 -19659,6936722423 -17611,9793826422
179748,647599559 -16080,9161973655 -19403,8998073375 -17456,2916050211
179748,647599559 -15894,5502181849 -19189,27665337 -17268,7251638187
179748,647599559 -15905,0374804124 -18835,1511164146 -17192,9814697726
179748,647599559 -15652,6915631302 -18826,3293276433 -16926,6274226897
179748,647599559 -15637,8148422689 -18957,5834828603 -16740,5536165206
179748,647599559 -15801,8974432391 -18383,1974313119 -16714,7258769778
179748,647599559 -15418,2243721792 -19041,5004059432 -16572,3350333926
179748,647599559 -15418,2243721792 -18231,0480214031 -16542,4805833151
179748,647599559 -15421,009582751 -17890,1282020278 -16475,0442087047
179748,647599559 -15379,1449386428 -18138,645027427 -16388,069060458
179748,647599559 -15370,5942265807 -17927,1733725119 -16394,9014185423
179748,647599559 -14741,289458075 -17922,8016203058 -16280,3502002816
179748,647599559 -14958,7069769114 -17956,411635379 -16241,8131227422
179748,647599559 -14831,3810810704 -17604,1997827444 -16127,4519643065
179748,647599559 -14690,0923762715 -17462,9439853297 -15934,013500282
179748,647599559 -14697,2388366373 -17378,8249949779 -15914,300569106
179748,647599559 -14614,6069419237 -17433,6757313001 -15838,3915470661
179748,647599559 -14595,2469775971 -17115,7444376367 -15677,2606956232
179748,647599559 -14581,361005969 -17130,7518710067 -15623,976785883
179748,647599559 -14648,0152328264 -17046,8316509411 -15578,7854361022
179748,647599559 -14330,145677291 -16829,7792490124 -15471,7977470416
179748,647599559 -14466,4083397279 -16893,0476623193 -15473,6388748776
179748,647599559 -14443,9066237948 -16962,1957746181 -15476,4145344946
179748,647599559 -14461,8421498351 -16952,7094274714 -15450,9653782986
179748,647599559 -14609,1434863412 -16815,0448111141 -15420,2071688732
179748,647599559 -14212,8093668629 -16482,471940132 -15335,3148257213
179748,647599559 -14202,7346609511 -16711,1227351633 -15216,4793118301
179748,647599559 -14400,6926278836 -16662,0283103666 -15198,6676391246
179748,647599559 -14195,0650781741 -16803,9665461214 -15183,3515382596
179748,647599559 -14072,7227835555 -16619,4069828689 -15145,1588084596
179748,647599559 -14017,2465318105 -16599,3260698298 -15028,9941288267
179748,647599559 -14030,5972661249 -16294,8104289345 -14943,2902002535
179748,647599559 -14058,8094471466 -16271,8939933112 -14877,9338731163
179748,647599559 -13907,5520320326 -16568,6225125836 -14832,7688945594
179748,647599559 -14115,2201608798 -16669,3877791857 -14838,6360491072
179748,647599559 -13985,7023045983 -16268,3874305365 -14758,9692488985
179748,647599559 -13641,0991045626 -15878,8791532765 -14730,6362695983
179748,647599559 -13647,1837823359 -15937,0479766722 -14578,9277154049
179748,647599559 -13542,6608884203 -15841,061560423 -14632,6761762802
179748,647599559 -13746,869608324 -16204,7432255956 -14707,5822349458
179748,647599559 -13391,1218826672 -16257,9924178529 -14606,6098209659
179748,647599559 -13422,7150078707 -16059,2408659474 -14583,1680165181
179748,647599559 -13600,5599612491 -15868,0418622565 -14553,6748728531
179748,647599559 -13595,2210205662 -16112,5127507324 -14574,2834227694
179748,647599559 -13544,6218318378 -16083,8135190731 -14561,9963777644
179748,647599559 -13544,6218318378 -15882,5251538948 -14525,4254177124
179748,647599559 -13689,0479154945 -15842,3310004012 -14486,061490094
179748,647599559 -13416,6791325054 -15825,9667818881 -14434,5215753001
179748,647599559 -13129,0965870962 -15750,6582491681 -14384,5725533714
179748,647599559 -13299,9448800061 -15882,159529794 -14386,6616608923
179748,647599559 -13247,9458025235 -15837,8630679227 -14314,1172310751
179748,647599559 -13109,8163476695 -16213,7794680598 -14324,62218366
179748,647599559 -13255,3618410829 -15770,1346353612 -14256,6057215329
179748,647599559 -13219,7842213804 -15626,2059981739 -14211,9136731596
179748,647599559 -13219,7842213804 -15713,0464978832 -14189,3673682657
179748,647599559 -13219,7842213804 -15659,6024671909 -14200,3800891992
179748,647599559 -13246,5159545347 -15567,7636418888 -14126,6228391585
179748,647599559 -12974,1352028774 -15763,286884661 -13875,3976421536
179748,647599559 -12777,6814332459 -15606,097863185 -13827,3367224559
179748,647599559 -12606,6845310299 -15473,7364557176 -13769,0358100558
179748,647599559 -12334,5589750774 -15495,2692121719 -13648,9428412025
179748,647599559 -12408,5635588685 -15202,5247989388 -13603,4998722882
179748,647599559 -12471,9232440478 -15275,4672424127 -13585,7961241705
179748,647599559 -12464,3483757892 -15113,0830724679 -13422,9863563072
179748,647599559 -12217,9049365447 -15167,04753693 -13386,0441409705
179748,647599559 -12245,5427707116 -15276,9175469166 -13367,1487349734
179748,647599559 -12148,7356974878 -15135,0834100781 -13386,3599173623
179748,647599559 -12024,0847329491 -15285,9655343088 -13393,7224265007
179748,647599559 -12108,0680428607 -15273,3355172088 -13356,3930245374
179748,647599559 -11984,1744195938 -15259,5578358436 -13270,5956006245
179748,647599559 -12072,4944950149 -15376,9038479389 -13315,8937235715
179748,647599559 -12015,2376669578 -15422,7866262111 -13264,185977216
179748,647599559 -12094,3097109641 -15108,2678697986 -13260,315373465
179748,647599559 -12028,334073617 -14977,5313358681 -13165,2967846635
179748,647599559 -12147,8618403256 -14836,7966752428 -13219,2629028131
179748,647599559 -12276,3123822667 -14949,9840485844 -13132,0245736676
179748,647599559 -12203,8337947722 -14924,2668955095 -12987,3384810725
179748,647599559 -12271,070324516 -14494,7924816819 -12940,1610935009
179748,647599559 -12271,070324516 -14303,1938741557 -12927,8304230296
179748,647599559 -12267,4654391418 -14684,5506383967 -12918,9046924788
179748,647599559 -12382,5779072744 -14281,5490952786 -12902,7786802053
179748,647599559 -12375,555586696 -14367,3435440128 -12895,7358809445
179748,647599559 -12095,6168991073 -14013,6756684367 -12820,4288487309
179748,647599559 -12324,1701918634 -14217,4482005036 -12859,9100906562
179748,647599559 -12191,5268333152 -14338,9465746406 -12831,8842003755
179748,647599559 -12253,510109443 -14075,7750407862 -12801,0036992475
179748,647599559 -11978,637043954 -14234,0867270924 -12779,980221494
179748,647599559 -11982,4198566134 -14391,3914246034 -12729,68708232
179748,647599559 -11991,7732703946 -14258,3239379196 -12730,3382683393
179748,647599559 -11969,8080480144 -14340,9780105846 -12739,1765381538
179748,647599559 -11856,8792597934 -14089,3439118866 -12714,2931762764
179748,647599559 -11839,0785218256 -14257,8183741529 -12730,7036430954
179748,647599559 -12009,3311104383 -13964,3295967917 -12745,3263429821
179748,647599559 -12036,4160290155 -13790,6694873383 -12820,4416759187
179748,647599559 -12285,0506223781 -13982,5817588013 -12851,8991925422
179748,647599559 -12198,1800144251 -13864,3700805825 -12822,7472581583
179748,647599559 -12127,9296633762 -14219,7712489927 -12789,1809111171
179748,647599559 -12194,0623917269 -14075,2629038422 -12781,0391867903
179748,647599559 -11982,050310814 -14034,5512324885 -12689,7653269874
179748,647599559 -12031,9593545544 -14197,5140712482 -12682,1861168186
179748,647599559 -12019,1962194228 -14068,683475612 -12695,9596691494
179748,647599559 -12091,2128453543 -14180,2231317761 -12714,5883923571
179748,647599559 -11977,286394622 -14245,9700376952 -12654,900559342
179748,647599559 -11937,6316520209 -14254,7633638482 -12619,2047677427
179748,647599559 -11886,0501664497 -14238,2862233391 -12559,3426037676
179748,647599559 -11902,1389050005 -14394,6594562099 -12513,9358419237
179748,647599559 -11511,2231133127 -13867,8856820337 -12456,624277899
179748,647599559 -11238,8543303237 -14287,2224342 -12428,8881403249
179748,647599559 -11238,8543303237 -14017,3051690661 -12315,2014538974
179748,647599559 -11286,4212614449 -13728,8961983822 -12286,7219164905
179748,647599559 -11286,4212614449 -13700,951022107 -12288,5141868372
179748,647599559 -11272,8809759108 -13692,3083821813 -12290,7963813067
179748,647599559 -11580,7262008774 -13705,6048542268 -12364,3635399708
179748,647599559 -11263,7757701814 -13923,4376241284 -12299,742246546
179748,647599559 -11260,7394772144 -13804,8800782557 -12300,8709913334
179748,647599559 -11246,5283219623 -13802,7434186061 -12321,2973498522
179748,647599559 -11117,0947054772 -14198,9119500085 -12304,2688936386
179748,647599559 -11022,143489936 -14005,4136777315 -12273,2548078827
179748,647599559 -10842,6840978494 -13846,7316021751 -12227,196127075
179748,647599559 -10793,9912967546 -13930,141826577 -12235,0570225727
179748,647599559 -10493,7504164641 -14105,9985516806 -12200,4417018978
179748,647599559 -10498,3136846905 -14247,1403642881 -12266,7344611416
179748,647599559 -10640,3164489138 -14311,4202527553 -12260,2284790559
179748,647599559 -10856,325473473 -14171,799001778 -12202,9396286703
179748,647599559 -10900,5551951893 -14119,6870144736 -12203,0388923784
179748,647599559 -10763,2225094056 -14050,4651169766 -12165,368385097
179748,647599559 -10777,9006513152 -14266,1650277647 -12171,8744536529
179748,647599559 -10777,9006513152 -14092,4692256527 -12162,2851216295
179748,647599559 -10714,4171392767 -14166,6517736911 -12227,03895827
179748,647599559 -10680,7762080706 -13516,5276985439 -12173,5127647795
179748,647599559 -10700,7881067014 -13962,722809654 -12151,758034742
179748,647599559 -10918,2053750213 -14091,7753712852 -12264,7499092707
179748,647599559 -10868,1529567017 -14573,1675343254 -12321,8394758506
179748,647599559 -10684,1559714247 -14491,3912538891 -12324,8565470705
179748,647599559 -10684,1559714247 -14386,3519233161 -12255,5573170168
179748,647599559 -10683,1860240627 -13989,8304217858 -12273,0688619244
179748,647599559 -10955,4356658422 -14330,4109033217 -12218,3849686915
179748,647599559 -11154,4131436404 -14058,4937454169 -12253,3863378911
179748,647599559 -11081,3534459275 -14071,3053797376 -12248,9248992374
179748,647599559 -11119,5986453778 -13983,5738001416 -12224,087335075
179748,647599559 -11233,1912647354 -14119,5083800474 -12235,0702856394
179748,647599559 -11206,2311344662 -14047,7040794077 -12147,507268853
179748,647599559 -11343,5638202499 -14068,8515409154 -12196,406903077
179748,647599559 -11280,6438945309 -14158,3927019342 -12116,8491944845
179748,647599559 -10815,0902536549 -13836,3163637361 -12117,0502495287
179748,647599559 -10793,5043948582 -13838,0984900237 -12120,253357468
179748,647599559 -11058,8561453705 -14017,9289871028 -12180,4590741364
179748,647599559 -10835,1524926568 -13998,675029219 -12195,7452158783
179748,647599559 -10797,4550224456 -14277,090543802 -12198,538975036
179748,647599559 -10920,2558994308 -14025,6582155 -12191,1413047086
179748,647599559 -10920,2558994308 -13847,1320537233 -12177,6269874239
179748,647599559 -10777,4850423799 -13840,1718789984 -12147,1251006392
179748,647599559 -10561,4760178207 -13695,9185918973 -12141,011606753
179748,647599559 -10710,8412100141 -13661,6213594676 -12138,4223449805
179748,647599559 -10794,8989484702 -13630,6620166391 -12256,735080561
179748,647599559 -10835,8351809829 -13973,5832505735 -12153,3036172241
179748,647599559 -10805,1773665324 -13988,3957616569 -12158,1511023845
179748,647599559 -10980,0327951281 -14430,1366039492 -12132,9551354232
179748,647599559 -11061,6131943315 -14305,642034227 -12103,38495878
179748,647599559 -10995,1918812799 -14263,9695115445 -12189,7181422333
179748,647599559 -10981,7080291574 -14428,9884021588 -12197,2073681173
179748,647599559 -11054,6510516995 -14846,1978694845 -12180,291719398
179748,647599559 -10946,9098624302 -14647,9444077626 -12148,1329961177
179748,647599559 -10784,0398572395 -14801,2817288255 -12104,0756580862
179748,647599559 -10700,6711391608 -14699,0351201939 -12151,7976336464
179748,647599559 -10674,9833271626 -14451,4729577568 -12163,7068406262
179748,647599559 -10701,8964839611 -14871,9476753641 -12155,1013121178
179748,647599559 -10913,6710369985 -14798,2805088705 -12218,8740928457
179748,647599559 -11189,0578078197 -14768,349538613 -12304,0591407392
179748,647599559 -11440,1362053867 -14672,600304476 -12413,4468952328
179748,647599559 -11193,1691549235 -14565,6816479165 -12404,667946074
179748,647599559 -11227,9806933891 -14805,7135866658 -12422,6626697051
179748,647599559 -11384,767828949 -15163,7699303749 -12447,4796542595
179748,647599559 -11384,0013756732 -15443,1300468099 -12492,044663667
179748,647599559 -11393,3741231666 -15368,7553502313 -12337,9762334343
179748,647599559 -11770,0801947375 -14692,6226955942 -12440,7086684961
179748,647599559 -11707,4840876115 -14874,4170288264 -12497,7617233911
179748,647599559 -11707,4840876115 -15250,3017008569 -12498,7694138646
179748,647599559 -11746,2381139432 -15013,8822841078 -12491,823174082
179748,647599559 -11784,4183315287 -14614,7471176513 -12544,2762472431
179748,647599559 -11820,1581819664 -14642,4238035709 -12602,7595136855
179748,647599559 -11547,6706541728 -14451,5069473148 -12584,1295983482
179748,647599559 -11555,0206197608 -14276,6278490083 -12536,0021686568
179748,647599559 -11545,1753601827 -14179,7254074199 -12416,0606529122
179748,647599559 -11541,0676609136 -14074,4041037015 -12331,9307584139
179748,647599559 -11716,440678219 -14037,5114805026 -12417,2559911685
179748,647599559 -11600,648321987 -13919,6266475909 -12341,6363540927
179748,647599559 -11524,2266290901 -13758,6062990423 -12275,2419671265
179748,647599559 -11626,4758416512 -14007,0251193608 -12298,9798908225
179748,647599559 -11560,9029963419 -13794,6200471726 -12272,2249473612
179748,647599559 -11554,1090167724 -14050,5914982057 -12233,9999623744
179748,647599559 -11495,5101729068 -13691,4587622723 -12230,0044383572
179748,647599559 -11465,2215740076 -14003,958735983 -12281,611169201
179748,647599559 -11414,0824506689 -14004,1243701653 -12346,4929965673
179748,647599559 -11428,4011185169 -14315,0608813285 -12377,4818617603
179748,647599559 -11685,8947133737 -14081,9014804598 -12365,0231634097
179748,647599559 -11792,5383511302 -14006,1439225804 -12415,4363766477
179748,647599559 -11743,2803776584 -14059,4598520384 -12385,4923354274
179748,647599559 -11760,2332677062 -14081,2278923779 -12400,8809306758
179748,647599559 -11714,2385570106 -13856,2936037799 -12316,6850898065
179748,647599559 -11699,3212292481 -13871,9119158061 -12419,1118412614
179748,647599559 -11796,5791237591 -13689,7060782545 -12404,5209835078
179748,647599559 -11661,4279038709 -13712,2681818474 -12386,1186276586
179748,647599559 -11748,1183474796 -13898,640649714 -12427,650565345
179748,647599559 -11819,4254598644 -13856,9543225663 -12374,5899281563
179748,647599559 -11845,7306393517 -14185,8400724622 -12428,7785182332
179748,647599559 -11862,1606725337 -13654,572235454 -12363,4471495336
179748,647599559 -11992,9491755875 -13622,0483291424 -12345,9384578457
179748,647599559 -11899,4541510439 -13356,1120063378 -12293,4607254722
179748,647599559 -11862,976624655 -13785,5342984084 -12277,4545750121
179748,647599559 -11680,105689343 -13530,1905325652 -12249,2286198804
179748,647599559 -11699,6191591109 -13451,8730472201 -12277,0075034337
179748,647599559 -11540,1131463851 -13586,1657296739 -12262,1193988408
179748,647599559 -11711,5485401017 -13644,752003699 -12260,588283132
179748,647599559 -11633,929719166 -13701,064595558 -12290,5182440002
179748,647599559 -11633,929719166 -13264,9873560639 -12237,8241133686
179748,647599559 -11626,6978227555 -13780,3696223294 -12208,5032187174
179748,647599559 -11607,219803345 -13705,6276209967 -12179,5342869211
179748,647599559 -11674,0326755157 -13558,5922590074 -12244,4060925041
179748,647599559 -11525,1162822619 -13783,7477817422 -12193,2411368468
179748,647599559 -11439,9175589664 -13496,4728458615 -12174,3125336378
179748,647599559 -11392,4889034867 -13410,2744837106 -12103,1548719991
179748,647599559 -11484,5138757667 -13281,6564311164 -12108,0558629556
179748,647599559 -11329,2894569785 -13315,395408921 -12141,3097984181
179748,647599559 -11329,2894569785 -13670,4083554597 -12073,1600714776
179748,647599559 -11058,5948891934 -13809,5117034463 -12084,5546788704
179748,647599559 -10945,928331369 -13744,8285231214 -12019,9900971628
179748,647599559 -10743,424154474 -13456,3044378524 -11970,3804054
179748,647599559 -10690,4421890544 -13366,2763260736 -11952,8242055657
179748,647599559 -10775,8589240846 -13652,3940433463 -12036,1881564649
179748,647599559 -10775,8589240846 -13731,089604543 -12050,7968502423
179748,647599559 -10760,054543913 -13554,1699074324 -12026,976082603
179748,647599559 -11028,4816089504 -13620,8945372776 -12010,715732591
179748,647599559 -10731,3206726463 -13771,7257240512 -11991,9913286954
179748,647599559 -10799,4669604946 -13489,5944532811 -12044,0474963674
179748,647599559 -10575,8019774455 -13628,1830729882 -12046,3981987555
179748,647599559 -10824,9570670504 -13554,9960935777 -11969,2167528551
179748,647599559 -10892,0301080247 -13347,5970200208 -11966,820687165
179748,647599559 -10876,896925429 -13363,8969332894 -11988,6768406684
179748,647599559 -11022,3863332686 -13178,4630680177 -12012,3889104138
179748,647599559 -10891,875485722 -13325,0380198157 -12077,7835846824
179748,647599559 -10913,624461089 -13832,9041921879 -12064,3114874627
179748,647599559 -11058,0213346501 -13605,8885842701 -12156,9345763958
179748,647599559 -11195,3334192959 -13379,2820789932 -12180,4088725436
179748,647599559 -11196,9247268345 -13762,6620604872 -12188,4570610342
179748,647599559 -11080,0177125224 -13711,6202644369 -12142,1680805672
179748,647599559 -11078,4264049838 -13812,5978684406 -12136,6455547827
179748,647599559 -11033,2158561618 -13980,834093811 -12105,2480071524
179748,647599559 -10748,4064999777 -13313,7283604643 -12080,0451119744
179748,647599559 -11169,0319990713 -13157,4282582296 -12052,4824836201
179748,647599559 -11118,546065581 -13412,9794748936 -12025,7119284354
179748,647599559 -11032,2904676433 -13506,6658099958 -12072,0648447542
179748,647599559 -11003,0710734181 -13240,544194079 -12052,0916321225
179748,647599559 -11296,3554688949 -13699,4021268216 -12004,590015695
179748,647599559 -11377,57741688 -13474,9018411547 -12038,9133930235
179748,647599559 -10874,7182943416 -13615,6118251073 -11962,3170941343
179748,647599559 -11065,9383494019 -13867,9611834612 -12003,7727546085
179748,647599559 -10901,3068701789 -13160,957394359 -11989,767793969
179748,647599559 -10929,0693386118 -13646,6198702337 -11996,5771351038
179748,647599559 -11062,4000148154 -13340,4033726772 -12039,7229047386
179748,647599559 -11020,267966383 -13389,9039644677 -12027,4817779495
179748,647599559 -11141,7858752462 -13508,5648367526 -11913,2101469727
179748,647599559 -11214,9574482352 -13424,3761392793 -12030,7595427198
179748,647599559 -11268,9548271857 -13787,0765649371 -11978,086406372
179748,647599559 -11345,9331961413 -13855,8448746007 -12022,8076999741
179748,647599559 -11322,3175597418 -13593,4934900936 -11978,9939267008
179748,647599559 -11322,3175597418 -13460,6812808905 -11998,4378243159
179748,647599559 -11322,4510786677 -13578,1328547202 -12026,1324101168
179748,647599559 -11320,8371448466 -13596,4192095766 -12040,1024715531
179748,647599559 -11347,5848940803 -13585,8029190896 -12080,6886312707
179748,647599559 -11325,6845993405 -13705,9537087472 -12083,5976568704
179748,647599559 -11411,9087927556 -13597,8143161529 -12040,6071211912
179748,647599559 -11488,8041595476 -13592,5572780123 -12098,5936551986
179748,647599559 -11465,9989351272 -13574,8809936295 -12154,7551876763
179748,647599559 -11546,4920398079 -13858,1339018184 -12190,777695569
179748,647599559 -11512,9708751633 -14029,3916600508 -12168,4176503688
179748,647599559 -11512,9708751633 -13617,8893879958 -12140,9625949592
179748,647599559 -11400,4218854772 -13557,1950231219 -12107,4772522591
179748,647599559 -11412,2398048303 -13988,0981135988 -12185,9442821152
179748,647599559 -11440,2572513168 -13918,4368490555 -12254,1816765158
179748,647599559 -11440,8864770389 -14060,584502424 -12231,6320793288
179748,647599559 -11444,7749285188 -13708,8389818603 -12150,0182464938
179748,647599559 -11428,0415660743 -13765,2160477268 -12143,4878272901
179748,647599559 -11469,0767106896 -13699,1236827621 -12131,4765391921
179748,647599559 -11508,0175537172 -13668,4372211071 -12143,9956635368
179748,647599559 -11520,1899136824 -13301,414378332 -12057,8962313818
179748,647599559 -11523,8289510346 -13194,5317534816 -12041,5654229178
179748,647599559 -11471,7241274826 -13199,3266617593 -12075,8945424179
179748,647599559 -11537,9297949806 -13309,3983850621 -12101,8167175024
179748,647599559 -11520,7398941582 -13157,1956240988 -12126,0620209294
179748,647599559 -11491,791528667 -12960,9586828569 -12066,8046523621
179748,647599559 -11480,3578696378 -13191,1887152269 -12044,2709096897
179748,647599559 -11470,4311860399 -13134,1041913476 -12036,1531728796
179748,647599559 -11627,3127034687 -13420,6888450144 -12023,866106018
179748,647599559 -11624,304480972 -13276,6099690508 -12021,0620035753
179748,647599559 -11624,013702191 -13172,556951666 -12046,8270902968
179748,647599559 -11648,7960937637 -13541,1871940139 -12080,6990745619
179748,647599559 -11530,9201721291 -13155,4099265374 -12019,1678567254
179748,647599559 -11394,7386156373 -13274,3325126448 -11975,6409764553
179748,647599559 -11453,5736333665 -13030,5659002718 -12025,2869748501
179748,647599559 -11662,2568230304 -13052,0471018947 -12070,7693020542
179748,647599559 -11662,3459408542 -12991,1525726643 -11955,4277330825
179748,647599559 -11463,4830890206 -13078,4954546585 -11969,1779405949
179748,647599559 -11440,101448068 -13349,7490203123 -11960,0755661448
179748,647599559 -11178,0434055662 -13037,2180499804 -11920,9231908844
179748,647599559 -11278,1776417942 -13305,970363795 -11944,0746702405
179748,647599559 -11498,7873130108 -13276,7163336534 -11961,8371835464
179748,647599559 -11586,2862615403 -13190,3236922317 -12001,5118922006
179748,647599559 -11541,1435943963 -13317,0076887765 -11998,0750631359
179748,647599559 -11454,7147467496 -13840,4878141906 -12047,1144711837
179748,647599559 -11190,9021923981 -13781,9942218196 -12034,7180359986
179748,647599559 -11167,8036652835 -14179,4677865923 -12019,835307284
179748,647599559 -11135,0956293837 -13873,9868801111 -12087,5666992076
179748,647599559 -11084,0706359974 -13986,1054233686 -12038,9052114118
179748,647599559 -11060,8673561825 -13982,7943453584 -11998,2895767228
179748,647599559 -11136,0423812084 -13914,2348566821 -12041,1037219033
179748,647599559 -10997,8936752217 -13960,5395616578 -12110,9315183976
179748,647599559 -10997,8936752217 -14065,6262742891 -12102,3668064412
179748,647599559 -11010,8794750687 -13805,0103118637 -12081,9357779853
179748,647599559 -11134,3386331146 -14202,5530945689 -12119,1391751456
179748,647599559 -11219,34034797 -13835,1090045934 -12136,0727868545
179748,647599559 -11068,4265764744 -13889,2708160813 -12160,9396025515
179748,647599559 -11068,4265764744 -13831,1390054006 -12165,2126123274
179748,647599559 -11166,0169727781 -13969,3378920791 -12100,6596965638
179748,647599559 -11462,756320512 -14132,975335748 -12153,1452300436
179748,647599559 -11611,7131085285 -14091,9976387735 -12132,4629340607
179748,647599559 -11571,2579777475 -14027,7712919599 -12157,5420723115
179748,647599559 -11539,756139114 -14091,3190218524 -12271,6887839748
179748,647599559 -11654,6340789011 -13887,2158346172 -12327,8393337179
179748,647599559 -11566,160241044 -14141,6936280918 -12291,5797813263
179748,647599559 -11594,5105384545 -13789,327983657 -12358,821750987
179748,647599559 -11530,0753661895 -14113,8891352071 -12340,6095273017
179748,647599559 -11486,4765677481 -13781,0798228774 -12328,5062328413
179748,647599559 -11299,0537660631 -14320,6228771518 -12348,804673991
179748,647599559 -11076,3808586044 -13933,1473147308 -12422,8804487322
179748,647599559 -11064,2196535616 -14132,3067043639 -12411,8821406803
179748,647599559 -11000,1922913721 -14080,7002919834 -12259,1040393638
179748,647599559 -11045,6018728059 -13928,3221311518 -12207,7858196518
179748,647599559 -10960,2681054727 -14048,0867980291 -12186,368316676
179748,647599559 -11121,9883840334 -13725,7404578067 -12215,3144841851
179748,647599559 -11019,8485061578 -13998,8065177431 -12221,1656754669
179748,647599559 -10935,711469221 -13946,8423654538 -12165,224219476
179748,647599559 -11057,8845777171 -13656,8184852109 -12149,861006429
179748,647599559 -11030,0286067003 -13774,5196274027 -12228,9733742548
179748,647599559 -11199,7658807339 -13773,581125351 -12226,1556717114
179748,647599559 -11121,7597252749 -13518,3585830634 -12198,394789095
179748,647599559 -11015,9727224764 -13671,5888937641 -12165,8607134699
179748,647599559 -11015,9727224764 -13785,6904708644 -12095,3473829177
179748,647599559 -11104,1767451558 -13204,0284701501 -12065,9993266156
179748,647599559 -11036,1757722548 -13310,6924368167 -12056,0649115677
179748,647599559 -10916,0283797173 -13275,1478797988 -12039,5377981357
179748,647599559 -10920,5395833026 -13172,7210531861 -11920,2101357264
179748,647599559 -10985,6682696609 -13101,4912826586 -11949,8474179958
179748,647599559 -10895,4554795708 -13077,0650974784 -11964,3524434873
179748,647599559 -10793,0513153966 -13427,1840185996 -11911,79076957
179748,647599559 -10994,7927209842 -13255,7471096825 -11884,6387098978
179748,647599559 -10993,8478886758 -13416,5868093289 -11941,1695944215
179748,647599559 -11089,44840015 -13491,0078104316 -11904,7751070004
179748,647599559 -10992,1567903326 -13413,8958528674 -11890,6491773677
179748,647599559 -11351,0013020149 -12977,6699733848 -11934,7807471891
179748,647599559 -11450,6890660827 -13182,6842384854 -11971,9069213106
179748,647599559 -11539,897511511 -13230,2704192603 -12000,6789062419
179748,647599559 -11379,9843893775 -13117,1580355225 -12042,6735611345
179748,647599559 -11394,7955484148 -13509,6475467625 -12023,906939238
179748,647599559 -11293,0487793793 -13434,8476946508 -12050,3548232476
179748,647599559 -11282,2679389004 -13280,0734832379 -12068,5534855739
179748,647599559 -11327,2875414451 -13362,7471147524 -12098,1871991805
179748,647599559 -11303,5935406549 -13865,5423389681 -12097,2412675192
179748,647599559 -11298,6507444147 -13703,0490981682 -12095,9603465953
179748,647599559 -11304,5822669531 -13387,9246050382 -12168,891996721
179748,647599559 -11231,2916440176 -13974,37512816 -12099,4420126902
179748,647599559 -11148,7703143733 -13782,9543070149 -12067,8470305476
179748,647599559 -11261,4675376167 -13659,1647548702 -12105,5141111147
179748,647599559 -11272,842854974 -13918,9411261585 -12060,6948580563
179748,647599559 -11272,842854974 -13471,0207582988 -12062,683063656
179748,647599559 -11343,774495369 -13963,5355818489 -12047,3990958629
179748,647599559 -11142,5843392315 -13665,326196222 -12042,7706992167
179748,647599559 -11107,2297343621 -14321,1539756188 -12063,181579287
179748,647599559 -11065,2179527451 -14122,8468645495 -12018,4922687591
179748,647599559 -11191,611785094 -13577,3268177951 -12042,2881705357
179748,647599559 -11208,7024998886 -14118,1493930353 -12064,6916195064
179748,647599559 -11298,0285988901 -14020,0009987733 -12055,6035142757
179748,647599559 -11310,7098896206 -13719,6163206484 -12000,3760727351
179748,647599559 -11430,7442654045 -13757,8920154499 -12034,730599676
179748,647599559 -11164,1387426424 -13762,4471715805 -12004,6603792252
179748,647599559 -11457,2378227057 -13948,8421973726 -12102,2452654027
179748,647599559 -11465,2783063981 -14372,438230481 -12109,0905068763
179748,647599559 -11444,2161774697 -14357,7837040002 -12073,0815390385
179748,647599559 -11478,1447287261 -14112,1420100729 -12057,4100660253
179748,647599559 -11446,5951669299 -14559,4415513933 -12006,1792866953
179748,647599559 -11540,5304926233 -13891,3711150074 -12161,0986441298
179748,647599559 -11540,5304926233 -13955,4179538021 -12185,8754220024
179748,647599559 -11536,3090464463 -13872,0085063619 -12149,7018456285
179748,647599559 -11425,2714080681 -14104,1146910155 -12097,0062883371
179748,647599559 -11319,7085654788 -13741,4742547275 -12002,8491823949
179748,647599559 -11202,227209382 -13470,3676630814 -12031,5235042216
179748,647599559 -11344,5808598316 -13396,1617657492 -12001,8087766642
179748,647599559 -11276,8931745316 -13416,9647447703 -12032,1985220919
179748,647599559 -11471,4222119984 -13343,8385574318 -12030,8649236177
179748,647599559 -11347,5250791986 -13546,6387424543 -11993,3313417135
179748,647599559 -11491,3117505747 -13417,583072394 -12043,9100362855
179748,647599559 -11587,2819133879 -13205,9237609363 -12100,4189778634
179748,647599559 -11626,2879315832 -13177,2938807952 -12131,3649376779
179748,647599559 -11577,7827615474 -13818,2373211288 -12170,1136629847
179748,647599559 -11563,1916969454 -13671,4592356284 -12222,4380843425
179748,647599559 -11476,2450801588 -13862,107749403 -12212,1189787079
179748,647599559 -11661,2261271036 -13535,0501260588 -12184,1963190691
179748,647599559 -11322,6906461996 -13812,0786892461 -12128,8766317254
179748,647599559 -11088,6762644954 -13976,0530757632 -12126,8567460193
179748,647599559 -11125,631301278 -13760,5965098328 -12264,4040056495
179748,647599559 -10851,9114899814 -14054,4421046544 -12311,9587544621
179748,647599559 -11018,1413538876 -13763,9639893805 -12276,0222908621
179748,647599559 -11092,0582677694 -13518,9497203517 -12201,1534730176
179748,647599559 -11086,0369989106 -13434,9358926682 -12171,0967492776
179748,647599559 -10993,2127254591 -13427,0391598598 -12093,0829067822
179748,647599559 -11132,7549945721 -13024,1433852274 -12015,3431036496
179748,647599559 -11093,8543203981 -13503,4538983387 -12003,8139978189
179748,647599559 -11093,7026210277 -13089,5541757324 -12016,9962295765
179748,647599559 -11319,6086402845 -13152,234544245 -12011,0635025021
179748,647599559 -11240,1039790172 -13247,7173119621 -11900,9807254338
179748,647599559 -11213,0504437832 -13331,0406634475 -11943,4853958674
179748,647599559 -10923,04670808 -13319,0072432539 -11887,644952255
179748,647599559 -11042,3007089348 -13196,0424424445 -11924,2086355962
179748,647599559 -10894,9914112382 -13194,6884628453 -11888,730124066
179748,647599559 -11050,5199986671 -13237,2442550847 -11943,7515146088
179748,647599559 -11022,432634235 -13137,1721172848 -11896,3621121996
179748,647599559 -11063,6917059355 -13344,0117402075 -11879,5537058036
179748,647599559 -11050,8143498199 -13168,9525241535 -11926,7130762107
179748,647599559 -11052,7680362734 -13196,8482310308 -11910,7724205552
179748,647599559 -11076,4428135658 -13124,1487563644 -11992,3079713533
179748,647599559 -11058,1148255014 -13312,0422924749 -12016,619036004
179748,647599559 -11038,5154329814 -13453,4951562462 -12060,4224306638
179748,647599559 -11014,840655689 -13547,8992681642 -12091,889735261
179748,647599559 -10985,020672521 -13659,0254503764 -12214,8764905908
179748,647599559 -11077,2270650062 -13621,0032703094 -12202,6369026303
179748,647599559 -11216,1575047166 -13691,7473603504 -12215,6144797411
179748,647599559 -11202,3412090404 -13339,0533183688 -12134,9853352246
179748,647599559 -11206,8358048828 -13872,4106117974 -12165,0065770459
179748,647599559 -11207,0146501433 -13702,2215564256 -12216,2819769593
179748,647599559 -11132,8669047092 -13803,9036770956 -12083,3028104344
179748,647599559 -11085,9549474151 -13657,2577478261 -12105,9956846382
179748,647599559 -11052,1506892212 -13649,9863401933 -12060,8964008736
179748,647599559 -10721,3292950972 -13691,660735267 -11929,8846650765
179748,647599559 -10991,0749349144 -13750,616862018 -11909,6332465646
179748,647599559 -10955,6602389741 -13799,3279314584 -11928,8222673363
179748,647599559 -10967,0792836284 -13931,8250877361 -11914,2724981928
179748,647599559 -11114,5906781441 -13995,0379797586 -11886,8127793559
179748,647599559 -11092,6521199391 -13995,8274479647 -11857,7672850723
179748,647599559 -11131,727523309 -13461,2614062703 -11824,4219401734
179748,647599559 -11140,0014796084 -14032,6598390346 -11915,8175954764
179748,647599559 -11140,0014796084 -13757,7295667864 -11945,3600787089
179748,647599559 -11074,3471849093 -13525,0957022988 -11964,6205388157
179748,647599559 -11104,0291473981 -13970,6924249852 -11964,7601577009
179748,647599559 -11064,0336206234 -13812,9222478866 -11954,3072245739
179748,647599559 -11018,3794826623 -13650,6250565137 -11960,4980628595
179748,647599559 -10996,8740688448 -13778,867822596 -12041,8253139937
179748,647599559 -11049,969042294 -13423,2508771451 -12090,1990525923
179748,647599559 -11062,8081964908 -13622,9396164474 -12143,1226338292
179748,647599559 -11055,2824888927 -13807,3909308587 -12151,9412505703
179748,647599559 -11225,942901198 -13507,7009689762 -12115,8300107963
179748,647599559 -11253,5843382645 -13928,6589012302 -12071,5490971693
179748,647599559 -11082,9239259593 -13645,6077498262 -12047,9802762784
179748,647599559 -11104,6403596548 -13826,3490873998 -12014,7126468038
179748,647599559 -11138,1724812596 -13521,6652859524 -12054,411018935
179748,647599559 -11145,2529807279 -13730,9984337025 -12027,655813147
179748,647599559 -11128,2493546869 -13909,6333563266 -12030,2719175396
179748,647599559 -11075,2028822021 -13721,4213680954 -12069,7782809087
179748,647599559 -11195,3265709229 -13953,7519657338 -12049,9822563938
179748,647599559 -11162,9519986832 -13679,6033549794 -12026,6705067646
179748,647599559 -11265,5605923701 -13732,8006053027 -12076,8903300638
179748,647599559 -11248,3058779735 -13679,5067471103 -12075,8256702494
179748,647599559 -11220,7282922987 -13656,4923176724 -12126,8298376024
179748,647599559 -11248,6505413675 -13814,1103867398 -12171,1369444434
179748,647599559 -11294,9034886589 -13952,3524826959 -12240,1983323799
179748,647599559 -11212,2392516518 -13536,7138939461 -12208,0118672832
179748,647599559 -11381,4721453773 -13997,1864598054 -12235,4173781288
179748,647599559 -11209,4876413422 -14133,2120091678 -12192,7989859361
179748,647599559 -11593,5981075824 -13874,6415569333 -12381,0113156117
179748,647599559 -11583,9267756163 -14310,2864093796 -12331,4416607553
179748,647599559 -11483,861275241 -14214,3718108941 -12415,8375494444
179748,647599559 -11483,5212210028 -14094,7769573469 -12358,1338055703
179748,647599559 -11576,5314580614 -13786,3137491324 -12262,1564585881
179748,647599559 -11652,3966488492 -14191,3223118195 -12318,6820681833
179748,647599559 -11610,2786840152 -14056,3657104532 -12344,7109484738
179748,647599559 -11562,655819354 -14051,5057670393 -12270,9409151586
179748,647599559 -11534,1961468181 -14674,8919683292 -12216,8471375045
179748,647599559 -11377,8032594696 -14152,9558621375 -12218,6952313192
179748,647599559 -11319,66815383 -13850,8052818561 -12222,383658468
179748,647599559 -11220,3825837821 -13781,8813859332 -12140,3060700247
179748,647599559 -11597,718697738 -13737,8150421943 -12165,8751363205
179748,647599559 -11460,7433656396 -13961,6576062379 -12133,6224593012
179748,647599559 -11422,1482888433 -13629,2915033974 -12124,1613730963
179748,647599559 -11376,5930895441 -13686,5444671325 -12194,4990214586
179748,647599559 -11452,5363511566 -13950,2328926528 -12223,0826628647
179748,647599559 -11489,182983385 -14052,3586190534 -12231,3407664014
179748,647599559 -11452,3608619689 -14106,4353670624 -12236,7694531253
179748,647599559 -11423,1783556543 -14276,993545323 -12166,4858893534
179748,647599559 -11423,1783556543 -13616,198472046 -12071,5917702365
179748,647599559 -11377,5533541357 -13498,2703149152 -12118,5874993978
179748,647599559 -11439,9594597454 -13387,827902965 -12093,8673667067
179748,647599559 -11340,249451991 -13815,5281128018 -12082,7053509384
179748,647599559 -11483,8938158818 -13337,5421674857 -12097,7814278374
179748,647599559 -11611,1785264732 -13256,1619593557 -12111,2053955074
179748,647599559 -11457,7795532631 -13446,9053534792 -12057,7710298411
179748,647599559 -11074,0785525309 -13320,4224487194 -11990,663439616
179748,647599559 -10698,9653349079 -13361,0588436388 -11937,4216417197
179748,647599559 -10846,6345368486 -13427,4387014238 -11891,5249070746
179748,647599559 -10763,0914976788 -13402,2556181857 -11959,2476484287
179748,647599559 -10573,5210104164 -13600,9757549714 -11950,0455241766
179748,647599559 -10695,9677565998 -13744,3515655513 -11914,7588660566
179748,647599559 -10962,8426602744 -13733,7255849126 -11982,4663909897
179748,647599559 -10927,2962403975 -13678,4158316699 -12028,3957127431
179748,647599559 -10612,9179562124 -13961,1018652763 -12134,398011061
179748,647599559 -10802,2965467848 -13965,4132321034 -12141,4015502066
179748,647599559 -10808,4259657945 -13727,9239854815 -12079,6829158326
179748,647599559 -11005,3320495917 -13772,0053518852 -12096,2553605681
179748,647599559 -11045,9639432763 -13783,0711338187 -12110,9628366099
179748,647599559 -10849,0578594791 -13730,7402663116 -12093,8610332679
179748,647599559 -10890,6464765513 -13653,5257330663 -12120,934625838
179748,647599559 -11143,3151701182 -14069,3061953169 -12051,5193897275
179748,647599559 -11247,1516195728 -13838,0207239884 -12001,0817921094
179748,647599559 -11182,5839541844 -13668,9695468566 -12008,7526203265
179748,647599559 -11200,7813255648 -14092,896174463 -12032,8111886043
179748,647599559 -11212,7155732077 -14033,6249427946 -12083,8792787207
179748,647599559 -10954,9094596282 -14330,2441287445 -12119,0379719648
179748,647599559 -10996,5790605094 -13835,1031810419 -12145,4279959696
179748,647599559 -10722,8036519428 -14017,1135384935 -12139,2423950575
179748,647599559 -10679,2048535015 -13948,7721521807 -12105,0748595612
179748,647599559 -10854,1656192481 -13954,2315199572 -12055,698555585
179748,647599559 -10818,1695180319 -13884,2931709832 -12028,2927554904
179748,647599559 -10820,2366330871 -13740,8897759977 -11985,3789053772
179748,647599559 -10930,4267113949 -13902,1167961614 -12019,2915894427
179748,647599559 -10798,1715970866 -13776,3066289523 -11919,8844081418
179748,647599559 -10713,2049636834 -13694,9054342517 -11859,4365325529
179748,647599559 -10644,2001272189 -13373,4082552436 -11784,1433323459
179748,647599559 -10730,3444853408 -13505,8444436262 -11873,0826598188
179748,647599559 -10774,828230502 -13638,5238292841 -11960,3210257152
179748,647599559 -10768,3522720561 -13440,8339736608 -11982,8754838653
179748,647599559 -11186,9484163434 -13207,3246067856 -11999,7481800382
179748,647599559 -11128,354680707 -13603,5829856448 -11981,9524289585
179748,647599559 -11112,3804112694 -13397,3837903583 -11993,6854028232
179748,647599559 -10945,2868779865 -13739,8532792395 -11911,4162471661
179748,647599559 -10951,7119393018 -13281,1389017007 -11899,6877199875
179748,647599559 -10822,5876646223 -13362,9280398847 -11950,6326804769
179748,647599559 -10669,9393312223 -13639,63174335 -11975,1795855874
179748,647599559 -10678,2790811297 -13762,5570239282 -12016,1650576977
179748,647599559 -10687,3938123532 -14107,4542326392 -12077,6122601907
179748,647599559 -10534,3114734342 -13964,7052135226 -12077,2374381382
179748,647599559 -10551,0344764056 -13659,9019204199 -12114,2723749413
179748,647599559 -10551,0344764056 -13687,4146125445 -12166,1119243632
179748,647599559 -10488,6096989166 -14187,628514323 -12154,0329686228
179748,647599559 -10584,1843877348 -14216,8586625709 -12266,2143166553
179748,647599559 -10588,7848177999 -14118,1433369103 -12250,5445382916
179748,647599559 -10426,9163065079 -14471,6025414586 -12295,3367647535
179748,647599559 -10497,2954413988 -14129,8839436036 -12219,5829382419
179748,647599559 -10533,1108284383 -14224,0665792256 -12182,579385786
179748,647599559 -10410,1972364435 -14114,4072947125 -12150,8382953505
179748,647599559 -10547,7284942409 -14309,8735591009 -12166,6947388257
179748,647599559 -10359,7591537265 -14207,5974969981 -12105,524627877
179748,647599559 -10521,8614810834 -13989,4359560933 -12120,6198046423
179748,647599559 -10673,0769428985 -13932,5843447352 -12099,1894926106
179748,647599559 -10708,7598702664 -14474,0899891144 -12101,2320624896
179748,647599559 -10840,8007752627 -13896,4724930436 -12141,0376261974
179748,647599559 -10859,9997659944 -13969,4146116402 -12197,6127529467
179748,647599559 -11023,746791676 -13836,214997493 -12211,4204812212
179748,647599559 -10807,198503078 -13792,0143107347 -12138,3854868895
179748,647599559 -10759,8422258198 -13848,8485881024 -12027,1271277047
179748,647599559 -10759,8422258198 -13601,9753888869 -11936,9966120049
179748,647599559 -10806,1628335045 -13801,979987171 -12002,2180558451
179748,647599559 -10780,6341544611 -13742,0545172952 -12000,046399828
179748,647599559 -10768,4729494183 -13522,8618403542 -12064,5906812636
179748,647599559 -10768,4729494183 -13460,967847633 -12032,8002757361
179748,647599559 -10664,1132712098 -13719,505029622 -12034,384128625
179748,647599559 -10527,3941051015 -13446,8805153645 -11968,6844784911
179748,647599559 -10500,804554429 -13488,5319565552 -11948,7743163129
179748,647599559 -10454,6460973875 -13600,4422830234 -11928,7633785904
179748,647599559 -10550,9688980136 -13531,9678569611 -11884,5249623553
179748,647599559 -10404,4690736619 -13166,3337153446 -11840,3922336915
179748,647599559 -10554,6585374091 -13154,4756227886 -11802,28490559
179748,647599559 -10598,2974156891 -13472,2005114916 -11790,904412884
179748,647599559 -11012,5805805784 -13404,4730068586 -11967,3392702954
179748,647599559 -10949,8125009585 -13466,0273628736 -11901,1999755076
179748,647599559 -10949,8125009585 -13369,2584767105 -11851,6226971806
179748,647599559 -11241,8127469911 -13143,2920668675 -11849,4435999644
179748,647599559 -11240,0220790759 -13389,0060342781 -11889,6995995795
179748,647599559 -11237,9354541509 -13260,2153976455 -11880,768266538
179748,647599559 -11207,6566603009 -13348,968755273 -11934,6910210603
179748,647599559 -10957,9521135496 -13085,5619027113 -11917,4260540882
179748,647599559 -11036,7321596987 -13395,8509900464 -11912,076788338
179748,647599559 -10998,5186985699 -13940,8805427031 -11903,0935093355
179748,647599559 -10889,389543702 -14004,2601787281 -11926,6860068264
179748,647599559 -10927,6030048308 -13827,744356369 -11982,1951061484
179748,647599559 -10863,1522715554 -13995,9292563364 -12018,8964515517
179748,647599559 -11063,5107633374 -13299,1654585244 -12100,1241016051
179748,647599559 -11062,181395087 -13402,7689608984 -12133,8007168126
179748,647599559 -10861,6431936574 -13778,9373951421 -12173,6482510024
179748,647599559 -10861,939503005 -13839,2535629939 -12151,4986962404
179748,647599559 -10881,1472699187 -13709,4766867694 -12106,8074313435
179748,647599559 -10827,6459339521 -13452,4961913047 -11981,096168758
179748,647599559 -10992,6535979788 -13614,7209673316 -11929,5030518793
179748,647599559 -10963,0393674153 -13141,4389897129 -11871,5361805072
179748,647599559 -11051,0159565296 -13253,9836455262 -11919,2768210048
179748,647599559 -11054,7273230253 -13450,0536019638 -11955,7275216563
179748,647599559 -11233,7504007565 -13135,243184367 -11990,4046550048
179748,647599559 -11208,7211440179 -13139,1493573516 -11955,3247507916
179748,647599559 -10995,3504690784 -13429,4725403198 -11917,596075526
179748,647599559 -10995,3504690784 -13150,3904929101 -11971,1706980497
179748,647599559 -10973,2048208925 -13289,9305330678 -11952,7632998389
179748,647599559 -10975,1407601735 -13321,1080220407 -11949,4942464844
179748,647599559 -11170,9657034112 -13697,6561327931 -11946,9991453818
179748,647599559 -11211,3851640941 -13445,9192907641 -11937,9219713883
179748,647599559 -11102,1385672073 -13333,3445985957 -11920,3756311396
179748,647599559 -11091,2272764615 -13194,7524477345 -11783,6717636712
179748,647599559 -11022,4148540315 -13077,1892907504 -11704,5558223624
179748,647599559 -10940,8193836042 -13381,3146388044 -11733,8536864426
179748,647599559 -10926,3447462944 -13455,0114517862 -11729,8619882123
179748,647599559 -11037,4060372657 -13649,9949727291 -11715,1821622223
179748,647599559 -10898,9190149945 -13200,0160914778 -11774,3719642694
179748,647599559 -10709,5640852623 -13204,0982834936 -11840,6025018302
179748,647599559 -10775,1638416621 -13146,7229661719 -11856,4558984793
179748,647599559 -10876,88504923 -13405,8711575245 -11867,5618847954
179748,647599559 -10762,8037658268 -13397,9088586152 -11830,6700988432
179748,647599559 -10829,5139728268 -13915,8391377242 -11770,4725393256
179748,647599559 -11064,0232431718 -13384,9236552882 -11832,3274806602
179748,647599559 -10897,7240356881 -13527,033022917 -11794,1431037162
179748,647599559 -10890,4581713554 -13394,9339488602 -11798,2026257437
179748,647599559 -10922,458895017 -13649,3713696192 -11725,7765082324
179748,647599559 -10931,3159960333 -13434,3774392535 -11730,0664405217
179748,647599559 -11121,6711073918 -13807,4220997866 -11810,0539456166
179748,647599559 -11058,7122250307 -14047,7999019788 -11768,7650132329
179748,647599559 -10933,2267552681 -13852,2397783583 -11782,739947962
179748,647599559 -11033,7868133619 -13625,7066665701 -11792,1452756035
179748,647599559 -11004,2268979721 -13517,1574783009 -11754,87475222
179748,647599559 -10755,483349473 -13487,9532315124 -11722,7976574053
179748,647599559 -10731,1391266054 -13375,9512673058 -11692,2783828512
179748,647599559 -10736,3206179415 -13640,936707217 -11711,9243974716
179748,647599559 -11030,0200738792 -13704,4244857251 -11841,1718086376
179748,647599559 -10881,4894263112 -13679,6773844607 -11851,8783628288
179748,647599559 -11044,5392363874 -13869,0973972216 -11847,3476488484
179748,647599559 -11056,9255486754 -13485,3556746449 -11839,1142649777
179748,647599559 -10776,7565546817 -13909,9836685925 -11821,4449868919
179748,647599559 -10952,5715694793 -13587,2227158373 -11792,1832248639
179748,647599559 -10999,6163735043 -13595,768077593 -11722,4942328375
179748,647599559 -10914,2303339406 -13356,0460946845 -11699,0820311851
179748,647599559 -11033,131261664 -13272,8053248916 -11764,5645108034
179748,647599559 -10934,3978118621 -13364,7680372358 -11703,1181709069
179748,647599559 -11063,1748042099 -13224,4330014788 -11716,6229607299
179748,647599559 -11029,5718488544 -13190,6058801777 -11650,0215736819
179748,647599559 -11131,2420981419 -13116,2895500579 -11696,5700532692
179748,647599559 -11116,5269109035 -13253,5639221337 -11728,2126224068
179748,647599559 -11102,6618592127 -13262,7544829661 -11807,6206884149
179748,647599559 -11167,1526823467 -13043,6862787173 -11821,8706700874
179748,647599559 -11046,7214621568 -13432,1107219317 -11818,2785384636
179748,647599559 -10995,2603506744 -12891,2284118743 -11815,5243315452
179748,647599559 -10849,5201734254 -13344,0924307956 -11826,7515291763
179748,647599559 -10775,2083461219 -13380,2150767263 -11873,5010790088
179748,647599559 -10775,2083461219 -13605,4508000983 -11858,2109465378
179748,647599559 -10730,0656789778 -13761,1130704175 -11886,7243924846
179748,647599559 -10730,0656789778 -14253,0189578247 -11951,6145238661
179748,647599559 -10724,6170433898 -14185,8104585167 -11963,8784364653
179748,647599559 -10871,1016159901 -13966,1107377978 -11941,6787022173
179748,647599559 -10876,5502515781 -13676,4212345134 -11900,6023630504
179748,647599559 -10916,6175403576 -13375,0778923005 -11858,7726675521
179748,647599559 -11010,31554619 -13213,9682778567 -11823,0808270915
179748,647599559 -10844,7822644095 -13509,8403727722 -11774,3192344424
179748,647599559 -10933,3273588346 -13382,7039201546 -11828,8862651492
179748,647599559 -11152,801350777 -13613,9759115343 -11824,8152670255
179748,647599559 -11267,1267039267 -13042,7497202515 -11795,6382571788
179748,647599559 -11024,567983395 -13398,7002363177 -11759,4285766432
179748,647599559 -10782,6738157806 -13633,5456141676 -11764,7539182428
179748,647599559 -10760,8097892382 -13562,114443391 -11721,8772050778
179748,647599559 -10782,493972108 -13589,6290472258 -11760,6515384179
179748,647599559 -10770,7138576399 -13574,9853051922 -11749,1543609737
179748,647599559 -10796,2441595344 -13636,7957617961 -11780,6605145921
179748,647599559 -10866,9483947314 -13753,3299335734 -11812,034780158
179748,647599559 -10888,7035277889 -13929,4103586772 -11796,0363791328
179748,647599559 -10884,1990776547 -13840,4190882136 -11822,4673712193
179748,647599559 -10789,6813833212 -13909,126406809 -11758,5934932367
179748,647599559 -10686,0458453411 -13720,2290518827 -11769,6037973935
179748,647599559 -10692,9690183301 -13103,4369259756 -11723,9693863341
179748,647599559 -10783,6007645023 -13373,2923977772 -11718,4460350066
179748,647599559 -10741,7811904358 -13427,8830458977 -11764,997938742
179748,647599559 -10719,4638331667 -13497,9120510342 -11704,1427555875
179748,647599559 -10387,6907879756 -13971,7402269105 -11682,6143033895
179748,647599559 -10385,1810407563 -13686,0987533266 -11727,6684387698
179748,647599559 -10580,6424937919 -13507,6785835142 -11682,9575327104
179748,647599559 -10575,8049126499 -13285,5607303829 -11680,1333745402
179748,647599559 -10755,7653763602 -13366,9664072443 -11678,9526663288
179748,647599559 -10960,5139191358 -13352,8267854771 -11749,1510082039
179748,647599559 -11025,2941790834 -13124,5461489601 -11734,7093975971
179748,647599559 -11056,6984617301 -13061,4892180205 -11769,746058838
179748,647599559 -11010,1291530173 -13249,979003254 -11817,2612553835
179748,647599559 -11194,2956757435 -13501,2161904373 -11837,3997260905
179748,647599559 -11034,4980304776 -13296,9714527915 -11759,355333563
179748,647599559 -10988,0620877269 -13818,0710050112 -11808,7220188996
179748,647599559 -10769,1458195478 -13118,8609794407 -11758,7734543228
179748,647599559 -10755,7963788001 -13807,1704282974 -11679,7867648409
179748,647599559 -10776,6950737004 -13220,639073147 -11591,6046722959
179748,647599559 -10786,9211296437 -13368,5080139635 -11618,7672957086
179748,647599559 -10505,4118041363 -13103,6335057543 -11608,2650727489
179748,647599559 -10538,049627011 -12888,445584458 -11635,3044063084
179748,647599559 -10551,7291581488 -13053,1359693731 -11648,926214332
179748,647599559 -10659,5036646545 -13202,1033225517 -11622,2655238835
179748,647599559 -10575,291562184 -13086,0311714737 -11578,3748688183
179748,647599559 -10721,0023360694 -13240,2129862497 -11596,3152375499
179748,647599559 -10721,0023360694 -12933,8049086232 -11600,2470495763
179748,647599559 -10721,0023360694 -12930,729544878 -11631,915434638
179748,647599559 -10740,1078088511 -13190,6317294277 -11672,7323214212
179748,647599559 -10628,735804798 -13451,6339097164 -11719,4109165938
179748,647599559 -10665,412400278 -14041,4810839976 -11783,9947654808
179748,647599559 -10597,318675878 -13733,7678559449 -11833,7289925345
179748,647599559 -10700,441731294 -13573,6723461613 -11827,0627525081
179748,647599559 -10691,7304417746 -13698,4150669144 -11869,353180733
179748,647599559 -10774,0092955638 -13472,4265805868 -11918,9693272405
179748,647599559 -11267,2804443403 -13745,3345448761 -12008,2364321432
179748,647599559 -11238,6865662381 -13546,9747942405 -12049,8487964771
179748,647599559 -11170,1023164392 -13639,6006160719 -12056,666752323
179748,647599559 -11215,1926241409 -13846,6420677596 -12115,1369553869
179748,647599559 -11262,6346965173 -13880,3001429025 -12039,2769860456
179748,647599559 -11132,6477281156 -14055,2976945302 -12117,510852609
179748,647599559 -11195,4673455976 -14667,2692557632 -12122,1129807847
179748,647599559 -11304,9977413129 -14388,7226162081 -12085,3280853331
179748,647599559 -11301,4555086982 -14210,3333354466 -12125,5004836248
179748,647599559 -11309,9292670126 -13893,5335599581 -12092,9137877455
179748,647599559 -11295,8286698738 -13763,9863985454 -12111,3668046203
179748,647599559 -10998,4810699213 -13884,5079786371 -12110,8879156259
179748,647599559 -10929,3994968461 -14219,9040126697 -12149,5009664472
179748,647599559 -11092,1443208728 -13997,3412930604 -12233,4800108105
179748,647599559 -11017,2985191762 -14007,6353737542 -12240,7999274302
179748,647599559 -10737,7529690911 -14062,8794463577 -12211,8521024812
179748,647599559 -10773,6754489531 -13964,3343395537 -12123,7915784891
179748,647599559 -10678,7269968847 -13871,8493254413 -12140,9139020529
179748,647599559 -10806,8137750308 -13991,8416309885 -12075,8430921484
179748,647599559 -11013,0904513128 -13749,4069981266 -12093,0977409376
179748,647599559 -11010,0360427651 -13817,8345786708 -12085,9452563953
179748,647599559 -10862,0140114183 -13707,6720304208 -12056,1724898613
179748,647599559 -10896,4845021676 -13610,4898850468 -12073,7047401438
179748,647599559 -10932,8600463843 -13810,3932110482 -12041,5512502385
179748,647599559 -10864,0118767029 -13922,6964512933 -12039,302043023
179748,647599559 -11037,3600117543 -13806,9572695588 -12028,4921625345
179748,647599559 -10770,76856258 -13650,8151387288 -12019,5103371342
179748,647599559 -10915,1504191765 -13622,9368965058 -11996,8961478484
179748,647599559 -10875,1689076011 -13794,936921798 -11969,0248088207
179748,647599559 -10853,991040036 -13800,2296715884 -12077,273644007
179748,647599559 -10914,1303873988 -14095,4987242509 -12088,4450436422
179748,647599559 -10908,7632704105 -13906,2491315544 -11999,5317550138
179748,647599559 -11251,3743028808 -13969,1191687816 -12067,2715392557
179748,647599559 -11247,4148611648 -14094,1893955032 -12132,6120016379
179748,647599559 -11379,0025999196 -14313,1723841524 -12135,120194261
179748,647599559 -11519,7468773243 -14251,7552010853 -12262,4826684098
179748,647599559 -11363,6633842821 -14639,1357273484 -12279,2128949783
179748,647599559 -11233,103982108 -14396,543993271 -12243,8708465625
179748,647599559 -11272,7433967779 -14228,379846652 -12312,1870860666
179748,647599559 -11177,1506235975 -14248,4174963644 -12231,8892174807
179748,647599559 -11314,6310744081 -14172,7550116527 -12223,3330721578
179748,647599559 -11457,401931459 -14424,4349101552 -12268,8796376884
179748,647599559 -11584,7103665976 -14292,7673870786 -12279,6149953178
179748,647599559 -11467,9445438923 -14703,2171440412 -12198,7450496377
179748,647599559 -11292,2140335224 -13985,7870046672 -12116,884249443
179748,647599559 -11377,4346287237 -13907,2094724656 -12158,3290185285
179748,647599559 -11370,5208029904 -14029,6318964564 -12180,7747007107
179748,647599559 -11398,2666078978 -13946,9717410377 -12166,4278182531
179748,647599559 -11600,2050977631 -13808,2136933769 -12166,7495088435
179748,647599559 -11625,4648733487 -13661,9455944471 -12125,1795988717
179748,647599559 -11373,7275718951 -13857,5558752215 -12081,7964412397
179748,647599559 -11374,996663399 -13687,9670870905 -12097,7250407524
179748,647599559 -11380,6423570077 -13874,0423929049 -12161,7912875511
179748,647599559 -11373,1460841179 -14128,609924817 -12146,2252655147
179748,647599559 -11344,6467162494 -13704,3077685467 -12134,4195820774
179748,647599559 -11150,7722248381 -13796,278659918 -12084,97748318
179748,647599559 -11080,7420871766 -13569,0647913512 -12088,2704622741
179748,647599559 -11177,6891368469 -13823,1175710581 -12043,4490306309
179748,647599559 -11234,6167592662 -13442,5689047958 -12035,1218624624
179748,647599559 -11183,5438500188 -13645,0702524605 -12080,3424011107
179748,647599559 -11260,251290118 -13578,378931891 -12047,985851497
179748,647599559 -11253,1941998805 -13417,8728892314 -11974,2318054668
179748,647599559 -11178,149789541 -13194,7358005307 -11979,6185967167
179748,647599559 -11181,7520651276 -13089,1321218683 -12021,4881292569
179748,647599559 -11291,652332945 -13168,1763947067 -12022,6237875688
179748,647599559 -11371,6618831504 -13225,7364700675 -12016,5523070644
179748,647599559 -11169,7233932851 -13040,1663296907 -11922,1042204825
179748,647599559 -11024,5901795996 -13450,2122389852 -11862,2011174874
179748,647599559 -11158,273430302 -13614,5509237726 -11870,6874607054
179748,647599559 -11158,273430302 -13218,9977973157 -11810,898488859
179748,647599559 -11130,8525446709 -13630,9469085677 -11845,6153687689
179748,647599559 -11149,8831678316 -13544,0783148145 -11714,2207387978
179748,647599559 -11228,6116240459 -13026,3332966713 -11770,0724657144
179748,647599559 -11352,2537681269 -12935,7771387533 -11795,347079992
179748,647599559 -11311,8049227527 -13139,3166919864 -11821,2601178547
179748,647599559 -11012,7860512267 -13083,3658978421 -11828,7228275206
179748,647599559 -11418,6359028137 -13202,4289136586 -11835,4034189151
179748,647599559 -11048,4202061326 -13687,2964035339 -11782,4768747651
179748,647599559 -10855,6168178816 -13389,6861252854 -11775,7539481591
179748,647599559 -10774,4513056527 -13250,1626417939 -11792,6857362247
179748,647599559 -10840,4349735532 -13384,4066896848 -11847,7367152421
179748,647599559 -10840,4349735532 -13451,1474263696 -11804,045930638
179748,647599559 -10863,5913045597 -13571,713902639 -11720,4840996894
179748,647599559 -10994,2245850117 -13061,851017291 -11638,2148666648
179748,647599559 -10986,9082152467 -12964,6197988836 -11604,3959213012
179748,647599559 -10930,4265045758 -12985,7010481102 -11492,1246308059
179748,647599559 -10954,8774565917 -13180,481386619 -11510,7327127764
179748,647599559 -10655,0451885377 -12819,2301397976 -11488,5653613396
179748,647599559 -11088,0274663614 -12683,2204053963 -11552,5406190461
179748,647599559 -11094,4298212778 -12818,1153495747 -11567,4448440645
179748,647599559 -11156,347653371 -13067,9882690313 -11595,7866060644
179748,647599559 -10924,1716902572 -13063,1348173317 -11608,7387977334
179748,647599559 -11050,6671532143 -12915,1974756682 -11652,6038643618
179748,647599559 -11182,9437054809 -13360,2394741612 -11746,7411730533
179748,647599559 -11034,8415086356 -13694,1227771846 -11761,6813220006
179748,647599559 -10818,015215558 -13363,207264376 -11778,9696220864
179748,647599559 -10870,8522629183 -13519,0168917622 -11718,0813989392
179748,647599559 -10771,1893196901 -13564,5155724227 -11677,5092533432
179748,647599559 -10692,3768160757 -13107,9975646506 -11627,9799416633
179748,647599559 -10692,3768160757 -13169,4219128755 -11688,0006499724
179748,647599559 -10535,0784481841 -13191,0477126276 -11651,2625462378
179748,647599559 -10758,3628460775 -13297,1907665069 -11688,9506207971
179748,647599559 -10897,4620893531 -13510,8581212516 -11706,686109645
179748,647599559 -10966,2166827073 -13386,0904293605 -11747,9733751094
179748,647599559 -10991,5633326111 -13275,2453569971 -11711,1675935136
179748,647599559 -10850,2107114327 -13617,4855618057 -11757,0774955028
179748,647599559 -11099,0537541424 -13634,6923136797 -11825,2462584244
179748,647599559 -11006,9003201396 -13363,2172054483 -11803,2983607224
179748,647599559 -10984,9852146487 -13677,3268733465 -11915,3605514631
179748,647599559 -11142,5267290981 -14309,986492738 -11953,4200917534
179748,647599559 -11004,9954713006 -14236,5355062091 -11876,168120568
179748,647599559 -11207,2372290853 -14072,1452741689 -11904,245405594
179748,647599559 -11116,2562423072 -13791,9024388343 -11907,6573864316
179748,647599559 -11029,24434997 -14116,3089310349 -11882,8770834508
179748,647599559 -11141,3671320338 -14348,9092153828 -11891,2891718812
179748,647599559 -11001,8388470487 -13834,2431392729 -11856,7621957
179748,647599559 -11081,1018218652 -13603,706138064 -11873,8946599932
179748,647599559 -10986,3083064736 -13784,8156245754 -11858,9176718052
179748,647599559 -10856,4011683427 -13820,535771229 -11796,6458708968
179748,647599559 -10576,8556182576 -13709,5139845076 -11701,7139499965
179748,647599559 -10362,5210200211 -13937,4294360264 -11606,7064056546
179748,647599559 -10356,4042099926 -13448,9145461066 -11576,6339214513
179748,647599559 -10366,0569284166 -13395,0348513409 -11572,1642337161
179748,647599559 -10232,5914323807 -13518,524407561 -11562,6496996352
179748,647599559 -10369,3556391476 -13629,7363159095 -11530,0139528355
179748,647599559 -10624,8163686826 -13357,3825795253 -11552,6902579264
179748,647599559 -10677,8656725042 -13630,3709563367 -11465,1570949351
179748,647599559 -10623,4321049578 -13297,1095390069 -11494,3380535905
179748,647599559 -10500,3125165073 -13282,4020937122 -11516,3156725281
179748,647599559 -10424,1033884722 -13171,8043760537 -11473,8639814731
179748,647599559 -10739,2446373106 -12991,3085262851 -11479,0118730298
179748,647599559 -10661,3553799275 -13033,7210756517 -11459,436637377
179748,647599559 -10605,8383509595 -12940,6829938573 -11452,4213324845
179748,647599559 -10630,8760313906 -12996,795933752 -11465,7169887145
179748,647599559 -10590,483236966 -12867,8061486891 -11415,680953977
179748,647599559 -10727,0214334921 -12992,9064810054 -11437,6387104815
179748,647599559 -10657,9238493447 -12990,5011367959 -11495,9118173464
179748,647599559 -10545,7352272331 -12771,543047615 -11448,6857957489
179748,647599559 -10741,2243090761 -13058,1910615062 -11478,946445952
179748,647599559 -10754,0877905051 -13233,8621669225 -11486,389648789
179748,647599559 -10714,1721967243 -12960,3868603481 -11485,8573038853
179748,647599559 -10942,1580865828 -13003,2690002417 -11494,0462008767
179748,647599559 -10874,0145824802 -13076,200178646 -11514,7286962265
179748,647599559 -10744,7173071595 -12907,698610659 -11539,2665210444
179748,647599559 -10780,0875061196 -13028,2714896855 -11559,8499377911
179748,647599559 -10851,115126248 -12920,6782054913 -11497,584484824
179748,647599559 -10851,115126248 -12721,5596042295 -11494,749268641
179748,647599559 -10847,2501976108 -12821,1942038134 -11472,9106001311
179748,647599559 -10876,4132971894 -13052,4106890278 -11551,7204211988
179748,647599559 -10662,8590123463 -12808,1548889073 -11560,4528697714
179748,647599559 -10693,5245249301 -13207,1068615286 -11586,4790123353
179748,647599559 -10556,986328404 -13400,8938179346 -11556,3606116994
179748,647599559 -10794,0137567939 -13519,5569188355 -11610,7860179388
179748,647599559 -10544,1154197992 -14021,7851157267 -11566,4513716586
179748,647599559 -10496,5747456877 -13700,0609779387 -11573,1479920445
179748,647599559 -10508,0311597777 -13250,9783156501 -11582,478379753
179748,647599559 -10420,7257694243 -13340,8032085656 -11585,9902506664
179748,647599559 -10287,2602733884 -13358,4736329376 -11610,7816096864
179748,647599559 -10220,2188712682 -13461,5746348607 -11598,8966371861
179748,647599559 -10898,3091619854 -13314,0224667244 -11687,0287278532
179748,647599559 -10886,076212209 -13424,0386212005 -11628,6957723117
179748,647599559 -10900,1979821091 -13047,1999978565 -11602,059037769
179748,647599559 -10946,8879136503 -13222,4712554792 -11702,4769068931
179748,647599559 -10978,3235477265 -13207,3817497195 -11670,7427098855
179748,647599559 -11023,5932132296 -13147,5251988606 -11658,6196082856
179748,647599559 -10928,6447611612 -13021,7430668593 -11647,3211081141
179748,647599559 -10774,0355565531 -13126,9300970646 -11728,8120866082
179748,647599559 -10747,1152647837 -13594,742965886 -11671,6362379929
179748,647599559 -10795,0164579235 -13579,859687342 -11716,360020178
179748,647599559 -10817,553758511 -13296,2202805716 -11604,1132741917
179748,647599559 -10952,7142931775 -13781,4848888066 -11711,0131299781
179748,647599559 -10908,6500791619 -13666,6696166107 -11681,8288407848
179748,647599559 -10733,1781434804 -13699,1294360094 -11598,3986586521
179748,647599559 -10796,6494700856 -13782,3123373973 -11673,033207367
179748,647599559 -10785,3777807116 -13915,968064784 -11638,9175608238
179748,647599559 -10785,3777807116 -14033,2648766696 -11660,9462007337
179748,647599559 -10824,6715875785 -14184,0808354411 -11660,7271619977
179748,647599559 -10976,5727916166 -13797,6734647145 -11611,2646395551
179748,647599559 -11000,1077354357 -13638,6498838557 -11586,2923746885
179748,647599559 -10923,5574225926 -13343,3181113551 -11516,6967316461
179748,647599559 -10937,6464509127 -12969,9373656701 -11519,4505293451
179748,647599559 -10985,6291944507 -13311,6137146396 -11591,4383202678
179748,647599559 -11029,2279928921 -13160,1566647245 -11612,9959748827
179748,647599559 -10777,6545501601 -13453,1794240953 -11631,1048851966
179748,647599559 -10862,5701374015 -13274,8870375535 -11652,3155235788
179748,647599559 -10810,7659190699 -13171,9938663899 -11652,6568728746
179748,647599559 -10805,6622096625 -13039,0131015466 -11598,5336124333
179748,647599559 -10941,8061681003 -12840,6277465804 -11488,2010160605
179748,647599559 -10710,6077590095 -13016,5444940574 -11504,7099837055
179748,647599559 -10776,8424781083 -13002,7645273989 -11483,6651937388
179748,647599559 -10845,2295253435 -12961,0552622419 -11472,1587378464
179748,647599559 -10850,3428845218 -12862,3503720517 -11466,6826169844
179748,647599559 -10819,9002856615 -12924,2728905442 -11507,999890006
179748,647599559 -10849,0484120505 -13468,0364433158 -11501,7186445572
179748,647599559 -10802,9056016774 -13040,1485067352 -11442,0020095936
179748,647599559 -10573,8854116273 -13053,2451911465 -11417,5908682814
179748,647599559 -10738,765666074 -13232,6809700727 -11476,8114418075
179748,647599559 -10513,3572857877 -13038,2275854225 -11406,991185437
179748,647599559 -10259,3504627369 -13210,4969092214 -11415,5837407722
179748,647599559 -10267,7986956386 -13401,677505885 -11384,9627529921
179748,647599559 -10332,450737563 -13333,4313602226 -11312,0728268354
179748,647599559 -10320,478214917 -13406,5864873737 -11288,8382204189
179748,647599559 -10334,3976466431 -13345,773069979 -11278,5991557583
179748,647599559 -10505,1694112982 -13190,3861369147 -11353,6234542983
179748,647599559 -10535,305829794 -12977,9767625259 -11328,9900552869
179748,647599559 -10651,5554726145 -13255,6168241735 -11388,8737502681
179748,647599559 -10652,111481016 -12948,6626738942 -11349,527100304
179748,647599559 -10521,552157517 -13379,6918456853 -11366,6829869286
179748,647599559 -10627,9996584964 -13420,4987903008 -11473,469326137
179748,647599559 -10772,8852840571 -13176,6366210291 -11479,2632847799
179748,647599559 -10517,1835155645 -13245,3234466367 -11464,3708866161
179748,647599559 -10462,440621781 -13147,6243175921 -11409,3551538464
179748,647599559 -10460,7479941882 -13748,1960600409 -11451,3743989821
179748,647599559 -10395,8121268647 -13399,9713375077 -11443,1228221292
179748,647599559 -10394,9521442052 -13456,483910133 -11397,3992368733
179748,647599559 -10357,5177355848 -13679,7282353501 -11508,1654910085
179748,647599559 -10379,3963524431 -14042,3369785833 -11419,0879633666
179748,647599559 -10416,8393914454 -13778,3645819284 -11443,4733362602
179748,647599559 -10429,1242854413 -13538,7363773615 -11457,5823615902
179748,647599559 -10428,9195626573 -13328,8804179143 -11544,3891697063
179748,647599559 -10625,3184744137 -13590,2325418875 -11696,0004952346
179748,647599559 -10419,3612805599 -13568,1210596226 -11709,0786565958
179748,647599559 -10513,2802033895 -13722,7675930924 -11719,3406780668
179748,647599559 -10465,7580151044 -13603,1602025702 -11757,6462814011
179748,647599559 -10505,8196400912 -13924,3547948613 -11751,6989437693
179748,647599559 -10587,0481936548 -13285,9524809823 -11775,3831918567
179748,647599559 -10641,7850727186 -13292,7823374996 -11731,7706795379
179748,647599559 -10521,4989357759 -13687,7519810903 -11762,503683873
179748,647599559 -10543,0032977776 -13391,2708660637 -11730,6411408868
179748,647599559 -10565,1603891588 -13664,8536332609 -11734,2794270941
179748,647599559 -10832,3195862658 -13756,3761334329 -11766,7290146454
179748,647599559 -10821,6185383227 -13361,4849939281 -11734,6988667783
179748,647599559 -10852,5167147151 -13034,9652052009 -11718,4545051138
179748,647599559 -10805,894430578 -13658,2419361399 -11710,7937940848
179748,647599559 -10932,8752431654 -13735,9884692367 -11682,5253578346
179748,647599559 -10990,7410928601 -13790,1624911912 -11685,2807062497
179748,647599559 -10964,5987877255 -13873,9880434053 -11751,7611221985
179748,647599559 -10998,6568491221 -14054,2052161924 -11853,7621621028
179748,647599559 -10970,0853597687 -14000,0769000976 -11889,030708513
179748,647599559 -11082,8031129435 -14304,1988247726 -11962,6227419155
179748,647599559 -10960,0457303614 -13984,9508910413 -11925,1367665027
179748,647599559 -11134,7160101986 -14076,0043206692 -11905,4806100947
179748,647599559 -11103,2044116272 -14131,6166185845 -11875,5156069404
179748,647599559 -11104,4837303315 -13673,9801082256 -11807,4220763822
179748,647599559 -11104,4837303315 -13383,223839786 -11827,9478788974
179748,647599559 -11189,6003992362 -13847,2446240776 -11761,235584184
179748,647599559 -11188,7373375156 -13560,6611754091 -11712,0448751786
179748,647599559 -11061,6366450525 -13885,6670386355 -11714,4984327869
179748,647599559 -10966,7459486503 -13786,3459122804 -11741,0765951268
179748,647599559 -11159,5895584197 -13912,5081987229 -11781,5291197311
179748,647599559 -11261,0400181077 -14013,7726286715 -11830,8288296388
595,542898570504
