12626,30515644 -8050,28057196861 -10385,8119183891 -8345,22559058318
12626,30515644 -8046,98546905953 -10235,6350337156 -8609,06703910989
12626,30515644 -8324,21683957547 -10983,3326671986 -8926,82995100976
12626,30515644 -8464,05717560857 -11853,4956566892 -9175,78704581456
12626,30515644 -8649,94535467738 -11431,6678600349 -9440,30159996173
12626,30515644 -8913,07121318274 -12204,5017725792 -9962,37413790163
12626,30515644 -10022,6979550087 -12554,1418786697 -10457,4373787014
12626,30515644 -10152,6751459863 -12983,1262052378 -10633,2666598649
12626,30515644 -10177,0078246799 -13634,163606255 -10874,9140229109
12626,30515644 -10097,938675753 -13049,4154734745 -10970,9122845883
12626,30515644 -9776,30820640861 -13152,6601475442 -11004,7790013984
12626,30515644 -9871,25665847708 -14010,5878013805 -11215,2486205194
12626,30515644 -10346,9320306279 -14277,2401260313 -11333,7290910698
12626,30515644 -10570,3816603482 -14487,4110003947 -11425,7588593347
12626,30515644 -10054,1514416632 -14074,694777602 -11357,1417443001
12626,30515644 -10403,9205682705 -14081,0554866101 -11467,9870254224
12626,30515644 -10104,625098925 -14788,6827335356 -11562,8437692105
12626,30515644 -10084,4063652613 -14516,3904897261 -11608,8976492685
12626,30515644 -9938,23172768891 -14659,2863142292 -11662,161153522
12626,30515644 -10013,0411360645 -14704,7998873207 -11949,0849322541
12626,30515644 -9992,74408731315 -14404,7858373865 -11938,8836968572
12626,30515644 -10078,1863538427 -15127,2315813211 -12097,1426561855
12626,30515644 -10074,2174055829 -15427,3575029894 -12184,8932623565
12626,30515644 -10098,8967490218 -15123,3662893222 -12216,858795874
12626,30515644 -9974,8786378097 -14941,1008514134 -12216,2437793415
12626,30515644 -10277,1591513895 -14943,346653162 -12289,6813640915
12626,30515644 -10624,8392263505 -14624,3813370505 -12309,5060773506
12626,30515644 -10357,7059724023 -14870,6892909431 -12231,5615905048
12626,30515644 -10369,5910542938 -14888,3743298988 -12248,8087898338
12626,30515644 -10021,9109793328 -14730,8616156062 -12265,8178156954
12626,30515644 -9936,4687128033 -14432,0536748612 -12257,7071023605
12626,30515644 -10332,1677391851 -14871,8546389752 -12353,3997423289
12626,30515644 -10255,1002321787 -14980,1160635522 -12370,0003805499
12626,30515644 -10655,669165219 -14850,7324503166 -12370,2241502382
12626,30515644 -10526,2378535916 -15083,3315526666 -12388,7249594683
12626,30515644 -10447,1687046647 -14724,7519079587 -12373,3010071127
12626,30515644 -10788,7114071374 -14745,4622975287 -12388,7102929269
12626,30515644 -10775,4325955202 -14866,3812465276 -12455,1691259735
12626,30515644 -10503,0638125311 -15396,8767986434 -12408,8866676864
12626,30515644 -10678,3640729074 -14510,7027370879 -12490,591192392
12626,30515644 -10847,3521516201 -15254,223142221 -12488,1718539406
12626,30515644 -10922,9430194304 -15144,9822207064 -12624,0044687366
12626,30515644 -10894,833082787 -15910,4644000716 -12608,2071459766
12626,30515644 -10863,8625691075 -15328,1562122717 -12618,0319690054
12626,30515644 -11036,96664374 -15212,5022704064 -12578,3199099341
12626,30515644 -11017,7923021583 -15780,1013672122 -12582,7525273222
12626,30515644 -11119,9017076056 -15388,590634765 -12429,7271694938
12626,30515644 -10837,1701138374 -15327,2424675359 -12443,7219898939
12626,30515644 -10880,0067721508 -15405,9717895497 -12415,3832664179
12626,30515644 -10948,588600642 -15365,9913651578 -12414,8261221859
12626,30515644 -11128,4244663113 -14724,2898917768 -12464,3687108292
12626,30515644 -11389,243666072 -15259,2366816221 -12480,1239041524
12626,30515644 -11471,7353842655 -15126,2017740925 -12442,5776363439
12626,30515644 -11494,18763659 -14884,4477161197 -12420,471655406
12626,30515644 -11516,5292443584 -15152,9542922299 -12522,6948516004
12626,30515644 -11472,9081456868 -15949,1093253263 -12513,0121506743
12626,30515644 -11219,8628595248 -14809,8562127164 -12457,8409106632
12626,30515644 -11357,7526732418 -15249,2013548605 -12342,5445806363
12626,30515644 -11355,8999688002 -15027,6256916832 -12386,6704499524
12626,30515644 -10918,1163022522 -15076,1793095266 -12300,0581106895
12626,30515644 -11060,2964201546 -15608,5732474787 -12331,0525745389
12626,30515644 -11583,5660943247 -14914,8946141715 -12279,6598674485
12626,30515644 -11674,060997303 -14257,4586847667 -12323,7585086408
12626,30515644 -11718,2965335215 -14811,1202157464 -12360,6809733913
12626,30515644 -11796,4434262606 -15069,9515211302 -12467,719329063
12626,30515644 -11641,1123410905 -15397,5755325858 -12464,952717419
12626,30515644 -11640,5283764 -14583,6290169937 -12448,6823625403
12626,30515644 -11843,8468983237 -15015,4480718836 -12437,3554537056
12626,30515644 -11679,2154939513 -14885,8627021158 -12415,1934160863
12626,30515644 -11491,7184453994 -14829,6413439145 -12409,5176800264
12626,30515644 -11766,48014358 -14827,4234598594 -12466,5980375379
12626,30515644 -11531,7875413011 -15013,7556886475 -12488,53094837
12626,30515644 -11663,6648348397 -14594,0840638374 -12509,1926204926
12626,30515644 -11683,4021266782 -14307,0118193796 -12440,030552064
12626,30515644 -11552,842724504 -15073,0470052528 -12319,8569647146
12626,30515644 -11522,6176909075 -14642,7895673614 -12342,7605346587
12626,30515644 -11330,4101420403 -14279,7247055547 -12337,7754247323
12626,30515644 -11110,982287257 -14496,885076148 -12312,8186469469
12626,30515644 -11077,4014672375 -14483,6248783445 -12314,1851641838
12626,30515644 -11256,4855484646 -14783,9906102601 -12342,8260746958
12626,30515644 -11132,5202119753 -14585,1861216266 -12312,9672116032
12626,30515644 -11410,6467973279 -14525,1034713052 -12312,4774817281
12626,30515644 -11432,9081325891 -14827,1597034609 -12283,3862429409
12626,30515644 -11372,283539803 -15271,1536853565 -12217,5964854282
12626,30515644 -11195,2301271373 -14915,4146182654 -12084,9757154187
12626,30515644 -11317,5694288088 -14995,2876839759 -12062,7328468346
12626,30515644 -11363,7635594557 -14247,6502498008 -12080,1703242506
12626,30515644 -11353,8223318171 -14473,9391995038 -12094,0985295273
12626,30515644 -11289,3713295992 -14682,8382593905 -12155,8065354488
12626,30515644 -11156,2008228302 -14316,4036337772 -12168,2066405596
12626,30515644 -11009,3677653096 -14885,1929854591 -12161,8920539697
12626,30515644 -10922,6624956917 -14302,4642373894 -12111,8697418924
12626,30515644 -11405,2782720721 -14068,375829374 -12228,479761946
12626,30515644 -11381,0153992932 -15056,3367603665 -12308,4066098457
12626,30515644 -11543,1738960762 -14687,6128333502 -12364,2276620834
12626,30515644 -11282,1857640596 -14490,7499673304 -12384,0909929738
12626,30515644 -10995,4867706383 -14698,0963469992 -12401,4479513047
12626,30515644 -11188,7007949357 -14665,5720523218 -12401,0284952452
12626,30515644 -11737,6570339892 -14735,5291438216 -12506,8969586983
12626,30515644 -11753,9501591377 -14255,2586833444 -12470,5712978047
12626,30515644 -11722,1008148691 -14732,8873171946 -12574,6045796747
12626,30515644 -11428,0185327689 -15161,6191855065 -12551,8799352995
12626,30515644 -11580,7533830128 -14850,4700001714 -12467,9137864213
12626,30515644 -11590,6628912016 -14629,8120205653 -12561,3931910563
12626,30515644 -11660,3754413129 -14674,4998970532 -12746,1520716025
12626,30515644 -11661,2502228316 -14749,8882589709 -12685,5823829074
12626,30515644 -11658,9255255913 -15109,9369144617 -12657,1887552291
12626,30515644 -11614,6102928246 -15006,1528312803 -12731,2138466428
12626,30515644 -11436,8730790602 -14971,3403650519 -12945,5451127713
12626,30515644 -11708,2299128996 -16257,8171414456 -12943,290057634
12626,30515644 -11787,2990618266 -15490,9734690346 -12801,902909223
12626,30515644 -11708,9868399067 -14686,7738277913 -12805,5509986438
12626,30515644 -11783,7795718106 -14716,4950604197 -12840,170137194
12626,30515644 -11403,2874961864 -15403,2000536815 -12840,3162532295
12626,30515644 -11646,1388998084 -15548,2703124281 -12839,5490692404
12626,30515644 -11626,2740308136 -15330,7479407332 -12894,9251718819
12626,30515644 -11693,9086076943 -15688,172016251 -12936,6404455604
12626,30515644 -11607,5484775461 -15708,6424126088 -12886,9764316015
12626,30515644 -11804,3874743775 -15226,40978158 -12994,0930317835
12626,30515644 -11780,3586285448 -15819,1357768791 -12937,133020749
12626,30515644 -12020,5301249641 -15155,3860169331 -13134,3765136298
12626,30515644 -11984,3568119479 -15744,2124684128 -13122,9815003565
12626,30515644 -11744,1853155287 -15495,2565659939 -13117,0891593304
12626,30515644 -12336,4938508457 -15867,8147999876 -13229,5285431683
12626,30515644 -12183,7905230377 -16227,5929580667 -13200,7864981608
12626,30515644 -12182,9224791277 -15236,0504500227 -13168,560073219
12626,30515644 -12197,5959769134 -15247,3338071696 -13226,8303242361
12626,30515644 -12350,6775628603 -15271,303889257 -13159,2736134721
12626,30515644 -11986,8895462572 -15611,8879865048 -13129,3689985439
12626,30515644 -12161,6138952468 -15843,5255582658 -13189,0441581525
12626,30515644 -12208,70159429 -15884,6623844799 -13264,4854794662
12626,30515644 -11702,8414883175 -15418,3854067413 -13165,569814571
12626,30515644 -12031,4312574647 -15631,3259410576 -13129,4647433762
12626,30515644 -12155,5872268877 -16130,9925363963 -13213,7740489631
12626,30515644 -12262,2773843946 -15559,9854047927 -13283,9686940501
12626,30515644 -12195,5170626063 -15542,0376685978 -13283,121387941
12626,30515644 -12195,5170626063 -15518,8422421416 -13247,2637442423
12626,30515644 -12159,4023692488 -15723,3234501442 -13275,7737043665
12626,30515644 -12288,7386961635 -15895,9030043133 -13316,1112384255
12626,30515644 -12298,9692568155 -15924,2154554235 -13425,3781285484
12626,30515644 -12233,816309089 -15997,9538921513 -13405,3498549554
12626,30515644 -12293,8387291609 -15970,1759398812 -13417,6785928632
12626,30515644 -12029,6599467023 -16453,289703225 -13568,9448691827
12626,30515644 -12080,5545926474 -17490,2525881858 -13539,10374034
12626,30515644 -12275,7459516159 -17123,1277593391 -13676,2009078746
12626,30515644 -12223,3610918942 -17386,0729042014 -13762,7829945417
12626,30515644 -11779,4430459818 -18119,4445127206 -13771,8731055731
12626,30515644 -11770,5574378287 -17224,4041276231 -13831,7479334388
12626,30515644 -11718,7246903632 -17712,4411570961 -13659,3535032672
12626,30515644 -11810,7659819685 -17206,9402502026 -13648,3653528492
12626,30515644 -11707,1076203992 -17107,2449959033 -13708,0656446938
12626,30515644 -11710,2062239839 -17102,2759354925 -13684,6909322579
12626,30515644 -11718,2297177768 -16941,0186089974 -13678,3171048193
12626,30515644 -11871,939271925 -17542,7235043402 -13776,9995946402
12626,30515644 -11920,0378358412 -16832,9963168778 -13767,5149809627
12626,30515644 -11587,4599821055 -17035,6303598351 -13722,7651430748
12626,30515644 -11666,8846117732 -17604,8950218054 -13816,6439683913
12626,30515644 -11685,3128086653 -17180,9692581573 -13861,8314579545
12626,30515644 -11770,4267509543 -16469,1741710382 -13873,0172159408
12626,30515644 -11833,0424303361 -17206,5723537999 -13841,732043119
12626,30515644 -11791,6447182004 -16568,3679141604 -13824,9748819396
12626,30515644 -11712,5755692735 -16834,2225075866 -13726,2346470759
12626,30515644 -11612,0779379928 -16623,7290714195 -13810,5989481094
12626,30515644 -11718,5254389722 -16333,5720243927 -13755,6842023232
12626,30515644 -12123,8554581765 -15818,3253880669 -13769,3238823723
12626,30515644 -12058,1766314221 -15975,332748796 -13810,2316684606
12626,30515644 -12025,5026604598 -15977,0618807878 -13773,514967532
12626,30515644 -11634,5635651848 -15963,8968919854 -13822,384224314
12626,30515644 -11385,1969664668 -15807,9043946286 -13723,9477808938
12626,30515644 -11377,9437199484 -16313,4350688463 -13828,2851570414
12626,30515644 -11579,6193016406 -16014,2927899804 -13779,9956140493
12626,30515644 -11660,2686641368 -16336,8728392738 -13840,3568594514
12626,30515644 -11736,7789025826 -15978,5768966543 -13904,0119426431
12626,30515644 -11692,0214795944 -16463,7042459909 -13888,6279573864
12626,30515644 -11636,5921186835 -15969,4864258733 -13752,939383292
12626,30515644 -11601,8778033433 -16066,5541874269 -13694,0190642375
12626,30515644 -11742,1870906631 -16206,5916883249 -13599,329159081
12626,30515644 -11782,2852985917 -16200,3767351928 -13571,4786733387
12626,30515644 -11746,0026674702 -16437,824852654 -13597,7917700085
12626,30515644 -12175,5841921363 -16683,3190531129 -13757,2589445933
12626,30515644 -12152,3688137812 -17310,5076074637 -13723,5595857004
12626,30515644 -12190,9638905775 -16276,4365803318 -13778,7140937261
12626,30515644 -12127,2612473889 -16542,0569720822 -13748,779912397
12626,30515644 -12224,3485010976 -16680,8260050651 -13722,9110469828
12626,30515644 -12627,4190019243 -16738,1162544808 -13734,3044113485
12626,30515644 -12831,115451658 -16711,0629628613 -13722,2348340841
12626,30515644 -13131,2591986791 -16860,5309346956 -13666,8105282801
12626,30515644 -13126,8082022411 -15806,2776981838 -13720,7595624036
12626,30515644 -12990,372139171 -16002,7670642396 -13696,9442233674
12626,30515644 -12799,5972412142 -15919,8777614729 -13719,651759865
12626,30515644 -12760,7530300365 -15682,0069938683 -13660,8134776231
12626,30515644 -12689,375972108 -15521,8615173956 -13578,2693454073
12626,30515644 -12662,7772728744 -16033,4585224024 -13589,0026623224
12626,30515644 -12564,874794414 -15635,6585475965 -13491,7045600294
12626,30515644 -12443,9269853994 -15838,6744815585 -13476,702551358
12626,30515644 -12470,0642587444 -15995,4413635188 -13477,0525114526
12626,30515644 -12420,66380336 -15586,165507101 -13607,7821334851
12626,30515644 -12335,2215368305 -15950,6739315377 -13670,4979461061
12626,30515644 -12156,8073610734 -16130,5679218599 -13685,1767768566
12626,30515644 -12178,3505739153 -16603,6846280872 -13608,0185500086
12626,30515644 -12145,2865255786 -15754,1466454287 -13570,8532120243
12626,30515644 -12148,7660228577 -16195,2013849322 -13538,7575046469
12626,30515644 -12047,8114574594 -16547,7417682708 -13414,208166297
12626,30515644 -11835,5598542188 -16033,3145646904 -13428,5769007429
12626,30515644 -11674,4530138739 -16167,3249487946 -13373,6078092444
12626,30515644 -11537,0103627064 -16172,9500937297 -13337,1504692658
12626,30515644 -11712,9773976562 -15972,4014329729 -13405,8944941971
12626,30515644 -11748,2986468882 -16183,7546929355 -13443,102220889
12626,30515644 -11748,0616183454 -16050,3451777414 -13394,1884351803
12626,30515644 -11640,9639722938 -16478,339046281 -13499,3761370771
12626,30515644 -11640,4234163906 -16063,3302156874 -13485,560864796
12626,30515644 -11742,9935589219 -16324,9173708398 -13549,2977035831
12626,30515644 -11726,389615423 -16110,1551380134 -13559,5502911376
12626,30515644 -11662,5167964036 -16131,7024037527 -13559,1391472905
12626,30515644 -12206,4015108242 -15856,8596404701 -13586,3278360439
12626,30515644 -12165,6119585821 -16348,0278626299 -13568,2475156209
12626,30515644 -12113,5819733367 -16121,5790180218 -13563,5401893447
12626,30515644 -12264,395783259 -16941,0726509144 -13571,8677584185
12626,30515644 -12469,3035134743 -16061,001640033 -13664,6088201197
12626,30515644 -12337,8390929406 -16568,4626768096 -13776,4166126327
12626,30515644 -12307,2270640637 -16451,3045938271 -13670,3060401816
12626,30515644 -12209,7798488722 -16345,6513713065 -13669,7897473707
12626,30515644 -12222,5760111415 -16203,4933852471 -13684,7227995223
12626,30515644 -12025,6489508797 -16124,63959666 -13525,8605448283
12626,30515644 -12033,6830716997 -16528,9362445776 -13521,8659256921
12626,30515644 -12037,9000411097 -16057,0366629015 -13477,8987290445
12626,30515644 -12048,2360045867 -16333,2395729499 -13473,4628059805
12626,30515644 -12546,3724694182 -15743,7200850564 -13506,736003027
12626,30515644 -12525,8883041783 -16343,8620195475 -13564,2652657662
12626,30515644 -12515,9750460118 -17042,053358194 -13589,9114952258
12626,30515644 -12432,2687716155 -16817,7270295521 -13615,4243053163
12626,30515644 -12015,4413222408 -16560,4621203936 -13543,8924150414
12626,30515644 -11718,9383007427 -15651,5005707227 -13456,8233453835
12626,30515644 -11708,9023217758 -15918,3471722911 -13570,2177722816
12626,30515644 -11588,1615116009 -16752,0791014269 -13653,9473452673
12626,30515644 -11432,5365134663 -16034,5036673588 -13663,1778274101
12626,30515644 -11599,6570496491 -16301,8125824301 -13778,3857975836
12626,30515644 -11424,7076569311 -16475,0001734787 -13732,8004352259
12626,30515644 -11492,9426711396 -16639,03272153 -13839,8681604114
12626,30515644 -11546,6421237366 -16175,7965307719 -13774,598012543
12626,30515644 -11474,8435485904 -16990,9733814734 -13665,9658679899
12626,30515644 -11482,8912175021 -16781,0082563673 -13693,5434055689
12626,30515644 -11670,0460516792 -16523,2259185011 -13713,4561863416
12626,30515644 -11657,8599091723 -16306,6467879933 -13647,6336639846
12626,30515644 -11798,3115185347 -15917,1539630783 -13637,2433800975
12626,30515644 -12132,1983014761 -15911,5465407753 -13643,3101849347
12626,30515644 -12200,6107302698 -16038,4689343707 -13657,2046248882
12626,30515644 -12711,1135423687 -15854,1371804352 -13697,8262601712
12626,30515644 -12521,1852103473 -16084,7048885536 -13746,1954860044
12626,30515644 -12546,0839450489 -16258,3579506957 -13787,7597340578
12626,30515644 -12488,9293406775 -16481,9434755399 -13788,0395790603
12626,30515644 -12489,6076877197 -16089,1225884907 -13835,5307637465
12626,30515644 -12489,6076877197 -16780,6620683101 -13908,1474663702
12626,30515644 -12556,6272735601 -16585,7511856457 -13915,9077339633
12626,30515644 -12780,2762308804 -16341,9047787095 -13900,7982086738
12626,30515644 -12597,6663975336 -16364,7585868315 -13893,2812565271
12626,30515644 -12308,8752506422 -17379,5617013784 -13844,1877956712
12626,30515644 -12472,2067558769 -17888,7207164274 -13967,2103271307
12626,30515644 -12685,7309983524 -17826,0522586698 -13917,9715510217
12626,30515644 -12753,9805042718 -18176,5218544352 -13924,2286887856
12626,30515644 -12508,4943234403 -18251,1332465711 -13873,4164657785
12626,30515644 -12532,4197977121 -17824,6341423975 -13784,0288568653
12626,30515644 -12585,4531311613 -18418,8535619713 -13831,6552739404
12626,30515644 -12547,7543434862 -17778,6469038512 -13803,7377276754
12626,30515644 -12781,488194253 -17658,4968350845 -13938,1113266913
12626,30515644 -12604,0410617661 -17554,7781605632 -13939,3705520339
12626,30515644 -12860,074768159 -17820,7366950275 -13963,8406701411
12626,30515644 -12922,5931398827 -17898,0985412077 -13929,7141678016
12626,30515644 -12774,6771097335 -17588,440350328 -13907,4313316208
12626,30515644 -12701,2727232107 -17701,9749931328 -13843,710340865
12626,30515644 -12521,7151849989 -17651,5983927769 -13955,7232758609
12626,30515644 -12915,6904285943 -17261,8953981047 -14031,2611361447
12626,30515644 -13125,9934942979 -16965,309024085 -14005,2013880569
12626,30515644 -12802,5072127558 -17282,1663225821 -13921,8231409285
12626,30515644 -12960,5056378216 -17228,2778468812 -13795,0689042107
12626,30515644 -13007,5769788932 -16719,7159919397 -13859,3283912372
12626,30515644 -12891,7991356446 -16677,158435226 -13762,3957232106
12626,30515644 -12902,2891332327 -16375,0707002499 -13839,6267518728
12626,30515644 -13013,0604732245 -16882,236468712 -13881,7622596486
12626,30515644 -13073,1815013907 -16283,4190245594 -13838,3615832401
12626,30515644 -12716,6891594067 -16913,9168578756 -13891,36797419
12626,30515644 -12804,7951931117 -16426,1533947775 -13799,3815505091
12626,30515644 -12681,4733225407 -16381,2380769714 -13792,580057701
12626,30515644 -12482,2828174302 -16594,8203141261 -13784,2335359846
12626,30515644 -12380,9641096293 -16243,9483886221 -13885,8462740447
12626,30515644 -12374,1647483954 -16595,902131504 -13807,913274052
12626,30515644 -12766,8475939286 -16194,7799890035 -13846,2114795889
12626,30515644 -12775,6478560938 -16192,4278337221 -13859,9911881137
12626,30515644 -12841,6477079991 -16185,6549634649 -13895,3931777264
12626,30515644 -12887,9803561959 -16669,1068571891 -13925,7908945622
12626,30515644 -12950,3341922198 -17306,1443010655 -13991,3912302573
12626,30515644 -13023,6151227107 -17231,4589691092 -14021,3652930796
12626,30515644 -12880,7556660342 -17340,1815898531 -14010,4673076254
12626,30515644 -13010,699360193 -17335,9608630369 -14177,9729548171
12626,30515644 -12797,3286852536 -18395,5513272118 -14108,2459690717
12626,30515644 -12767,3250259454 -17469,669871264 -14167,1873857756
12626,30515644 -12598,249995618 -17110,6254603597 -14157,4719412774
12626,30515644 -12410,0436908823 -16998,0256637134 -14122,1906127488
12626,30515644 -12308,1967647452 -16743,7546857078 -14129,8947271823
12626,30515644 -12282,0845063109 -17039,0446628796 -14089,3514309004
12626,30515644 -12658,7761050381 -17090,3606119821 -14057,674593561
12626,30515644 -12739,1435048169 -16782,183483528 -13964,8812389847
12626,30515644 -12748,3439283213 -16830,5077208851 -13831,6792459408
12626,30515644 -12699,1650429482 -16835,1305452969 -13855,20500584
12626,30515644 -12386,0944972642 -15926,283351149 -13812,5009685054
12626,30515644 -12700,6125616876 -15846,2044811853 -13788,0457639798
12626,30515644 -12739,2667888038 -16295,8252625892 -13815,0254084677
12626,30515644 -12797,7393734586 -16087,0072834949 -13798,440997752
12626,30515644 -12572,5777447535 -15640,3361778022 -13743,2539742062
12626,30515644 -12527,66916426 -16812,3114334678 -13732,6590162577
12626,30515644 -12292,1589878805 -16119,6635116527 -13816,3889650712
12626,30515644 -12410,0146459585 -16774,7308376882 -13916,9028537551
12626,30515644 -12466,6102194601 -16191,1541713673 -13995,9552007394
12626,30515644 -12350,8926640141 -16461,06934786 -13918,7491534172
12626,30515644 -12400,6328703091 -16031,5762442679 -13806,9088547726
12626,30515644 -12591,8492848549 -16761,2364321323 -13825,6399148274
12626,30515644 -12474,0188007572 -16606,3901181781 -13786,5060883385
12626,30515644 -12255,1099261135 -16236,3076002737 -13765,0701039658
12626,30515644 -12247,6686231945 -16455,0489225175 -13735,3603405813
12626,30515644 -12309,8326201161 -16170,0328291881 -13734,220325264
12626,30515644 -12273,388173996 -16016,2004744141 -13686,2127343122
12626,30515644 -12489,3199983092 -16279,6685915564 -13776,8539440097
12626,30515644 -12787,7893418426 -16290,2211662369 -13828,6991682685
12626,30515644 -12803,1299519358 -16937,9879717932 -13734,3979025856
12626,30515644 -12734,5725276987 -16326,203083247 -13837,0501732017
12626,30515644 -12827,8696328134 -16609,8988384495 -13841,3028237397
12626,30515644 -13024,6640113259 -16959,1973481636 -13942,4160916558
12626,30515644 -13116,4904331356 -16396,8770464352 -13915,5568537264
12626,30515644 -13127,1681613501 -16875,2647086773 -13959,5756849992
12626,30515644 -12605,4727560732 -16763,923383039 -13873,9990921187
12626,30515644 -12553,0118453369 -16722,6681672372 -13907,2322706981
12626,30515644 -12582,4888567408 -16287,4363541141 -14002,2229622909
12626,30515644 -12719,2754652491 -16499,9926559922 -13874,6002049059
12626,30515644 -12750,8292736055 -16317,7047921165 -13866,7957212983
12626,30515644 -13094,234383301 -16480,728720315 -13976,8288401842
12626,30515644 -12744,3691548443 -17127,4248803773 -13905,766913426
12626,30515644 -12702,7041701301 -16437,3967484693 -13924,4703538712
12626,30515644 -12658,6746998124 -16674,919990842 -13887,8135422845
12626,30515644 -12572,2049244273 -16761,3380409363 -13903,1127585648
12626,30515644 -12648,577179529 -16497,9786095067 -13809,9481086916
12626,30515644 -12122,1908452935 -16232,5163274722 -13614,5326155549
12626,30515644 -12211,7927767795 -15975,8987583678 -13685,8058426392
12626,30515644 -12435,4291957697 -16994,1558201004 -13771,8051051964
12626,30515644 -12276,9875949759 -16450,7984683525 -13740,6142260665
12626,30515644 -12250,4275413269 -16787,4997260012 -13741,5948259816
12626,30515644 -12192,9491925064 -17131,4052446441 -13701,8926516034
12626,30515644 -11909,8167379905 -16645,1813389762 -13534,8399221907
12626,30515644 -12388,2460983839 -16847,3312099122 -13544,4852010436
12626,30515644 -12254,541958548 -16133,1867120948 -13547,203117117
12626,30515644 -12280,6484336308 -16442,9127802352 -13564,2034529636
12626,30515644 -12099,3641634494 -16914,3562235935 -13649,8954679489
12626,30515644 -11979,8331359702 -16942,2696584937 -13605,6864489805
12626,30515644 -11894,1977906521 -17165,0801375833 -13642,9051820628
12626,30515644 -11627,6864275915 -16755,3652579821 -13672,5025902195
12626,30515644 -11763,93703654 -17473,9644934871 -13678,8311215305
12626,30515644 -11682,6681167298 -17118,6179865025 -13568,220703355
12626,30515644 -11717,7094010685 -17005,0034580012 -13527,5950556738
12626,30515644 -11723,2165231452 -16665,1450399137 -13413,1753140163
12626,30515644 -11789,125042086 -16017,1846023118 -13416,5417899719
12626,30515644 -12163,0070848754 -16808,3069724007 -13489,548171479
12626,30515644 -12147,9871982767 -16240,6429243525 -13482,6619665755
12626,30515644 -12056,5798059112 -16514,5706723489 -13474,6803335767
12626,30515644 -12031,74068673 -16013,1958594244 -13474,9398916079
12626,30515644 -12026,7402918243 -16142,4677753453 -13512,5767701779
12626,30515644 -12031,74068673 -16677,1606145057 -13555,5981955393
12626,30515644 -11947,2911645987 -16801,8911728494 -13573,567675644
12626,30515644 -11791,9194139166 -16506,5627058426 -13538,4006249074
12626,30515644 -11620,3794033802 -16546,5656007395 -13496,7415810981
12626,30515644 -11825,3298884511 -16132,1426852862 -13576,7601867398
12626,30515644 -11749,9371931147 -17314,5034322255 -13544,992384234
12626,30515644 -11909,3544020944 -16466,9504123747 -13506,5911094113
12626,30515644 -12022,1259529045 -16019,4066767956 -13537,6019976896
12626,30515644 -11718,6539244789 -16596,6930220819 -13774,9940327138
12626,30515644 -11914,1862213041 -16329,7178457561 -13747,1404184068
12626,30515644 -11912,8156638878 -16688,4608563817 -13738,1326909917
12626,30515644 -12138,7654977989 -16706,1044011217 -13797,0741819737
12626,30515644 -12099,7773060713 -16781,268543952 -13773,9552658446
12626,30515644 -12031,0612813883 -16300,59460085 -13779,3012695425
12626,30515644 -12494,7351924497 -16498,2140795958 -13724,9628728782
12626,30515644 -12463,8524572811 -16197,9996499856 -13771,8634841838
12626,30515644 -13116,3302429757 -15731,2344900399 -13880,09036124
12626,30515644 -13166,6272646304 -16373,8851089839 -13864,8931292009
12626,30515644 -12981,5296887463 -16826,5541152173 -13803,8683039014
12626,30515644 -12858,1872744971 -16316,7724961288 -13751,3871700211
12626,30515644 -12458,5729547071 -15840,9274201506 -13713,0763295432
12626,30515644 -12458,5729547071 -16561,649395463 -13663,4705515483
12626,30515644 -12493,7822153743 -16043,4268141762 -13652,3624998027
12626,30515644 -12493,7822153743 -15839,5615056705 -13578,4021635216
12626,30515644 -12794,9836382908 -16409,5122712366 -13648,2150395673
12626,30515644 -12569,1478368288 -15883,8052915355 -13618,5973414596
12626,30515644 -12722,7773489288 -15809,6904709908 -13667,2650457185
12626,30515644 -12682,8083146062 -16009,9027293774 -13683,9390113606
12626,30515644 -12829,3715849099 -15507,2400915214 -13684,5488540313
12626,30515644 -12782,4736981652 -15788,6460183519 -13603,4637066369
12626,30515644 -12419,5361416385 -15350,7524326024 -13573,3021714493
12626,30515644 -12310,8973025169 -15539,6019389836 -13554,6751074267
12626,30515644 -12310,8973025169 -16273,9665408033 -13525,8544281772
12626,30515644 -11944,2060821654 -15852,3119399518 -13410,0656994126
12626,30515644 -11596,9307386937 -15742,4785062142 -13498,298852126
12626,30515644 -11572,4315930238 -16264,9045571148 -13595,0307892385
12626,30515644 -11903,5321383886 -16942,0514943189 -13657,9735676492
12626,30515644 -11728,8961415496 -16005,3803478085 -13597,2655545765
12626,30515644 -11605,2928822914 -16083,9597597859 -13548,565907357
12626,30515644 -11575,5459390279 -15903,4855868588 -13610,4498241573
12626,30515644 -11636,9861047653 -15830,0645173052 -13611,2890141895
12626,30515644 -11710,991983268 -16125,5712022565 -13714,9427743312
12626,30515644 -11906,7412212113 -16090,0382563363 -13640,7546025219
12626,30515644 -11916,5635589256 -16443,6077926725 -13577,2913612931
12626,30515644 -12202,7092340135 -16288,2929426276 -13672,503632104
12626,30515644 -12184,4183173835 -16523,3582283923 -13754,2525172657
12626,30515644 -12606,437396879 -16399,1387959863 -13787,0410641348
12626,30515644 -12562,8749527494 -16814,0305045992 -13826,4890426956
12626,30515644 -12429,818437923 -16237,7562316235 -13805,2797284491
12626,30515644 -12227,6499864925 -16624,8261628191 -13737,6768719037
12626,30515644 -12199,3158071908 -16698,6377735689 -13645,7378009983
12626,30515644 -11926,9470242018 -16144,8988865434 -13499,8602033547
12626,30515644 -11755,9429951206 -17380,7548568157 -13562,0172783901
12626,30515644 -11884,111393394 -16530,6832394179 -13539,2719722648
12626,30515644 -12086,3291087246 -15841,5025684054 -13512,0848045899
12626,30515644 -12540,2088032429 -15907,1106647476 -13513,9703958815
12626,30515644 -12338,9954374203 -15865,2416108249 -13533,0577252187
12626,30515644 -12261,7755056099 -15901,0399756449 -13567,351119283
12626,30515644 -12263,3568101416 -15903,3947720238 -13458,2240732406
12626,30515644 -12203,418182465 -15562,2703188048 -13533,0313587987
12626,30515644 -12140,2125423436 -15771,1610560246 -13530,5557297883
12626,30515644 -11914,7959843472 -15684,8386416625 -13514,4773783919
12626,30515644 -11857,2475859739 -15688,0667141259 -13388,0128891864
12626,30515644 -11766,1989473094 -15859,3776549378 -13267,1629686154
12626,30515644 -12464,6915542874 -15889,1520328097 -13357,7743348081
12626,30515644 -12610,041537357 -15440,9080140035 -13493,6469912449
12626,30515644 -12376,9594913295 -15892,526561336 -13470,778597599
12626,30515644 -12445,7271429706 -15791,1225884233 -13520,9565114999
12626,30515644 -12463,1190761843 -15748,4702487961 -13551,7820912823
12626,30515644 -12529,3247436822 -15732,2912560185 -13512,6630761705
12626,30515644 -12276,3036921743 -15844,9649018659 -13457,9320839387
12626,30515644 -12217,3833622592 -15854,6055559576 -13537,4243436282
12626,30515644 -12141,1613966962 -15816,9035112543 -13509,751019318
12626,30515644 -12628,6957629022 -16350,2127313335 -13533,4578075205
12626,30515644 -12441,827408415 -16094,4304231517 -13599,5990619902
12626,30515644 -12268,645523801 -15867,9999761999 -13562,4382266764
12626,30515644 -12672,8042043262 -16256,797145859 -13638,9593310746
12626,30515644 -12693,3243700606 -17315,8722437435 -13693,5924817255
12626,30515644 -12933,9209513981 -16674,7753613163 -13634,3840686571
12626,30515644 -12846,366438566 -16235,6173716583 -13654,857576835
12626,30515644 -12695,8030164773 -16437,6554346444 -13626,3110474572
12626,30515644 -12324,84340253 -16093,2860677545 -13561,3273236793
12626,30515644 -12436,9712187213 -17116,6855977394 -13671,6147089698
12626,30515644 -12412,2634243268 -16299,8669468558 -13550,3883610248
12626,30515644 -12493,3667788217 -17034,7743399046 -13623,778150867
12626,30515644 -12572,5777500608 -16427,3802114684 -13737,6369009687
12626,30515644 -12898,2522118654 -16751,9052955049 -13911,0546818368
12626,30515644 -12892,6622800696 -16554,8644289678 -13943,2288679618
12626,30515644 -12971,3140443151 -16543,4643641169 -13796,2332732893
12626,30515644 -13081,0840344132 -16740,8361095387 -13826,3069287552
12626,30515644 -13067,6126636316 -16308,3893643717 -13800,1818723513
12626,30515644 -12946,6396583798 -15863,636934635 -13794,9823791692
12626,30515644 -12990,9076612796 -16371,491120992 -13709,8574770147
12626,30515644 -12672,0866124171 -15997,4149172005 -13590,8836100814
12626,30515644 -12711,2209103868 -15975,2331832961 -13699,6326684658
12626,30515644 -12398,0799122484 -15999,0883030861 -13740,1060961664
12626,30515644 -12688,1324420012 -15700,3237689373 -13761,7886687889
12626,30515644 -12785,0377587149 -16031,7030967928 -13849,9805839819
12626,30515644 -12883,4688211255 -15763,1840882888 -13844,0070149777
12626,30515644 -12960,2584482579 -15621,8106733022 -13894,8766808794
12626,30515644 -12854,304882105 -15588,4878908496 -13842,5687402305
12626,30515644 -12902,3867078743 -15831,1839292352 -13908,967069609
12626,30515644 -12801,7874489823 -16196,0154077331 -13887,3553498564
12626,30515644 -12722,7183000554 -16159,3893467039 -13864,7792195611
12626,30515644 -12619,2567338698 -15904,1419648892 -13869,8921804117
12626,30515644 -12670,8015256211 -16521,9126617537 -13949,9993821323
12626,30515644 -12704,5967325618 -16173,206589124 -14029,4236360378
12626,30515644 -12673,2442786669 -16030,1113108864 -13945,3730884743
12626,30515644 -12461,6835075978 -16499,8241881793 -13915,3436295258
12626,30515644 -12435,4042010943 -16377,976766314 -14062,9856339394
12626,30515644 -12423,9215861583 -16500,8572650239 -13939,7243706065
12626,30515644 -12737,1920692615 -16619,0572564195 -13920,943349408
12626,30515644 -12729,0840075642 -16392,1966912161 -13916,6180167425
12626,30515644 -12696,7175040172 -16276,4596181758 -13814,5137419926
12626,30515644 -12781,917825513 -15931,1777763854 -13762,6478686854
12626,30515644 -12601,3437191507 -15875,0873113275 -13752,6826758442
12626,30515644 -12605,1688881796 -15901,6014372143 -13692,8511145606
12626,30515644 -12606,900520327 -16314,9190838897 -13651,5494862764
12626,30515644 -12455,2172061839 -15751,353617413 -13650,5918186512
12626,30515644 -12413,6793406222 -15822,4898234168 -13604,8010005274
12626,30515644 -12561,9511533091 -15715,2515169047 -13598,241937092
12626,30515644 -12347,4155949071 -16133,6007532146 -13512,6798137637
12626,30515644 -12514,2059228198 -15894,613955122 -13666,11088886
12626,30515644 -12587,0983273614 -16431,1628691679 -13698,9208815668
12626,30515644 -12622,3788928915 -15937,4271739193 -13578,4216052504
12626,30515644 -12699,5813955589 -16342,0194210531 -13649,6782999879
12626,30515644 -12704,2154885101 -15644,2805595791 -13558,4880991002
12626,30515644 -12671,6181089928 -15996,0111474149 -13506,3782064006
12626,30515644 -12550,9071121694 -15529,3095447353 -13459,0078374885
12626,30515644 -12541,8715763347 -15782,0231601513 -13559,0669640628
12626,30515644 -12343,9776745365 -16065,0976772331 -13565,7351019173
12626,30515644 -12570,4695611983 -16331,6084422186 -13563,5368344791
12626,30515644 -12587,5602759929 -15935,0304348107 -13635,6565470406
12626,30515644 -12901,4259306777 -15976,6423180457 -13711,0724459899
12626,30515644 -12620,0893966157 -16089,2018539405 -13701,3180258187
12626,30515644 -12864,4064744795 -15993,1745700469 -13702,6837759597
12626,30515644 -12599,051721024 -16487,8266736178 -13784,5482609585
12626,30515644 -12592,9347481511 -16134,7395369823 -13764,4745011063
12626,30515644 -12663,280335488 -16343,9739214985 -13696,847200465
12626,30515644 -12737,8717165068 -16073,5049287242 -13651,8436123068
12626,30515644 -12887,5291991142 -15963,7903523942 -13689,698801836
12626,30515644 -12565,4143492196 -16373,0901610394 -13624,1838698369
12626,30515644 -12142,9414498053 -16731,0643961628 -13340,7354606784
12626,30515644 -12070,1733362932 -16298,2105377873 -13389,840804099
12626,30515644 -12483,2552411461 -17256,874864084 -13569,236813791
12626,30515644 -12540,6647859167 -16083,0464786771 -13686,0399613812
12626,30515644 -12381,7870537785 -16372,0980823114 -13758,5281732228
12626,30515644 -12360,227808769 -16943,2834176155 -13712,0809636271
12626,30515644 -12482,61098648 -16993,6359476507 -13850,8020576229
12626,30515644 -12666,43579921 -16673,247630999 -13880,5019282252
12626,30515644 -12608,4040933163 -16797,4058220121 -13833,2857944988
12626,30515644 -12643,884733743 -16688,3562228623 -13722,5298669754
12626,30515644 -12757,1700021081 -16568,4981881963 -13799,8888047386
12626,30515644 -12401,846337691 -16416,9460211193 -13687,7115237921
12626,30515644 -12341,3604682956 -16092,2175320227 -13637,0482316623
12626,30515644 -12321,0435653427 -16594,0405314773 -13616,8448444661
12626,30515644 -11988,4707504991 -16465,9176050043 -13706,9104440186
12626,30515644 -11827,7992315863 -16370,0995511093 -13771,3347303901
12626,30515644 -11887,1926402371 -16215,4677363963 -13704,3928634349
12626,30515644 -11980,6552068238 -16190,170862058 -13772,922105554
12626,30515644 -12376,3328458785 -15924,0222880399 -13840,5934432513
12626,30515644 -12130,7254973981 -16194,3240941655 -13880,428521611
12626,30515644 -12100,4883320532 -15906,0905806635 -13835,0744803899
12626,30515644 -12062,8917951184 -15646,4086852143 -13899,3866961964
12626,30515644 -12486,2520480892 -15649,895121925 -13870,4785256979
12626,30515644 -12379,8045471098 -15591,6915985825 -13821,2191589637
12626,30515644 -12085,6987139846 -16033,2336315703 -13776,5494641061
12626,30515644 -12496,7609296128 -16698,8863386155 -13737,4885651378
12626,30515644 -12412,9751255248 -15883,9826521666 -13648,3431018641
12626,30515644 -12433,4307208898 -15665,0598025022 -13743,629802055
12626,30515644 -12673,4926113224 -15735,6933627195 -13721,15699765
12626,30515644 -12622,9054108696 -16052,903340389 -13878,68130252
12626,30515644 -12642,8182363499 -16140,108442808 -13840,5741831485
12626,30515644 -12633,6481376425 -15980,1396612896 -13853,4021914085
12626,30515644 -12799,7023515056 -16000,1207582027 -13917,0959256348
12626,30515644 -12678,519792141 -16168,2009999793 -13849,8968696093
12626,30515644 -12706,7803106884 -15883,1882634676 -13788,2210723967
12626,30515644 -12406,7508755252 -16067,0530728074 -13857,0982659228
12626,30515644 -12452,9062199727 -15820,6311823811 -13806,830194246
12626,30515644 -12657,4613518518 -15988,7036095881 -13845,1654337408
12626,30515644 -12316,1483272642 -15700,9827631225 -13819,8473894744
12626,30515644 -12111,5931953851 -15911,2174862034 -13733,5398387179
12626,30515644 -12109,1692927802 -16364,8924666606 -13785,3300115186
12626,30515644 -11825,7150986126 -16252,2660173028 -13702,7432250293
12626,30515644 -11597,5435343889 -15807,2603158131 -13627,5833796992
12626,30515644 -11614,6342491835 -16438,0087133396 -13704,8151858428
12626,30515644 -11443,3390296806 -15854,4801280587 -13715,5609214362
12626,30515644 -12090,5204894326 -16062,6504125081 -13927,9891269332
12626,30515644 -12369,8532501822 -15743,3528639436 -13942,3783399322
12626,30515644 -12321,5683892726 -16054,4797380817 -14001,2866403778
12626,30515644 -12450,7825646668 -16016,6224782235 -14067,0122607275
12626,30515644 -12418,498372069 -15779,3316457681 -14081,9861022488
12626,30515644 -12326,8955599376 -16096,2794212933 -14184,7417623713
12626,30515644 -12382,873970884 -16170,0751694316 -14033,7519676891
12626,30515644 -12446,6277714361 -15729,5201298146 -14028,8661456172
12626,30515644 -12446,5084098608 -16157,4927225095 -13950,6269190617
12626,30515644 -12363,1871915324 -15743,635476141 -13979,6604007557
12626,30515644 -12299,4333909803 -16289,8243458369 -14034,0097149786
12626,30515644 -12527,4681286378 -16220,8341945819 -14106,1086147166
12626,30515644 -12507,2424568526 -16739,6036211318 -14188,3948495236
12626,30515644 -12492,540959795 -16428,1154500397 -14168,3257468658
12626,30515644 -13605,9701333614 -16035,5388007846 -14148,2914512266
12626,30515644 -13581,2123323361 -16024,0015006203 -14097,7788917461
12626,30515644 -13633,1083627842 -15982,1072549156 -14111,4104022056
12626,30515644 -13591,1580275256 -16324,6887681061 -14127,5132985731
12626,30515644 -13535,5495025534 -15944,9611132052 -14185,4064188913
12626,30515644 -13374,5287232207 -16113,0844819889 -14115,2117048307
12626,30515644 -13336,2466302732 -15899,7642885094 -14171,8474715116
12626,30515644 -13313,9327774625 -16674,7697551758 -14193,097476477
12626,30515644 -12983,0705330214 -16298,2831407556 -14304,7772049926
12626,30515644 -13472,8390388004 -16632,1864436591 -14339,5374379137
12626,30515644 -13458,4977037355 -16049,2074622463 -14281,3597134418
12626,30515644 -13178,243200355 -16302,697772691 -14252,4176878519
12626,30515644 -12855,8818467067 -16934,2986629567 -14333,8068684727
12626,30515644 -12827,3513891568 -16209,4978109624 -14313,2452492644
12626,30515644 -12894,6429272878 -16508,6932982362 -14379,5343523838
12626,30515644 -12836,9632163904 -17000,6042928225 -14415,7387745709
12626,30515644 -12882,8017147549 -16884,9398949991 -14351,0603886718
12626,30515644 -12963,5608752127 -17066,1159498724 -14249,7448835797
12626,30515644 -12834,2902842236 -16447,8984537746 -14077,4559761595
12626,30515644 -12919,7070192538 -17102,8840079311 -14310,3481209335
12626,30515644 -13005,7113376725 -17403,6166321568 -14327,2448776267
12626,30515644 -13185,9440000456 -17218,3179091032 -14461,9133359592
12626,30515644 -13042,6822138057 -16904,8737333215 -14414,6340544623
12626,30515644 -12931,742320012 -16717,521738275 -14399,6296424388
12626,30515644 -13082,9523755699 -17252,3260060709 -14472,9181050525
12626,30515644 -13480,5920078039 -17189,5619379576 -14500,1082355908
12626,30515644 -13286,8214027962 -17296,8103620185 -14438,472555188
12626,30515644 -13095,2328949937 -16970,866951816 -14382,6473557258
12626,30515644 -12854,1567181797 -17562,0157398811 -14404,731599708
12626,30515644 -13265,524627481 -16274,282650899 -14364,929618005
12626,30515644 -13294,1882575226 -16990,8125166913 -14289,1688043294
12626,30515644 -13348,0881626412 -16760,6037976288 -14406,9386342352
12626,30515644 -12991,6247408689 -17021,6813443489 -14339,7759419941
12626,30515644 -13246,9649311852 -16584,188318548 -14355,0856960469
12626,30515644 -13055,32027659 -17082,8026665702 -14298,328194297
12626,30515644 -12953,6016727342 -16744,7381973119 -14270,5798043848
12626,30515644 -13116,3941877851 -17373,4624506416 -14392,4351016307
12626,30515644 -13164,9338610383 -17131,6918006041 -14487,4090153168
12626,30515644 -13179,6889079515 -17393,9119364859 -14503,9509156696
12626,30515644 -13244,4393948071 -16882,3910391443 -14425,7917733497
12626,30515644 -13174,2804076913 -17358,6867238725 -14387,8332370126
12626,30515644 -13164,9407454563 -17146,8039063544 -14653,6930477974
12626,30515644 -13406,1839178574 -17067,4226240141 -14703,947370807
12626,30515644 -13440,5313497065 -16594,6467618726 -14670,1678191373
12626,30515644 -13452,0772994482 -16879,5892140807 -14581,9008617103
12626,30515644 -13461,0605227411 -16674,2311616618 -14697,9453027612
12626,30515644 -13458,6301444634 -17236,5142652586 -14596,5082418124
12626,30515644 -13351,6258696412 -17343,8242901603 -14664,6046503578
12626,30515644 -13427,9156167562 -17199,1914589597 -14709,4273317854
12626,30515644 -13559,3069239732 -17000,0949149514 -14773,2215493856
12626,30515644 -12843,7634798311 -16857,0014161622 -14805,4686571134
12626,30515644 -12857,2118455694 -17080,7813555113 -14796,1056145085
12626,30515644 -12849,3500037967 -16988,1357336795 -14826,0061101522
12626,30515644 -13245,8719215879 -17009,8960397817 -14810,9338087638
12626,30515644 -13544,6892660246 -17033,568289312 -14896,6695420762
12626,30515644 -13535,8326911424 -17551,4316217525 -14791,1660307211
12626,30515644 -13361,402588533 -16638,4770534272 -14881,0368752216
12626,30515644 -13216,8084884174 -17265,0316065481 -14759,3199719784
12626,30515644 -13352,9068059634 -16457,0565163788 -14722,4694284784
12626,30515644 -12925,1648836406 -16872,6569178418 -14649,1901387938
12626,30515644 -13179,6090357637 -17308,61124732 -14649,2535376604
12626,30515644 -13096,7582518675 -17511,2275831557 -14635,0537572757
12626,30515644 -12844,2786033979 -17415,9476162855 -14579,2065780686
12626,30515644 -12714,4262805603 -16773,6345237052 -14462,1621586092
12626,30515644 -12698,4091633355 -16584,9983401981 -14442,6652603922
12626,30515644 -12564,1697551793 -16589,973946052 -14343,471553566
12626,30515644 -12723,104488254 -16279,6862011251 -14383,3306088137
12626,30515644 -13127,5334047579 -16196,23867189 -14366,6711502628
12626,30515644 -13259,539437908 -16418,3557179483 -14384,5100179587
12626,30515644 -13500,5921649916 -16284,9610639982 -14394,9293442208
12626,30515644 -13466,982227244 -16287,0323996825 -14288,5662901244
12626,30515644 -13627,2325255575 -16384,2684805679 -14235,2138404032
12626,30515644 -13560,7106367197 -16620,0102069914 -14202,2118142392
12626,30515644 -13293,8870624662 -17211,5232727495 -14096,3868500797
12626,30515644 -13263,9081329555 -16885,9274231925 -14086,0104772956
12626,30515644 -12959,0764876238 -16414,9184637386 -14093,9628930922
12626,30515644 -12813,5275903537 -16031,3870710186 -13957,9895064063
12626,30515644 -12659,8980782537 -16621,1318186356 -13903,5248066836
12626,30515644 -13068,1253767429 -16491,0758015942 -13861,6059593874
12626,30515644 -12865,1493039897 -16552,6235134856 -14010,0314176031
12626,30515644 -13074,4753235408 -16743,9547448894 -14048,708100077
12626,30515644 -13113,890234942 -16823,243539366 -14113,00433351
12626,30515644 -12904,564215391 -16106,763974952 -14043,0875102824
12626,30515644 -12868,552521344 -16648,0120256993 -14074,7724010382
12626,30515644 -13103,9402901298 -16195,397786263 -14157,3103734142
12626,30515644 -13016,7597435288 -17034,5778270688 -14062,3680936846
12626,30515644 -13018,4699254719 -15826,2784293561 -13987,8436812895
12626,30515644 -12795,8730342208 -16116,2156943087 -13906,2617553289
12626,30515644 -12628,913298985 -16450,8344392983 -13951,8555893166
12626,30515644 -12790,3027827614 -16085,6536670719 -13925,8029927192
12626,30515644 -12694,8344590334 -16500,9509274714 -13933,9710342904
12626,30515644 -12931,0119475137 -17131,3436858217 -13981,7378186556
12626,30515644 -12977,8097652517 -16622,7772271801 -13941,0440865728
12626,30515644 -12902,1836854165 -16652,672554923 -13860,9970873285
12626,30515644 -12879,7414847541 -16959,6027029868 -13823,743133561
12626,30515644 -13017,500295448 -17246,4143973114 -13925,2386164713
12626,30515644 -12923,505465717 -17953,3881996291 -13925,4382651873
12626,30515644 -12881,8082621098 -16847,9812253934 -13838,9998549995
12626,30515644 -12629,798070476 -17094,2754485219 -13846,1427638588
12626,30515644 -12633,7495738596 -16953,3383773203 -13773,0958358501
12626,30515644 -12702,6854444325 -17443,2739435576 -13804,1887042044
12626,30515644 -12523,7510780562 -16470,7789320981 -13816,6930157342
12626,30515644 -12487,3255296955 -17406,3266667341 -13926,1886458674
12626,30515644 -13124,3451094449 -16845,8240136389 -13922,5633901983
12626,30515644 -13225,1417630022 -16555,6102062227 -14026,864563218
12626,30515644 -13049,7191172902 -16371,9140049918 -13953,8742790988
12626,30515644 -12962,114775147 -16469,3854302163 -13979,3603185999
12626,30515644 -13164,1611514109 -16529,131016135 -14024,5216380201
12626,30515644 -12854,6167103904 -16320,3267010072 -13973,7180307212
12626,30515644 -12981,5066665897 -16219,6522248686 -14032,7467907021
12626,30515644 -12916,4492272517 -16466,2457478496 -14123,8885848408
12626,30515644 -12937,9197361731 -16204,0269615679 -14109,4521208989
12626,30515644 -13089,1321676356 -16604,9510837977 -14096,791023953
12626,30515644 -13127,6515879631 -16775,5432393418 -14179,5664398774
12626,30515644 -13203,0217420161 -15966,390327592 -14130,20886631
12626,30515644 -13312,1965405396 -16159,0827221416 -14194,61086455
12626,30515644 -13581,1819901101 -16031,9821362674 -14279,0081139166
12626,30515644 -13517,040727029 -17273,7594201506 -14291,2730323468
12626,30515644 -13548,7894059103 -16238,0295433046 -14269,0140658991
12626,30515644 -13458,5169330869 -16431,3857787167 -14318,2648122742
12626,30515644 -13470,6450795834 -16350,3650673841 -14332,3084991372
12626,30515644 -13739,3688634888 -16721,4131612297 -14353,9313062315
12626,30515644 -13425,8244072038 -16563,893142755 -14367,1427598614
12626,30515644 -13425,5325924709 -17175,0110041535 -14345,8801267201
12626,30515644 -13176,1183213824 -16915,3933746884 -14333,3602834476
12626,30515644 -12957,4407239809 -16940,8095030813 -14231,5267319126
12626,30515644 -12930,279586296 -16693,6619742705 -14238,9786938267
12626,30515644 -12864,6764186095 -16566,1869904303 -14262,000623064
12626,30515644 -12788,1589728576 -16654,8562714159 -14250,8171381311
12626,30515644 -12867,7481995935 -16604,8832203034 -14198,3908081457
12626,30515644 -12819,8601684753 -16360,3975127654 -14147,2001957687
12626,30515644 -12531,1565242565 -16812,6018467186 -14085,4920459359
12626,30515644 -11828,0288940208 -16735,5378107221 -14051,1707134663
12626,30515644 -11825,8273887404 -16661,0202057636 -13995,370258875
12626,30515644 -11894,0838223478 -16602,8598282661 -14097,4213224668
12626,30515644 -12010,7499735842 -16747,1159232991 -14084,4217044519
12626,30515644 -12255,0029123373 -17223,8089817886 -14174,96189818
12626,30515644 -12208,5396644212 -17885,0022217026 -14091,5598273407
12626,30515644 -12232,4749723359 -17229,6375387588 -14107,1800114606
12626,30515644 -12025,0755149466 -17224,9244992209 -14117,9016674646
12626,30515644 -12094,2145185761 -17002,8004348331 -14004,3360553055
12626,30515644 -11960,236174531 -17589,536160025 -13938,6934918979
12626,30515644 -11961,0842844066 -17027,2893573219 -14003,809311118
12626,30515644 -11963,9426932909 -16685,8006831827 -14072,298063341
12626,30515644 -11702,74533074 -17122,7124095562 -14034,8554589214
12626,30515644 -11813,7354889557 -16635,0801861206 -14105,7540732482
12626,30515644 -11790,0594797917 -16615,4945833802 -14209,2198062029
12626,30515644 -11942,7518400597 -16696,5872643949 -14261,6138656782
12626,30515644 -12033,2434492872 -16115,849016277 -14113,9682506552
12626,30515644 -11926,23245523 -16095,7650613967 -13999,9618022958
12626,30515644 -12045,2570416122 -15836,5816992984 -13943,767212389
12626,30515644 -11976,0531656916 -15784,3195679445 -13900,066843858
12626,30515644 -12266,2039926022 -16284,993843424 -13998,8607612986
12626,30515644 -12438,2063836117 -16668,617283219 -14045,1045108744
12626,30515644 -12399,6497473362 -16152,9087066009 -14061,2273622137
12626,30515644 -12396,0456750233 -16267,84862789 -14003,8387489553
12626,30515644 -12151,5966854525 -16187,4972603664 -13973,1371013171
12626,30515644 -11989,4251792931 -16240,3069189922 -13948,2009212015
12626,30515644 -12025,5054062747 -16275,0527483329 -13932,7765867304
12626,30515644 -11730,5596627945 -16572,7871710969 -13833,0819671944
12626,30515644 -12063,5226789233 -16146,0431156141 -13879,6151715452
12626,30515644 -11933,4674638785 -16106,6373536219 -13923,2116591999
12626,30515644 -12034,1481090962 -16621,4609689581 -14038,958989006
12626,30515644 -11844,0163332849 -16286,1049810989 -13978,7703480433
12626,30515644 -11890,1599242032 -16492,719149758 -13989,5953442679
12626,30515644 -11874,8881618441 -16517,0443111761 -13935,2838244428
12626,30515644 -12297,0004850253 -16322,6430932118 -13967,3064047798
12626,30515644 -12102,0914324246 -16429,6486541727 -13982,6637482162
12626,30515644 -11985,8623825166 -16361,8551188869 -13941,3806569476
12626,30515644 -12049,2505591983 -16595,2077334833 -13923,7788166281
12626,30515644 -12235,3750450174 -16678,1348643783 -13906,0658309397
12626,30515644 -12236,839712866 -16299,0986152466 -14022,2477420331
12626,30515644 -12065,9672466569 -16978,8649904198 -14023,4251198554
12626,30515644 -12515,3735916082 -16619,6265536604 -13967,9487626139
12626,30515644 -12700,6783571261 -16499,9905161572 -14034,6174874102
12626,30515644 -12898,3319708286 -16448,7836343967 -14093,6460227352
12626,30515644 -12889,8547344531 -16186,4059586839 -14019,1459151282
12626,30515644 -13023,4869028027 -16544,1131670585 -14024,9132975565
12626,30515644 -13033,254421879 -15926,2998973656 -14021,7604317445
12626,30515644 -13291,9931836955 -16446,1129942301 -14079,7396543463
12626,30515644 -13169,3082273878 -16600,6557087557 -14015,5645084846
12626,30515644 -13040,4349341503 -16120,6227108631 -14064,1435674093
12626,30515644 -12840,7610997048 -16003,1633940957 -13954,6442740542
12626,30515644 -12562,5600977457 -16034,7849005692 -13854,9996094866
12626,30515644 -12558,1703692798 -16622,2152709733 -13960,3800423223
12626,30515644 -12950,4759035007 -16738,4982142921 -14092,127485545
12626,30515644 -12866,6056717463 -16278,4329881526 -14029,8936248318
12626,30515644 -12904,7315499905 -16290,1010940602 -14021,3557697546
12626,30515644 -13269,3390768176 -17046,2610551837 -14190,5347610504
12626,30515644 -13184,4506236454 -17059,3293343487 -14326,4607347739
12626,30515644 -13209,5830446609 -16757,3768666623 -14279,3640002957
12626,30515644 -13090,7807634802 -16219,0128642624 -14168,7972343212
12626,30515644 -12977,0134577555 -16686,4399954667 -14122,95787901
12626,30515644 -13013,3234552683 -16293,9119824918 -14194,1563058747
12626,30515644 -12963,4038652345 -17063,9075789722 -14256,143708255
12626,30515644 -13404,9437312148 -17180,6759400201 -14255,5545330874
12626,30515644 -13404,3574718109 -16776,5813153157 -14258,9290959218
12626,30515644 -13380,095523306 -16437,420151389 -14259,7346453789
12626,30515644 -13340,8487473851 -16706,3742892689 -14318,9726437007
12626,30515644 -13422,4008172566 -16871,093573303 -14362,170847208
12626,30515644 -13346,6447354416 -16522,8555444611 -14287,3854100377
12626,30515644 -13142,1093841585 -16548,2509272542 -14247,5045978452
12626,30515644 -13080,2357627381 -16673,2648886996 -14214,3733811805
12626,30515644 -13150,6487718999 -16535,1941472557 -14236,1727044001
12626,30515644 -13009,6145023765 -16875,9047782175 -14201,0361557123
12626,30515644 -12804,9295839606 -16823,0808240035 -14061,5705855166
12626,30515644 -13277,9761531901 -16642,9908112763 -14125,9610703692
12626,30515644 -13286,4486157547 -16600,4316024883 -14106,9319292071
12626,30515644 -13302,8759410992 -16514,7345813433 -14095,4836931535
12626,30515644 -13053,1339643018 -16469,5644197947 -14082,309815363
12626,30515644 -12951,0821273128 -17162,8788030811 -14008,1629042945
12626,30515644 -12831,8481123283 -16652,1279281832 -13967,6667593713
12626,30515644 -13062,5982437672 -16172,5272341719 -14019,0037183486
12626,30515644 -13146,9510024741 -16383,6738444002 -13962,0999856232
12626,30515644 -13013,9030418686 -16472,4443857596 -14035,6241394925
12626,30515644 -12957,40458024 -15795,3176704229 -13986,492432913
12626,30515644 -13121,6489645402 -16012,1043750516 -13845,5657684434
12626,30515644 -13214,1257182306 -16106,1065258129 -13870,1696235738
12626,30515644 -12898,2715459662 -16099,6696201371 -13907,979488072
12626,30515644 -13190,457825242 -15935,8729808886 -13922,7971159162
12626,30515644 -13141,0963847577 -16066,7250600909 -13910,6017307968
12626,30515644 -12992,1294416661 -16020,3894943934 -13923,9720434991
12626,30515644 -12920,2112329468 -16286,1915754642 -13879,7494210198
12626,30515644 -12978,1465158011 -15906,5877834657 -13877,9654483441
12626,30515644 -12841,8165926256 -15882,3626297729 -13913,6573345087
12626,30515644 -12928,6295615847 -17117,152882941 -13998,411344461
12626,30515644 -13191,9583442571 -17225,5681234806 -14070,5095379454
12626,30515644 -13293,6381295007 -17046,7126950236 -14102,4487413148
12626,30515644 -13533,015473066 -16813,3427918252 -14120,9114114124
12626,30515644 -13540,0646379484 -16531,1168589609 -14172,6000474114
12626,30515644 -13541,1019956018 -16003,1993979598 -14095,8260821163
12626,30515644 -13541,1019956018 -16019,6825153502 -14151,749916324
12626,30515644 -13494,634246802 -16081,4930315714 -14135,1401336486
12626,30515644 -13361,2769523276 -16537,7776342753 -14151,8760168333
12626,30515644 -13450,1270574602 -16015,8981959187 -14102,0643889449
12626,30515644 -13427,3621444549 -16271,1401332908 -14092,0551146985
12626,30515644 -13438,8748851707 -16251,5699637879 -14077,648964842
12626,30515644 -13341,7553882535 -16834,0018860633 -14054,6166368691
12626,30515644 -13230,0619007236 -16059,7086407579 -14042,2046076084
12626,30515644 -13396,691347909 -16104,009799657 -14104,9719378112
12626,30515644 -13195,0803987389 -16799,149787175 -14139,9440787165
12626,30515644 -12727,3550827309 -16719,6960784936 -14064,5864810191
12626,30515644 -12542,4060399379 -16043,1659529307 -14014,4688808418
12626,30515644 -12766,8190601143 -16296,3798802116 -14061,7887295154
12626,30515644 -12772,835606336 -16808,148284949 -14020,1028025976
12626,30515644 -12804,9498762283 -16361,7325993781 -14057,2975950767
12626,30515644 -12849,0550199995 -16885,1425630317 -13893,600674391
12626,30515644 -12921,7465769843 -17117,9914673825 -13912,0552157033
12626,30515644 -12928,8784641156 -17245,1382763918 -13862,6936138109
12626,30515644 -12817,4162191727 -16548,668807348 -13776,3810847126
12626,30515644 -12999,0412943693 -16423,9043340909 -13718,6025689379
12626,30515644 -12834,014443954 -16616,6967087456 -13678,4320955386
12626,30515644 -12933,2114705981 -16612,5975004309 -13760,691974868
12626,30515644 -12943,5080259061 -17113,1654135599 -13847,8028371789
12626,30515644 -12826,3701314591 -16717,4065227756 -13873,9888808205
12626,30515644 -12964,1228116671 -16543,371753883 -13944,263836222
12626,30515644 -12538,4646582346 -17013,0713623161 -13821,2192620485
12626,30515644 -12883,7194128156 -16774,0778046511 -13867,9259404019
12626,30515644 -12985,8107914292 -16052,2739039382 -13792,1910441513
12626,30515644 -13050,0367261635 -15969,3277484835 -13902,1263005056
12626,30515644 -13009,5064325305 -15958,0294058433 -13888,3644789044
12626,30515644 -12967,1031522338 -16497,5614710927 -13826,7579586968
12626,30515644 -12893,5831547167 -15985,3642640187 -13694,1464387785
12626,30515644 -12900,9852260355 -15707,3609952291 -13654,0600465506
12626,30515644 -12841,1749423245 -16098,4644674773 -13663,6734378149
12626,30515644 -12597,8873419306 -16140,6195686412 -13646,9593918064
12626,30515644 -12831,8240626473 -15983,1823354387 -13786,3788729976
12626,30515644 -12788,7014786996 -16062,4616365056 -13745,595713424
12626,30515644 -12791,7584510219 -15657,1498360998 -13779,8154407153
12626,30515644 -12794,8364680984 -15840,3090526363 -13776,5900286812
12626,30515644 -12877,7791112589 -16184,4802550062 -13840,8510139599
12626,30515644 -12609,4180471249 -15732,0967330141 -13780,4914784398
12626,30515644 -12576,5922035916 -15897,2657777189 -13790,7098685297
12626,30515644 -12491,0936378735 -16167,0577808865 -13661,1669513849
12626,30515644 -12254,648567962 -16271,5451069983 -13687,765260631
12626,30515644 -12429,8511328053 -15420,8740444446 -13679,2759333274
12626,30515644 -12354,2556752889 -15949,9867694822 -13756,4407775443
12626,30515644 -12386,8483673968 -16520,3836473311 -13757,6352556787
12626,30515644 -12466,7289403687 -16138,0967669233 -13683,1364270062
12626,30515644 -12306,0653634425 -16037,6330053766 -13798,1689381973
12626,30515644 -12423,9458696114 -15838,9161397411 -13794,1469940102
12626,30515644 -12655,8562895868 -16188,5263732931 -13790,2727340651
12626,30515644 -12729,8621680896 -15812,0220046927 -13800,4835804129
12626,30515644 -12511,0767395513 -16301,5903613774 -13750,8442939731
12626,30515644 -12598,647746176 -15757,0696904759 -13680,8205390746
12626,30515644 -12471,4612016969 -15950,0677968136 -13629,7400259233
12626,30515644 -12140,797960965 -15882,6340422617 -13565,5403600495
12626,30515644 -12082,1407037695 -15680,903200116 -13564,3731280547
12626,30515644 -12257,4183703344 -16058,939949661 -13571,4484433518
12626,30515644 -12337,962380343 -16051,1403151467 -13579,5046098622
12626,30515644 -12171,0648036441 -16117,0647368891 -13581,3588474063
12626,30515644 -12408,2542680594 -16194,6177573561 -13655,2458146781
12626,30515644 -12435,9750167595 -16323,5602011568 -13690,4560846215
12626,30515644 -12450,2068366949 -15753,0862424867 -13688,4989470985
12626,30515644 -12407,7526128945 -15855,1882082728 -13659,350269301
12626,30515644 -12194,6186211829 -15739,1608898781 -13593,600603079
12626,30515644 -12002,4847808729 -15670,4818985896 -13585,9305870095
12626,30515644 -11914,6063557527 -16221,7733292387 -13624,6175063008
12626,30515644 -11979,3941020357 -15978,7395759761 -13682,5195329631
12626,30515644 -12036,032678182 -15648,4966804415 -13685,0122767541
12626,30515644 -12174,8343140994 -16354,4575362968 -13748,4023351654
12626,30515644 -12417,2410773342 -15748,0754289476 -13831,9062495153
12626,30515644 -12300,0132991592 -16037,4769644452 -13827,2064184828
12626,30515644 -12698,0518467691 -16288,8740047635 -13774,3008489807
12626,30515644 -12593,7508755684 -16716,7157763506 -13781,0334177577
12626,30515644 -12501,7291032767 -16512,3528317063 -13853,2213994327
12626,30515644 -12813,8090511916 -15914,4792085184 -13845,1063910732
12626,30515644 -12758,6624303273 -15913,9333746661 -13936,3912283674
12626,30515644 -12838,28998878 -16221,2126600139 -13983,7115303876
12626,30515644 -12869,497233367 -16548,8865043812 -13976,1048155832
12626,30515644 -13086,5356083692 -16942,5794399416 -14007,9099650894
12626,30515644 -13072,1883376727 -16249,196211015 -14034,9018668371
12626,30515644 -12933,4868696251 -16093,5255350931 -13955,2904266157
12626,30515644 -12916,3961658846 -16052,6787052338 -13857,9804662277
12626,30515644 -12922,5141797723 -16107,0909315226 -13870,5354911429
12626,30515644 -12654,5156278989 -16278,7458933667 -13893,6024100296
12626,30515644 -12927,1331014985 -16189,4072567052 -13904,6813153844
12626,30515644 -12957,6327335351 -16169,4964973404 -13972,4222855509
12626,30515644 -13022,4974610886 -15794,4624226787 -13926,0675103415
12626,30515644 -12744,9610206415 -16500,2211196929 -13956,2789453617
12626,30515644 -12844,4056175435 -16119,709478285 -13915,3315457764
12626,30515644 -12884,9211103384 -15692,5735825531 -13964,7605293303
12626,30515644 -12950,0786346288 -16261,5376958767 -13937,903675128
12626,30515644 -12933,4212845417 -15579,2190226686 -13898,9855073167
12626,30515644 -13118,3144225541 -15862,8889954417 -13911,5092471642
12626,30515644 -13049,3346254062 -16213,2880347573 -13833,7619377549
12626,30515644 -13080,578975086 -15696,6512902047 -13843,870394498
12626,30515644 -13001,9790794658 -15951,1375009163 -13856,9400458905
12626,30515644 -13188,7359726596 -16372,2901171226 -13875,039140599
12626,30515644 -13431,256261232 -15849,7157665936 -13914,1000175169
12626,30515644 -13198,3239936731 -15569,8094050418 -13919,7817670819
12626,30515644 -13283,3888232923 -16571,1392249163 -13989,3377649575
12626,30515644 -13236,3512344631 -16300,3330307609 -13892,3002254442
12626,30515644 -13458,973727217 -16175,1628868991 -13911,8407386984
12626,30515644 -13407,1301857217 -16195,2334108197 -14037,8128891957
12626,30515644 -13213,5575735604 -16151,2542106551 -14030,8454362759
12626,30515644 -13299,5107766415 -16327,1008397588 -14035,8879902964
12626,30515644 -13106,3167975463 -16115,8079736079 -14104,19192774
12626,30515644 -12952,219395085 -16730,3301640677 -14141,448530595
12626,30515644 -12882,7310951285 -16624,4434525044 -14105,7299239429
12626,30515644 -12730,3782217562 -16904,5249605089 -14027,7033725928
12626,30515644 -12578,5476273315 -17033,0493973827 -13949,9505363968
12626,30515644 -12582,7725597032 -16390,1273925707 -13970,860900891
12626,30515644 -13137,1663378884 -16805,5121448105 -13993,2021518158
12626,30515644 -12973,4862815666 -15943,047271835 -13918,9096329077
12626,30515644 -13009,7200535449 -16294,6010936832 -13901,6260458032
12626,30515644 -13266,3383988287 -15964,7314175892 -13845,1706381829
12626,30515644 -13260,1304455027 -16993,6084797207 -13868,8603009461
12626,30515644 -12834,1469164862 -16398,515357523 -13857,1880017995
12626,30515644 -13101,9194598348 -17080,6215894203 -13990,5890116705
12626,30515644 -13096,7127363597 -16460,9165319717 -14029,4978952036
12626,30515644 -12890,87881644 -16981,8175320473 -13991,0223837996
12626,30515644 -13150,5421956911 -16167,6531610241 -14001,3370790562
12626,30515644 -13133,7051014281 -17163,6907081722 -14043,0229649286
12626,30515644 -13200,3120038067 -16627,1187146058 -14054,1976369734
12626,30515644 -12810,0190405243 -16856,9178951125 -14012,0732829672
12626,30515644 -12845,7621597044 -17133,0045639663 -14091,231866683
12626,30515644 -12767,2596402405 -16363,921955981 -14148,1857283095
12626,30515644 -12649,0997126927 -17150,2467094362 -14165,2913270996
12626,30515644 -12717,5142633102 -16897,6519521646 -14184,131169659
12626,30515644 -13003,8532643108 -16878,9181217645 -14174,8422344921
12626,30515644 -13110,9065753327 -17335,5564630879 -14295,7193116401
12626,30515644 -12546,8222492556 -17727,8079412767 -14301,3830647024
12626,30515644 -12505,2764104249 -16913,7946576914 -14245,753633308
12626,30515644 -12493,8430533127 -17429,4460165103 -14223,9608792813
12626,30515644 -12352,3003517823 -16791,199670635 -14252,952177911
12626,30515644 -12487,2893656338 -17519,291516115 -14182,8344484109
12626,30515644 -12489,9291456934 -17258,723824319 -14180,514730729
12626,30515644 -12431,9179229728 -17159,6046963105 -14232,9606735554
12626,30515644 -12341,7606141672 -16833,2089824774 -14202,4972039314
12626,30515644 -12328,0827877023 -17035,2385718251 -14320,6427804345
12626,30515644 -12374,5151895679 -16412,7467577468 -14258,9697823207
12626,30515644 -12488,8758037409 -16667,2107516837 -14315,6656404657
12626,30515644 -13031,7801687687 -16572,6195111087 -14387,8779225785
12626,30515644 -12984,5370823971 -17306,026925691 -14405,8226058126
12626,30515644 -12938,475809375 -17170,4747808952 -14320,4350481809
12626,30515644 -13048,2228515412 -17131,8249253667 -14258,100278048
12626,30515644 -13010,6520265749 -17000,805010218 -14216,3120292434
12626,30515644 -13142,0684875295 -17282,5399911824 -14242,8519410847
12626,30515644 -13164,9635049958 -17582,8746288715 -14200,5960538695
12626,30515644 -12975,7758251274 -16985,1750675833 -14173,6719395869
12626,30515644 -12740,7561677614 -17626,3475426028 -14099,7186537196
12626,30515644 -12817,6375729621 -17662,5727416395 -14164,7220324795
12626,30515644 -12587,4665151573 -17617,0495319491 -14146,1152611473
12626,30515644 -12569,4394840444 -17590,0083416917 -14191,6687641878
12626,30515644 -12491,9474762117 -17903,0605085895 -14237,2800093032
12626,30515644 -12690,9266543131 -17866,391099679 -14153,432668801
12626,30515644 -12438,0843254515 -17958,2081748981 -14108,3420014833
12626,30515644 -12358,0747752461 -17394,6520659333 -14247,2802582075
12626,30515644 -12205,0649624756 -17596,2027717973 -14230,7923666202
12626,30515644 -12204,4517598826 -17770,6665635381 -14264,7081321576
12626,30515644 -11964,994743389 -17298,9042398529 -14226,754609874
12626,30515644 -12016,1902399331 -17339,3202619121 -14261,6089245384
12626,30515644 -12274,9633354849 -17231,1093881762 -14211,526212243
12626,30515644 -12222,1233797326 -17358,3947285043 -14197,8476881975
12626,30515644 -12192,0848106405 -17505,3707476675 -14121,4024748362
12626,30515644 -12205,7015428995 -16617,7585036373 -14176,6046740328
12626,30515644 -11895,1133345091 -17415,3438003177 -14184,1549505228
12626,30515644 -11895,1133345091 -17660,3841369996 -14182,9178629496
12626,30515644 -11861,1264331889 -17777,4489413063 -14190,6202138181
12626,30515644 -11831,5952480915 -18388,6942898574 -14241,6429736356
12626,30515644 -11829,3498505526 -17704,9171120403 -14228,9457119909
12626,30515644 -11847,7379476425 -16979,9332139504 -14176,03003034
12626,30515644 -11728,4377740514 -17372,5132823505 -14126,8546180083
12626,30515644 -11898,4869169246 -17219,8645398467 -14158,4171503226
12626,30515644 -12073,0752875507 -17638,0277446971 -14127,2081152829
12626,30515644 -12276,3557386044 -17775,2735073291 -14142,5585369744
12626,30515644 -12235,1246823483 -16719,8215280325 -14301,9450572256
12626,30515644 -12100,0486160864 -17132,8136468147 -14243,7256750856
12626,30515644 -12053,9005023509 -17349,8142155753 -14101,4055310808
12626,30515644 -12001,6197740048 -17016,5540306972 -14103,4392536156
12626,30515644 -12620,515166703 -16737,1666474588 -14124,1527381415
12626,30515644 -12500,8548861686 -16651,1638271733 -14068,8535243
12626,30515644 -12544,6439680894 -17151,821651893 -14141,5116127812
12626,30515644 -12544,6439680894 -16537,3403304157 -14170,5910105796
12626,30515644 -12510,6496335762 -16246,8738959082 -14091,4210637838
12626,30515644 -12655,3034590012 -16675,5402081158 -14086,7918110462
12626,30515644 -12655,3034590012 -16774,9319952348 -14112,5277570656
12626,30515644 -12823,0664132902 -16802,5217442156 -14116,7122976706
12626,30515644 -12834,719303412 -16711,5071186038 -14123,3487614556
12626,30515644 -12914,4454415441 -16779,5130906736 -14185,8661503613
12626,30515644 -13011,565456232 -16089,137399606 -14148,8353562779
12626,30515644 -12958,4282535034 -16225,8409203793 -14164,5047636582
12626,30515644 -12884,7991362631 -16731,0430626344 -14145,9376688341
12626,30515644 -12819,2751662768 -16209,4618666181 -14094,0010490385
12626,30515644 -12799,2202083778 -16075,8070324666 -14126,2282199237
12626,30515644 -12770,1149810991 -16492,2689974488 -14069,3165796366
12626,30515644 -12550,3278119782 -16663,3105015151 -13986,9947958084
12626,30515644 -12776,7894329289 -15886,5260569592 -13972,4458674426
12626,30515644 -12624,9352092997 -15893,6904112832 -13917,6763556838
12626,30515644 -12514,7902914526 -16237,7802567505 -13935,5312633807
12626,30515644 -12684,8664328241 -16473,5459437851 -13964,7868448746
12626,30515644 -12685,382685705 -16477,7655900463 -13993,3974812154
12626,30515644 -12714,0458228597 -16605,3461718763 -14004,4672938671
12626,30515644 -12624,6437250902 -16648,6912701137 -13868,8902748426
845,738999263749
