-18385092,8211739 -18385092,8211739 -19436789,7004585 -18956282,7085418
-18378089,9882838 -18378089,9882838 -19311380,0447169 -18892765,0143922
-18308258,5533435 -18308258,5533435 -19279490,9480867 -18832625,5273307
-18175030,1996087 -18175030,1996087 -19183899,7460876 -18771491,8540446
-18067754,900307 -18067754,900307 -19126367,6510913 -18690075,2287802
-17996950,6485457 -17996950,6485457 -19049447,2402165 -18634073,4122381
-17942198,0369475 -17942198,0369475 -18980331,869026 -18557267,4727589
-17888807,0938327 -17888807,0938327 -18903435,7641233 -18486489,1109576
-17838894,404603 -17838894,404603 -18830226,4894402 -18418319,9815997
-17790342,8672068 -17790342,8672068 -18819033,4751886 -18357187,3773443
-17692116,2182727 -17692116,2182727 -18701336,9178381 -18309115,6638716
-17656281,1840759 -17656281,1840759 -18672858,7821461 -18245980,9229921
-17525173,4312655 -17525173,4312655 -18696139,4421267 -18182093,4046016
-17444449,7506211 -17444449,7506211 -18635011,2222997 -18120879,7686379
-17375476,3510526 -17375476,3510526 -18577142,2297581 -18062817,3775493
-17291541,1746437 -17291541,1746437 -18543905,590271 -18010995,5040674
-17221230,831924 -17221230,831924 -18458566,369084 -17958685,1230835
-17170774,4210438 -17170774,4210438 -18380168,3653639 -17890627,5412167
-17141400,4448216 -17141400,4448216 -18380241,5982622 -17838413,9741433
-17055136,323632 -17055136,323632 -18262097,6892911 -17776548,9083243
-17017352,7427074 -17017352,7427074 -18250143,3461345 -17714233,5981053
-16954439,3430493 -16954439,3430493 -18091698,1922413 -17651384,697818
-16945550,7131006 -16945550,7131006 -18051087,1506199 -17596440,948553
-16944046,5675761 -16944046,5675761 -18052768,0904072 -17555433,4889
-16916250,7091774 -16916250,7091774 -18007245,6864644 -17507290,3115908
-16910703,3606077 -16910703,3606077 -18046760,3179706 -17448091,2424488
-16816891,2221478 -16816891,2221478 -17888036,2684059 -17380019,8976541
-16713068,1949533 -16713068,1949533 -17869633,5189058 -17328432,5458752
-16672102,7533771 -16672102,7533771 -17837706,423195 -17285334,7135504
-16605972,2941691 -16605972,2941691 -17839747,2215016 -17213957,8988005
-16581921,283913 -16581921,283913 -17704164,9957643 -17154953,0676834
-16559828,7850778 -16559828,7850778 -17653514,3444626 -17100973,1375911
-16507764,6985155 -16507764,6985155 -17599037,6360433 -17047177,6162482
-16467585,5462496 -16467585,5462496 -17551650,3977647 -16982425,6860042
-16415000,2263349 -16415000,2263349 -17432141,8823415 -16933997,796931
-16385186,5929748 -16385186,5929748 -17441750,6143905 -16886337,7742402
-16316097,4085978 -16316097,4085978 -17339320,2865894 -16828534,1659483
-16257290,3209111 -16257290,3209111 -17323681,9232343 -16788269,9831158
-16208387,7486292 -16208387,7486292 -17286297,3439973 -16749837,0351445
-16182251,6663778 -16182251,6663778 -17268137,618412 -16710590,1941395
-16140597,130226 -16140597,130226 -17209418,5688786 -16669157,6098151
-16095661,7769244 -16095661,7769244 -17181099,2488403 -16626700,3838956
-16077716,0500067 -16077716,0500067 -17116239,8005584 -16574585,5692023
-15997373,4230562 -15997373,4230562 -17037150,1698634 -16520500,9499832
-15982869,3840845 -15982869,3840845 -17056426,030125 -16481960,0754991
-15953750,2737774 -15953750,2737774 -16977448,6235326 -16450726,5017401
-15931339,2024084 -15931339,2024084 -16999029,1783608 -16417674,3888576
-15888550,6715928 -15888550,6715928 -16956558,7160522 -16375061,0010082
-15866069,7366947 -15866069,7366947 -16920702,0674593 -16321843,8477761
-15797084,6950035 -15797084,6950035 -16857323,0799093 -16285547,0834881
-15759419,8565124 -15759419,8565124 -16821788,0184532 -16252561,4065841
-15750077,4637563 -15750077,4637563 -16819995,9860834 -16215069,4837966
-15706800,9688451 -15706800,9688451 -16777051,2861432 -16179039,9353186
-15656588,6730397 -15656588,6730397 -16682657,309559 -16136558,7993374
-15571821,8543715 -15571821,8543715 -16741839,6185082 -16091794,254313
-15512729,0511868 -15512729,0511868 -16603280,4726385 -16038320,2645304
-15498635,9715138 -15498635,9715138 -16566072,5238175 -15994397,2501401
-15484059,159384 -15484059,159384 -16561849,5256042 -15948506,9882072
-15405571,8587014 -15405571,8587014 -16500459,0711564 -15904244,5930456
-15338048,3381423 -15338048,3381423 -16488532,7133544 -15858433,3773689
-15233590,3223186 -15233590,3223186 -16455720,9033223 -15804591,0186522
-15205707,2564197 -15205707,2564197 -16445235,6733744 -15765000,2099853
-15173424,1787097 -15173424,1787097 -16462413,5737712 -15724269,4909488
-15165169,4232265 -15165169,4232265 -16331328,9618112 -15672209,2259678
-15145942,1018322 -15145942,1018322 -16271480,6999805 -15633115,807689
-15134563,4900298 -15134563,4900298 -16275605,3859422 -15603569,606396
-15107575,9637877 -15107575,9637877 -16185813,1754143 -15560301,9731412
-15060136,4405339 -15060136,4405339 -16126417,2453192 -15522884,5963524
-14928303,4594655 -14928303,4594655 -16124553,1781947 -15474284,7650141
-14899778,1786422 -14899778,1786422 -16065633,8235861 -15425525,1897469
-14883276,3772155 -14883276,3772155 -16049447,8130551 -15374650,4339149
-14824049,0403792 -14824049,0403792 -16004160,7089437 -15329223,8427335
-14780287,0362587 -14780287,0362587 -15894308,6921008 -15280345,4990418
-14767740,3198429 -14767740,3198429 -15825672,8500532 -15245217,9353388
-14696365,2478305 -14696365,2478305 -15767574,6199059 -15200852,5275949
-14626575,0075384 -14626575,0075384 -15719202,0770543 -15165258,196403
-14531786,7456058 -14531786,7456058 -15719206,2600626 -15115488,363027
-14512723,2147479 -14512723,2147479 -15676596,1932489 -15065065,3319625
-14490898,5071753 -14490898,5071753 -15639093,751173 -15021731,0548837
-14448881,2268295 -14448881,2268295 -15521441,6998428 -14967713,2285138
-14392073,6365693 -14392073,6365693 -15518639,7691386 -14926038,6710438
-14381537,0237689 -14381537,0237689 -15489593,1059315 -14886653,7440763
-14347943,6696764 -14347943,6696764 -15417759,7630903 -14858146,9081056
-14315231,1541907 -14315231,1541907 -15411111,3233969 -14821905,6372056
-14244086,2467798 -14244086,2467798 -15376456,9007785 -14774095,4252587
-14231914,7007049 -14231914,7007049 -15425373,3471426 -14734431,9414528
-14229044,4935332 -14229044,4935332 -15355306,4047486 -14686238,3728373
-14210547,6405432 -14210547,6405432 -15200585,1116453 -14650276,8158234
-14191359,4277016 -14191359,4277016 -15201643,1424771 -14619036,1221445
-14166987,6247368 -14166987,6247368 -15158774,3689111 -14573635,1487161
-14166242,4852399 -14166242,4852399 -15161667,0368466 -14545546,3976369
-14074388,7231761 -14074388,7231761 -15115416,6047647 -14500031,5536763
-14027554,2220365 -14027554,2220365 -15011256,5970333 -14450053,1160781
-14014750,4565278 -14014750,4565278 -14956441,1662012 -14427195,5682587
-14004723,8627482 -14004723,8627482 -14940198,8871995 -14397853,2061026
-13984820,5836492 -13984820,5836492 -14977526,1607569 -14361975,5713562
-13950669,4318077 -13950669,4318077 -14899986,8857685 -14324539,1700977
-13927142,5289734 -13927142,5289734 -14874718,5944667 -14304906,8052112
-13913220,4284344 -13913220,4284344 -14870194,2947473 -14277646,3369939
-13883702,9306878 -13883702,9306878 -14830413,6491737 -14243972,0444325
-13811158,8424952 -13811158,8424952 -14832825,912135 -14213310,7582462
-13809788,0593485 -13809788,0593485 -14837588,2652776 -14186439,0586715
-13777981,8455589 -13777981,8455589 -14759660,310745 -14131564,9185649
-13691478,4049786 -13691478,4049786 -14849285,6175656 -14109130,4403911
-13656508,885082 -13656508,885082 -14705112,3011961 -14076619,9788722
-13647349,3533587 -13647349,3533587 -14693470,0639049 -14048671,7087896
-13612639,9433485 -13612639,9433485 -14554695,022898 -14021196,0177836
-13589263,0537652 -13589263,0537652 -14564846,4628994 -13988447,8388225
-13538720,6475109 -13538720,6475109 -14571753,4141639 -13950283,3641563
-13532708,7434452 -13532708,7434452 -14477591,9989812 -13920658,0139046
-13509791,3501449 -13509791,3501449 -14384968,4025955 -13894377,3717797
-13488062,257463 -13488062,257463 -14470071,4690007 -13861793,3844816
-13488062,257463 -13488201,0711558 -14395628,3981924 -13832709,2360457
-13439662,9318137 -13439662,9318137 -14479652,1372992 -13800639,7136701
-13409522,1943995 -13409522,1943995 -14371169,0198971 -13768707,2061021
-13383463,7133463 -13383463,7133463 -14354752,4132365 -13735866,950759
-13337709,4677387 -13337709,4677387 -14329415,3309564 -13707272,6398898
-13288479,0827572 -13288479,0827572 -14233075,2819777 -13654974,4652107
-13245931,7244284 -13245931,7244284 -14240670,4458328 -13623998,5108382
-13224091,4842798 -13224091,4842798 -14152216,791192 -13600728,3396717
-13196157,6610424 -13196157,6610424 -14161938,9645172 -13565205,9460096
-13181090,1045435 -13181090,1045435 -14127792,0058334 -13537889,3543613
-13083184,9456608 -13083184,9456608 -14106531,5011813 -13504861,7079977
-13060844,9704287 -13060844,9704287 -14052601,8308631 -13475087,0635081
-13059287,3480637 -13059287,3480637 -13995858,8018154 -13438692,6657053
-13022459,3105336 -13022459,3105336 -13910323,6838307 -13408480,033311
-13001165,0333547 -13001165,0333547 -13924905,7732256 -13370059,4811253
-12981426,2764757 -12981426,2764757 -13893275,3510123 -13343411,0625855
-12949755,7727352 -12949755,7727352 -13865836,2815899 -13304864,7908284
-12933914,8149855 -12933914,8149855 -13797869,6697582 -13270857,2078216
-12885594,2131051 -12885594,2131051 -13724618,7482564 -13238115,9949192
-12824624,4876163 -12824624,4876163 -13683564,7031228 -13197584,0809075
-12796402,7493139 -12796402,7493139 -13663320,7801627 -13180068,5510963
-12785702,1074734 -12785702,1074734 -13578411,435534 -13166716,1301832
-12780030,7013289 -12780030,7013289 -13637676,320793 -13144269,9802946
-12761381,5895313 -12761381,5895313 -13638993,4147091 -13117627,6542206
-12727000,8737878 -12727000,8737878 -13630167,5750987 -13098137,1263421
-12700871,8893842 -12700871,8893842 -13590750,8842681 -13072059,9194227
-12676808,7182168 -12676808,7182168 -13487941,1609063 -13042567,1784606
-12590255,1956793 -12590255,1956793 -13499252,4829195 -13019735,8822588
-12536832,5368799 -12536832,5368799 -13463657,1755043 -12993560,5453849
-12501223,2339458 -12501223,2339458 -13471029,5911964 -12954249,6805521
-12454371,8318519 -12454371,8318519 -13384686,7880157 -12924829,2760919
-12445133,2214114 -12445133,2214114 -13422221,6932496 -12904233,2823062
-12429205,3056817 -12429205,3056817 -13436036,7603592 -12876873,2654939
-12406003,192907 -12406003,192907 -13343326,7497018 -12844093,6342146
-12406003,192907 -12409155,924158 -13417542,9426619 -12824688,0108534
-12406003,192907 -12407215,1769619 -13373150,8042282 -12801120,322131
-12389390,2304032 -12389390,2304032 -13363882,3142211 -12782607,1421042
-12370268,6465489 -12370268,6465489 -13367387,4335998 -12754735,3979133
-12249652,9759223 -12249652,9759223 -13369754,3240325 -12702656,2216153
-12249652,9759223 -12253271,8573326 -13313587,9031349 -12684924,8181104
-12231265,3076568 -12231265,3076568 -13243490,2821118 -12660555,6398268
-12182815,6868097 -12182815,6868097 -13193509,6541367 -12620599,3331199
-12155172,2816107 -12155172,2816107 -13245351,6077276 -12592439,4879469
-12082284,6195058 -12082284,6195058 -13165852,8269702 -12564594,0830703
-12057991,3916006 -12057991,3916006 -13186303,9891846 -12555048,6136706
-12029163,6660642 -12029163,6660642 -13205234,8494693 -12509555,9363239
-12004484,975048 -12004484,975048 -13208824,9825095 -12482561,4973882
-11936581,9876548 -11936581,9876548 -13059429,0280263 -12451627,7315398
-11928562,1531162 -11928562,1531162 -13076507,9457618 -12431597,2915865
-11909132,4282041 -11909132,4282041 -13118981,815386 -12413262,2998934
-11901316,8804717 -11901316,8804717 -13068447,8090112 -12396825,9328943
-11868830,4208565 -11868830,4208565 -13051928,6420791 -12361867,1608888
-11868830,4208565 -11872661,1358765 -13083096,4119813 -12346236,6143757
-11863547,6252333 -11863547,6252333 -12999876,1621426 -12328953,6507224
-11835842,7446498 -11835842,7446498 -12959081,7648543 -12314473,7879073
-11750504,695497 -11750504,695497 -12974635,1607585 -12270810,3603942
-11749546,12985 -11749546,12985 -12905765,9043536 -12245217,3667611
-11728827,1349667 -11728827,1349667 -12854061,840874 -12194843,1968968
-11720633,8570317 -11720633,8570317 -12781395,2901915 -12173313,5596304
-11713940,732931 -11713940,732931 -12713165,0069177 -12134093,2641773
-11670061,1274087 -11670061,1274087 -12734559,0270721 -12105943,3319981
-11662237,4578085 -11662237,4578085 -12740227,5316184 -12073056,8264838
-11656813,1880846 -11656813,1880846 -12661023,0140661 -12054753,34839
-11656641,1511234 -11656641,1511234 -12629280,5156522 -12040379,3869797
-11601163,3372291 -11601163,3372291 -12667431,1940314 -12017835,6302595
-11589131,7201957 -11589131,7201957 -12665745,171975 -11988850,8354743
-11569833,3671031 -11569833,3671031 -12671894,7687602 -11950908,2110645
-11546252,8158453 -11546252,8158453 -12538676,290263 -11935796,6459792
-11527897,3532618 -11527897,3532618 -12514075,2904794 -11911352,5401657
-11526527,9065716 -11526527,9065716 -12506069,0962317 -11885700,1144878
-11489295,3522096 -11489295,3522096 -12460700,4203327 -11864302,5542203
-11423441,1602083 -11423441,1602083 -12473255,1452642 -11834159,9719175
-11420558,9410351 -11420558,9410351 -12426871,4551066 -11827286,8019088
-11394105,1428007 -11394105,1428007 -12515090,9250773 -11794562,1213395
-11394105,1428007 -11405675,2213159 -12418494,4613011 -11763575,557318
-11394054,6237621 -11394054,6237621 -12317728,5286011 -11753971,8869869
-11384680,89721 -11384680,89721 -12267577,6496432 -11726452,6983569
-11334899,7015568 -11334899,7015568 -12254720,916128 -11704615,5604938
-11327110,6795146 -11327110,6795146 -12230083,6013634 -11685262,9342061
-11292551,6723586 -11292551,6723586 -12201924,7646148 -11656477,7007999
-11279282,5807441 -11279282,5807441 -12289756,053135 -11633094,2198963
-11279166,3471819 -11279166,3471819 -12224995,3570352 -11602183,626656
-11264795,1228303 -11264795,1228303 -12157013,1860347 -11573924,8676377
-11256231,7104172 -11256231,7104172 -12112924,0458547 -11562130,483127
-11238670,4951637 -11238670,4951637 -12092645,0228098 -11547104,8077183
-11183112,7488666 -11183112,7488666 -12034974,5257514 -11524959,3898793
-11164170,2317915 -11164170,2317915 -12049709,4084352 -11502231,9182991
-11160251,6830852 -11160251,6830852 -12018529,216879 -11475020,0349998
-11127301,5969888 -11127301,5969888 -11992863,9635246 -11438664,1003741
-11111415,1133394 -11111415,1133394 -11957604,2114749 -11420075,847599
-11041413,2501515 -11041413,2501515 -11891101,6331856 -11373843,5712235
-11031818,7198684 -11031818,7198684 -11856048,69147 -11345932,5815474
-11029512,3346025 -11029512,3346025 -11879232,8646166 -11318227,4154521
-11029512,3346025 -11030446,2621517 -11818425,577026 -11300433,0622159
-11016670,7198401 -11016670,7198401 -11837077,5602495 -11278029,40587
-10996998,76096 -10996998,76096 -11897730,9251518 -11251164,3267041
-10980279,5281757 -10980279,5281757 -11802441,2776683 -11234445,8126397
-10956954,2014359 -10956954,2014359 -11837832,7709762 -11214892,8894901
-10904731,7720768 -10904731,7720768 -11886706,8955488 -11188228,7628167
-10904013,5343411 -10904013,5343411 -11843835,6631133 -11175867,0591392
-10852200,8057855 -10852200,8057855 -11834263,8668293 -11155855,7764614
-10852200,8057855 -10855981,2188176 -11775757,9749124 -11135507,6454354
-10848180,7161307 -10848180,7161307 -11731449,467996 -11115255,7993962
-10796550,0213818 -10796550,0213818 -11807484,7858575 -11091204,6283524
-10762677,4667703 -10762677,4667703 -11724653,499765 -11079134,6265924
-10722931,4261636 -10722931,4261636 -11729768,3093903 -11059076,2516297
-10710627,4853708 -10710627,4853708 -11712624,3519447 -11034723,777619
-10689839,3044225 -10689839,3044225 -11698325,3481027 -11022676,4364179
-10683702,6148344 -10683702,6148344 -11663137,6810677 -10997293,7427457
-10674755,7096262 -10674755,7096262 -11726061,7891173 -10978688,5487838
-10657298,4562599 -10657298,4562599 -11632750,6796784 -10965308,8978456
-10656774,8140728 -10656774,8140728 -11636485,6001426 -10952660,0521481
-10544950,1267654 -10544950,1267654 -11686691,1807396 -10910339,8784798
-10540599,7164645 -10540599,7164645 -11653093,2879794 -10898383,1689107
-10490655,0455371 -10490655,0455371 -11603969,6062973 -10874015,1272963
-10489319,9806408 -10489319,9806408 -11588048,8129627 -10852384,192713
-10472614,523861 -10472614,523861 -11612683,2388845 -10833278,8304118
-10465818,1834885 -10465818,1834885 -11631576,2849464 -10813180,3531174
-10465818,1834885 -10472975,5193907 -11555338,1041578 -10797991,4044979
-10398112,1144109 -10398112,1144109 -11460679,7264078 -10775779,4383854
-10398112,1144109 -10406192,3757066 -11455205,4301388 -10761773,0924624
-10398112,1144109 -10406652,4843367 -11422790,3071957 -10753405,095988
-10382667,2384706 -10382667,2384706 -11424236,521404 -10732414,0805758
-10364373,6240092 -10364373,6240092 -11441369,2194557 -10719307,2211544
-10351681,5030517 -10351681,5030517 -11460021,3310623 -10701354,9233548
-10347980,1153821 -10347980,1153821 -11405897,6165864 -10689277,108435
-10303762,6843034 -10303762,6843034 -11388739,8510986 -10671292,4041933
-10279932,1214575 -10279932,1214575 -11372953,9969029 -10644494,0354996
-10277860,8961428 -10277860,8961428 -11274184,2457885 -10619891,0851651
-10253565,3926028 -10253565,3926028 -11290530,2442941 -10589320,7212367
-10221286,7065093 -10221286,7065093 -11228689,8195332 -10574929,4239669
-10218276,7581655 -10218276,7581655 -11212335,0249263 -10563481,789327
-10207869,6400099 -10207869,6400099 -11169430,5083558 -10552759,5968796
-10148766,7848741 -10148766,7848741 -11213225,3826639 -10534110,3770504
-10129381,2309241 -10129381,2309241 -11151802,1610804 -10515976,4559217
-10129381,2309241 -10136466,029338 -11177386,5075286 -10493099,8911318
-10076034,3625862 -10076034,3625862 -11067493,1959358 -10472327,0083527
-10048932,121932 -10048932,121932 -11088698,2898408 -10451746,5319192
-10048932,121932 -10059405,5483498 -11055373,7364297 -10432119,6541901
-10033216,2006183 -10033216,2006183 -10974383,1439079 -10407508,6087778
-10030030,5952449 -10030030,5952449 -11050779,0787813 -10395611,1211084
-10008352,3475673 -10008352,3475673 -10994734,8802334 -10382107,6740001
-9990160,20911891 -9990160,20911891 -11009133,0727112 -10365046,2121297
-9990160,20911891 -9995534,8782939 -10850405,1120098 -10348405,9017857
-9988057,6784308 -9988057,6784308 -10868495,3846178 -10342768,8791425
-9965068,64744684 -9965068,64744684 -10832074,9806695 -10323168,5538097
-9962921,88399275 -9962921,88399275 -10782797,992508 -10308213,0746618
-9962921,88399275 -9963884,38073361 -10856919,8860331 -10301683,050742
-9962338,01272617 -9962338,01272617 -10830029,2404707 -10287681,4948696
-9955778,06881236 -9955778,06881236 -10757562,4688752 -10273334,5742414
-9955537,84841044 -9955537,84841044 -10807836,469794 -10264675,2103344
-9947571,25444363 -9947571,25444363 -10790933,1338276 -10251513,6319334
-9908005,58534465 -9908005,58534465 -10775124,7018192 -10226042,7521196
-9908005,58534465 -9919059,04072039 -10757621,9833844 -10216875,448677
-9908005,58534465 -9912968,68499789 -10750884,6630654 -10191286,7258491
-9892593,39276379 -9892593,39276379 -10649058,471736 -10181000,0714216
-9879249,77478296 -9879249,77478296 -10657829,0052214 -10159978,6929697
-9868454,76174221 -9868454,76174221 -10661101,7968122 -10149206,7142869
-9868454,76174221 -9870211,99206411 -10592649,3326286 -10135143,7844234
-9857689,87357797 -9857689,87357797 -10582381,367452 -10116249,1446999
-9831873,66192231 -9831873,66192231 -10600588,6746315 -10110924,2701727
-9816698,74103275 -9816698,74103275 -10598918,7660363 -10085508,2609518
-9816698,74103275 -9822636,67005627 -10570139,115211 -10078812,3610609
-9796991,46494539 -9796991,46494539 -10584854,9651003 -10071111,3066449
-9780706,0165763 -9780706,0165763 -10477677,7613455 -10058318,0790318
-9693739,87285956 -9693739,87285956 -10566504,8499346 -10037488,9295732
-9685346,94712606 -9685346,94712606 -10474379,9942642 -10020360,7971294
-9643155,51580348 -9643155,51580348 -10511819,3890312 -9999738,37146743
-9619887,48037764 -9619887,48037764 -10541449,5092634 -9983567,59064955
-9616731,84556501 -9616731,84556501 -10565830,6260861 -9974481,82085447
-9616218,22769116 -9616218,22769116 -10560433,8786708 -9963293,16788917
-9582836,23911436 -9582836,23911436 -10505500,0948842 -9946050,1722846
-9573219,83679311 -9573219,83679311 -10492281,7589908 -9938346,9906064
-9525173,33242177 -9525173,33242177 -10495015,6352369 -9901605,28516514
-9495735,53177647 -9495735,53177647 -10527125,0997797 -9888760,34937052
-9492577,67961602 -9492577,67961602 -10432832,5381252 -9877512,05300173
-9488864,01796266 -9488864,01796266 -10441294,350746 -9860313,64377903
-9399867,76467074 -9399867,76467074 -10507310,9432402 -9842844,88541842
-9399867,76467074 -9401921,33352777 -10466306,1138014 -9829940,3568112
-9385036,34310619 -9385036,34310619 -10415473,5567954 -9810228,23843065
-9361024,11276893 -9361024,11276893 -10402429,2198605 -9788644,4277911
-9301743,30938 -9301743,30938 -10374107,9898261 -9766711,73080595
-9301390,42472091 -9301390,42472091 -10344775,7192242 -9755338,8825708
-9272115,17896998 -9272115,17896998 -10354317,8324342 -9742857,62031622
-9251124,92673713 -9251124,92673713 -10346458,8920315 -9730955,94611121
-9251124,92673713 -9255999,33514007 -10340199,8761534 -9720232,34967287
-9237269,65810509 -9237269,65810509 -10264052,3384316 -9706390,10054232
-9213196,99332744 -9213196,99332744 -10233436,2928785 -9693280,61743767
-9205022,74957418 -9205022,74957418 -10244528,4567973 -9683500,04737245
-9197421,15551827 -9197421,15551827 -10233078,5333352 -9661515,3226846
-9197421,15551827 -9203023,15621748 -10195430,0668164 -9647667,85540695
-9197421,15551827 -9205432,07727196 -10177565,8861867 -9633366,0891779
-9197421,15551827 -9205157,26365312 -10225873,3918348 -9616145,87919852
-9190231,83405154 -9190231,83405154 -10185122,9205714 -9608952,56561205
-9190231,83405154 -9192254,98851362 -10214024,9030185 -9597203,14269717
-9158169,08518337 -9158169,08518337 -10167411,6669961 -9581996,31536785
-9158169,08518337 -9161383,18207079 -10154054,5786028 -9569051,28785958
-9158169,08518337 -9166251,11701301 -10158772,3472545 -9559926,38152809
-9158169,08518337 -9165475,25996856 -10112412,8135551 -9538955,92755276
-9158169,08518337 -9170048,20557652 -10043045,4478954 -9528569,31810648
-9158169,08518337 -9168628,61605909 -9967865,03713305 -9507887,54370302
-9158169,08518337 -9179413,90903734 -9916490,61623993 -9497553,254535
-9158169,08518337 -9168003,55739281 -9930674,61707614 -9489583,1649907
-9158169,08518337 -9164821,83794822 -9929717,7222193 -9474789,6292273
-9158169,08518337 -9158310,46393475 -9896414,84676371 -9449644,947101
-9156315,69639813 -9156315,69639813 -9921996,19410591 -9446662,03179443
-9120252,60509838 -9120252,60509838 -9888443,09997117 -9433528,26565767
-9118386,8532267 -9118386,8532267 -9842702,92592165 -9425434,52361273
-9095164,57830803 -9095164,57830803 -9826808,24941155 -9412819,91447593
-9062662,83367468 -9062662,83367468 -9820613,6341136 -9394170,40074426
-9021040,56165485 -9021040,56165485 -9838914,11786615 -9384644,66672221
-8984040,98119314 -8984040,98119314 -9773898,73739696 -9371476,25330934
-8952635,45375685 -8952635,45375685 -9813449,34752058 -9357804,76570606
-8941111,01477851 -8941111,01477851 -9840381,16385694 -9347452,97370773
-8937925,73844924 -8937925,73844924 -9782731,39313784 -9335256,89080212
-8937925,73844924 -8941663,37609041 -9760234,41947269 -9332608,74134798
-8913614,15568181 -8913614,15568181 -9747960,67925849 -9327914,18057657
-8913614,15568181 -8914080,95717387 -9781715,61613543 -9316536,24513876
-8852665,25512375 -8852665,25512375 -9726464,06294788 -9298931,28192839
-8836258,46755939 -8836258,46755939 -9745360,76085231 -9275727,09991604
-8790267,34073129 -8790267,34073129 -9731415,2451962 -9250752,57457661
-8784341,1914435 -8784341,1914435 -9739507,05699651 -9239991,15123338
-8776421,36430724 -8776421,36430724 -9719536,65326914 -9224256,60948492
-8776022,04373849 -8776022,04373849 -9678367,04639201 -9213135,76138536
-8776022,04373849 -8776750,18161322 -9679939,43853595 -9192436,11428759
-8761865,24933075 -8761865,24933075 -9714818,80256222 -9177556,04914342
-8748932,68766456 -8748932,68766456 -9680513,94146245 -9170769,94951749
-8747528,28066783 -8747528,28066783 -9702291,72663732 -9161656,41463358
-8741888,13144053 -8741888,13144053 -9595516,49116793 -9153505,26469322
-8723965,61470374 -8723965,61470374 -9539797,78291622 -9141357,14887326
-8698511,14631215 -8698511,14631215 -9571431,235951 -9131447,19587429
-8693907,4239448 -8693907,4239448 -9568547,07870553 -9126765,35095724
-8690224,31305478 -8690224,31305478 -9618641,60058164 -9117445,96975054
-8687074,12247195 -8687074,12247195 -9606435,28334901 -9108951,94258586
-8652079,86742093 -8652079,86742093 -9679355,28814401 -9095136,55677461
-8622739,12742896 -8622739,12742896 -9612945,08658762 -9089365,46828016
-8616380,36022881 -8616380,36022881 -9569589,71484162 -9075475,14919119
-8616380,36022881 -8629980,38478891 -9614720,49354093 -9060401,90926463
-8616380,36022881 -8617296,64329447 -9577565,70239954 -9051344,61921532
-8608689,99596594 -8608689,99596594 -9507576,75025692 -9043183,04940099
-8585765,5390549 -8585765,5390549 -9538758,40521814 -9037033,9274224
-8580342,51667363 -8580342,51667363 -9553866,19886241 -9026537,3121696
-8579013,89060322 -8579013,89060322 -9586438,76040312 -9003258,17399986
-8553015,84455473 -8553015,84455473 -9568488,45522454 -8981341,0396116
-8539798,95059153 -8539798,95059153 -9553182,04029938 -8959040,82129601
-8522157,66682491 -8522157,66682491 -9524942,4181095 -8940282,89167571
-8522157,66682491 -8523740,47507822 -9539185,87826208 -8932964,32259386
-8501477,69251567 -8501477,69251567 -9444366,9145242 -8923278,26365915
-8477276,376817 -8477276,376817 -9451170,03686603 -8910614,28614554
-8456355,18115413 -8456355,18115413 -9459511,99417744 -8892729,25012927
-8431135,54672925 -8431135,54672925 -9458023,16816268 -8880790,24626134
-8420624,82170673 -8420624,82170673 -9524768,40063104 -8864724,55052045
-8412020,9558076 -8412020,9558076 -9440849,54586139 -8842427,78616541
-8411444,49884392 -8411444,49884392 -9453079,00547419 -8839500,80910319
-8407966,59102996 -8407966,59102996 -9404079,85289581 -8825536,72487181
-8407966,59102996 -8408654,03948097 -9436114,13113486 -8822259,14661656
-8398931,33970773 -8398931,33970773 -9388011,21397302 -8808079,2978889
-8373519,92802459 -8373519,92802459 -9371581,8294911 -8791889,53056027
-8355488,74734505 -8355488,74734505 -9351305,24654342 -8789420,71296656
-8344074,61653651 -8344074,61653651 -9345185,33885855 -8793487,62359565
-8333560,40668627 -8333560,40668627 -9386102,67601767 -8786530,48474419
-8331560,40668627 -8331560,40668627 -9424253,39203174 -8774535,88963238
-8331560,40668627 -8331645,74546933 -9339629,37017869 -8764484,96550496
-8323673,19721693 -8323673,19721693 -9356635,41119635 -8755678,86560133
-8320832,51277705 -8320832,51277705 -9391197,23308826 -8751321,88545652
-8313250,73263367 -8313250,73263367 -9333534,7470033 -8741307,8922196
-8313250,73263367 -8326078,27136358 -9345186,92158479 -8738868,107158
-8313250,73263367 -8316397,7827001 -9388311,07945206 -8737384,51481306
-8313250,73263367 -8320692,30333539 -9335206,72058965 -8724171,02901947
-8313250,73263367 -8314721,22893817 -9313402,64651412 -8703085,67080167
-8307400,51537667 -8307400,51537667 -9239837,75753786 -8701464,9176843
-8283335,39621954 -8283335,39621954 -9251681,67446264 -8683618,35810971
-8280401,23611116 -8280401,23611116 -9170224,32980103 -8679727,4136152
-8277891,73949161 -8277891,73949161 -9196980,26587124 -8672983,00815708
-8277642,93353403 -8277642,93353403 -9099256,7395617 -8655302,93560043
-8251245,990134 -8251245,990134 -9043498,08641665 -8643392,40207037
-8251245,990134 -8260274,91941827 -9057784,0109381 -8630243,41889906
-8251245,990134 -8290339,01482448 -9068838,0683031 -8627363,38401142
-8251245,990134 -8276476,79520905 -9034883,71601841 -8623994,71432916
-8251245,990134 -8282108,88960536 -9057418,36970582 -8624780,8329581
-8251245,990134 -8280083,72555016 -9052843,88368477 -8618287,05566763
-8251245,990134 -8265854,12557427 -9064110,67149755 -8614712,30019745
-8251245,990134 -8262421,19609688 -9082194,51713893 -8609825,23589761
-8251245,990134 -8263110,1475261 -9048558,00043758 -8608405,98212919
-8249845,58638307 -8249845,58638307 -9057942,38242258 -8600294,48032393
-8182969,93331769 -8182969,93331769 -9020909,12595264 -8577312,26456877
-8182969,93331769 -8185485,02383401 -8993809,85521103 -8574205,67937136
-8122153,8321526 -8122153,8321526 -8943279,53263712 -8548080,96154751
-8121246,78370129 -8121246,78370129 -8935521,90688976 -8537264,1373752
-8110981,93189013 -8110981,93189013 -8973387,59834671 -8531064,94051173
-8110981,93189013 -8120089,3781944 -8943621,56514187 -8527406,10074795
-8058222,45487731 -8058222,45487731 -8946843,3621353 -8512771,87738363
-8037383,99095191 -8037383,99095191 -8902845,27723236 -8501715,82480123
-8035384,14976126 -8035384,14976126 -8981138,95955597 -8488701,6612888
-8028528,45708952 -8028528,45708952 -8919757,5054452 -8483562,85503456
-8028528,45708952 -8033085,48076298 -8922470,74430236 -8472579,10812535
-8010974,04547971 -8010974,04547971 -8892791,58604771 -8462555,71883704
-8010974,04547971 -8012762,23985064 -8926208,85967117 -8447635,13620955
-8009863,69267964 -8009863,69267964 -8908901,2679068 -8438952,02858072
-8006881,13250943 -8006881,13250943 -8889962,51574646 -8436585,69933741
-8002320,96345852 -8002320,96345852 -8868796,51563871 -8431689,80830767
-7996643,10560857 -7996643,10560857 -8945444,58374207 -8426478,48569161
-7996643,10560857 -7996665,8056333 -8861153,93882361 -8416504,4166737
-7996643,10560857 -8007064,44600237 -8872582,92843449 -8407978,65105718
-7996643,10560857 -8010536,62275732 -8852073,4698232 -8408841,92337758
-7996643,10560857 -8004539,63958439 -8895662,94904074 -8399034,98255278
-7996643,10560857 -8007264,21696678 -8847833,3124427 -8387533,93973362
-7996643,10560857 -8029352,93952251 -8892135,87195968 -8383529,9155245
-7996643,10560857 -8024144,73484022 -8828907,11525918 -8381191,41576433
-7996643,10560857 -8017646,79519733 -8848589,79990966 -8372169,49433832
-7996643,10560857 -8015173,42051802 -8812711,39886483 -8353980,75946916
-7996643,10560857 -8007349,18344808 -8893631,71213603 -8348392,96814492
-7996643,10560857 -8007967,98893739 -8824604,98136794 -8341104,87567685
-7994063,27811494 -7994063,27811494 -8804541,29406248 -8325377,73038989
-7982701,09243521 -7982701,09243521 -8752865,908905 -8314926,25119738
-7971283,661088 -7971283,661088 -8784071,02303632 -8292928,87969898
-7970425,9144845 -7970425,9144845 -8697366,7475916 -8294997,72100114
-7956515,79501916 -7956515,79501916 -8695230,80511954 -8279776,61685219
-7954215,44964925 -7954215,44964925 -8644428,04029396 -8266337,38714931
-7948766,25011502 -7948766,25011502 -8666297,05320868 -8263382,26102778
-7941155,049993 -7941155,049993 -8679724,37305736 -8263063,34947111
-7941155,049993 -7942241,54199486 -8677111,65933038 -8245778,24730301
-7919004,092923 -7919004,092923 -8647711,1112242 -8240163,94848751
-7905151,96410335 -7905151,96410335 -8619620,80438099 -8231980,33573434
-7902346,08276246 -7902346,08276246 -8573737,43982657 -8228907,61687395
-7902346,08276246 -7908724,01272449 -8598575,68705622 -8225951,32121588
-7902346,08276246 -7918823,86798427 -8605857,56755684 -8225534,28829858
-7902346,08276246 -7914003,01458548 -8659856,1367268 -8220839,21821236
-7902346,08276246 -7934297,64545004 -8703615,56525142 -8208037,32393542
-7902346,08276246 -7945945,04246094 -8615513,38251195 -8207601,96526396
-7902346,08276246 -7947614,05947314 -8614679,92994465 -8205981,34160593
-7902346,08276246 -7956874,96461116 -8610752,22945793 -8196103,03733407
-7902346,08276246 -7925835,29374217 -8560510,07133386 -8173573,44734772
-7902346,08276246 -7910879,99740336 -8580613,24661626 -8159912,73821268
-7902346,08276246 -7919974,95719993 -8529273,99631801 -8158351,27964379
-7902346,08276246 -7909611,48132313 -8513101,88009988 -8154891,93727958
-7902346,08276246 -7915762,2980604 -8525458,23097258 -8152925,81386169
-7880333,70008271 -7880333,70008271 -8503760,80122815 -8150844,80433698
-7880333,70008271 -7883757,65733811 -8530102,55896205 -8146355,48731053
-7877130,28212499 -7877130,28212499 -8540331,95843955 -8138579,34675892
-7877130,28212499 -7883035,19246166 -8544559,87276903 -8127797,77753645
-7856014,41658321 -7856014,41658321 -8522203,43635014 -8122257,06126878
-7856014,41658321 -7876422,17307708 -8493454,96444142 -8113478,2182748
-7856014,41658321 -7878937,08515721 -8486650,21888208 -8107916,00593187
-7856014,41658321 -7878679,02950319 -8533556,42490598 -8099901,49530525
-7856014,41658321 -7864439,77206808 -8508848,84884287 -8091862,13606532
-7856014,41658321 -7862199,36005128 -8441438,82352847 -8080810,82978248
-7856014,41658321 -7877445,50006629 -8459614,15319828 -8073586,75870409
-7856014,41658321 -7867380,55770337 -8452054,27357779 -8061184,44104188
-7838633,83460792 -7838633,83460792 -8472312,33889676 -8056669,91653706
-7831780,44918078 -7831780,44918078 -8498106,78434807 -8049336,70758812
-7816175,57996242 -7816175,57996242 -8469805,97686044 -8046736,76188506
-7783693,65814741 -7783693,65814741 -8468331,95664802 -8037722,77542006
-7741143,15670159 -7741143,15670159 -8423992,79488548 -8027439,62843023
-7734744,43973 -7734744,43973 -8409842,27738347 -8018396,62442424
-7726228,20898798 -7726228,20898798 -8455583,97069449 -8011902,54845843
-7680681,64053181 -7680681,64053181 -8409141,47774818 -7995791,93309529
-7680681,64053181 -7681621,48927353 -8457219,941669 -7990697,39125085
-7667710,78430482 -7667710,78430482 -8359701,89928081 -7987970,53871835
-7659851,23671786 -7659851,23671786 -8422261,68000714 -7984024,70258174
-7622261,18783073 -7622261,18783073 -8387934,32931158 -7977264,40795119
-7622261,18783073 -7629661,94681818 -8434207,52021081 -7969207,87740771
-7622261,18783073 -7633631,09468512 -8382281,84631239 -7966390,69010733
-7615619,2997053 -7615619,2997053 -8368578,36323494 -7957464,37772762
-7615619,2997053 -7632260,82960844 -8382115,73887841 -7955844,91464819
-7615619,2997053 -7627193,8097361 -8403592,70187999 -7940465,41966458
-7608136,41698889 -7608136,41698889 -8369671,81183756 -7935996,22949918
-7608136,41698889 -7609506,94499314 -8382236,99692142 -7928324,77331336
-7603618,58671429 -7603618,58671429 -8385381,2890107 -7927817,69255181
-7603618,58671429 -7604697,15449934 -8326958,0851487 -7925869,48072936
-7603618,58671429 -7606318,24084125 -8348205,96334628 -7919410,78187206
-7603618,58671429 -7620354,2653725 -8336012,5458869 -7916692,77815615
-7603618,58671429 -7618038,44064012 -8343631,74491736 -7905442,16811638
-7603618,58671429 -7619525,24847555 -8352426,55350464 -7903747,68007625
-7603618,58671429 -7617917,65853836 -8360374,24216667 -7905282,08602236
-7603618,58671429 -7616952,92573082 -8378370,80004329 -7902778,57996133
-7603618,58671429 -7615914,46517255 -8370875,82526542 -7891128,86215804
-7603618,58671429 -7620107,28354528 -8402499,49630093 -7889704,36864769
-7603618,58671429 -7627521,48359082 -8371437,49867827 -7885046,97729002
-7603618,58671429 -7625669,17405362 -8322389,89560245 -7874200,71105613
-7603618,58671429 -7620785,36071368 -8328675,18996705 -7864669,93908924
-7603618,58671429 -7618326,81520573 -8317545,65279068 -7865408,03167509
-7603618,58671429 -7614509,78002794 -8341534,93981914 -7854634,96046384
-7603618,58671429 -7611196,08302951 -8352132,05119894 -7851102,29201707
-7603618,58671429 -7612672,8249904 -8338948,34448636 -7840377,3478191
-7585373,50109136 -7585373,50109136 -8316907,51406613 -7828031,04702152
-7577573,13277727 -7577573,13277727 -8307177,3349262 -7823071,78133901
-7563966,71738558 -7563966,71738558 -8329789,94347873 -7826150,68790079
-7553084,10974022 -7553084,10974022 -8310028,36236888 -7829627,99148779
-7541603,39052218 -7541603,39052218 -8355059,25889342 -7823030,98530463
-7541603,39052218 -7542586,78809376 -8271337,14949897 -7814096,91887267
-7541603,39052218 -7542945,99671206 -8292503,28527977 -7809374,61675896
-7541603,39052218 -7564926,67390557 -8331126,95340531 -7804591,2064748
-7541603,39052218 -7566191,2979934 -8298691,13399467 -7795442,21919539
-7541603,39052218 -7565810,52078295 -8317746,1741231 -7790999,28992019
-7510932,02262659 -7510932,02262659 -8325537,2809541 -7778241,10855149
-7502198,23098062 -7502198,23098062 -8251005,80381021 -7773553,9958581
-7501878,59988479 -7501878,59988479 -8243378,2109238 -7772535,58463452
-7501878,59988479 -7502112,53702567 -8282824,47520071 -7768332,92905013
-7497884,43369966 -7497884,43369966 -8279888,74679117 -7763060,22963538
-7497884,43369966 -7506817,34158038 -8311312,83098261 -7760675,33751839
-7497884,43369966 -7512316,70212896 -8209530,6804654 -7758813,03217275
-7490002,23079443 -7490002,23079443 -8235119,83998789 -7749056,50523346
-7470168,10194753 -7470168,10194753 -8222725,51640189 -7745774,77075329
-7440429,9584844 -7440429,9584844 -8273105,50714716 -7728014,53831521
-7440429,9584844 -7445131,52060312 -8243643,90488895 -7729253,79929012
-7440429,9584844 -7450470,17148046 -8302615,24941104 -7725978,64977812
-7439451,83111433 -7439451,83111433 -8301055,98938822 -7720365,87435807
-7439451,83111433 -7442417,54078923 -8264515,98886238 -7714746,74953848
-7435051,33195438 -7435051,33195438 -8243530,35657109 -7713554,28687175
-7435051,33195438 -7453127,5912854 -8252234,31121575 -7709412,73871884
-7435051,33195438 -7455642,61238702 -8263413,0927101 -7704083,63911057
-7435051,33195438 -7449416,32044327 -8168129,03095123 -7701181,67424579
-7435051,33195438 -7449296,67101934 -8218738,4406391 -7695576,42697573
-7407816,44599445 -7407816,44599445 -8215895,4108478 -7686633,32077991
-7407816,44599445 -7412229,3984488 -8168112,99645345 -7681135,01594867
-7407816,44599445 -7410493,67048022 -8159741,10756569 -7674442,95363203
-7400217,58609079 -7400217,58609079 -8189578,21439278 -7670625,03172159
-7386595,68372505 -7386595,68372505 -8160625,6725872 -7651407,52401676
-7386595,68372505 -7391677,50324784 -8137302,0899494 -7653086,07316157
-7386595,68372505 -7392096,87798123 -8150797,97897839 -7647431,54661535
-7386595,68372505 -7390067,74961859 -8157392,90733357 -7638688,75405543
-7381635,38413888 -7381635,38413888 -8176061,53489983 -7631809,93044361
-7374452,64898836 -7374452,64898836 -8144341,87336074 -7624814,13986434
-7374452,64898836 -7388527,26320167 -8149764,2304691 -7625234,70043399
-7366448,51908909 -7366448,51908909 -8139699,89276051 -7605919,64611208
-7366448,51908909 -7387374,3190734 -8101594,35882843 -7604602,33599255
-7366448,51908909 -7390371,83397054 -8087279,84973437 -7596485,00842159
-7366448,51908909 -7394650,56922994 -8132909,59550429 -7590850,37070996
-7366448,51908909 -7397120,27976341 -8114391,53036785 -7590330,75783634
-7366448,51908909 -7389462,52375653 -8066395,00956435 -7579761,25153178
-7366448,51908909 -7378197,04489057 -8071884,50636858 -7573288,83243782
-7366448,51908909 -7370565,73724554 -8042279,62710425 -7563825,11053104
-7366448,51908909 -7371593,10676488 -8088699,04581339 -7561234,13639502
-7360850,32099991 -7360850,32099991 -8023533,00840337 -7553311,89711172
-7327600,98857342 -7327600,98857342 -8060952,69588091 -7552308,98863206
-7310838,04267614 -7310838,04267614 -8049967,977965 -7531909,2146116
-7293957,68314604 -7293957,68314604 -8049836,53393595 -7523825,17285673
-7293957,68314604 -7294364,97043071 -8090070,43151247 -7513787,224168
-7287247,22426896 -7287247,22426896 -8009990,13723904 -7514935,77630039
-7283749,36459027 -7283749,36459027 -8067522,68387004 -7502903,27924694
-7279469,158412 -7279469,158412 -7988085,82463613 -7497593,31487136
-7278180,5423063 -7278180,5423063 -8043094,67702791 -7489850,44112391
-7278180,5423063 -7306708,68389227 -7987667,61787097 -7493524,68979178
-7278180,5423063 -7301716,96801545 -7949849,57684083 -7483084,83618164
-7278180,5423063 -7291039,01678847 -8007177,76877074 -7472850,48126749
-7278180,5423063 -7284515,09192197 -7975533,01360909 -7473727,29688991
-7278180,5423063 -7278276,40221367 -7955260,86287481 -7468919,29581415
-7278180,5423063 -7278506,38218354 -7912610,73145723 -7456961,39294416
-7278180,5423063 -7299688,1331535 -7878239,31206559 -7464310,52035464
-7246276,33113632 -7246276,33113632 -7806539,50345183 -7451607,58752308
-7246276,33113632 -7253605,14149186 -7824067,2454032 -7451712,29347323
-7236453,97044912 -7236453,97044912 -7889193,02656154 -7441075,39408999
-7233696,05154446 -7233696,05154446 -7823459,62514629 -7435493,10942662
-7231412,92992923 -7231412,92992923 -7849749,54210285 -7429555,91846254
-7226073,22542206 -7226073,22542206 -7854162,13917064 -7423938,81668594
-7216314,32331002 -7216314,32331002 -7841008,66183035 -7428151,01647988
-7206531,48169114 -7206531,48169114 -7821862,5495919 -7426535,02108042
-7145414,62732652 -7145414,62732652 -7860985,69991942 -7415300,79571711
-7139982,93466285 -7139982,93466285 -7838067,14093694 -7404512,04736421
-7124113,45663613 -7124113,45663613 -7844597,79841036 -7404833,10909699
-7119096,10268741 -7119096,10268741 -7836469,64277747 -7404036,94005682
-7102269,87533678 -7102269,87533678 -7841290,00321186 -7397631,82382387
-7089589,80371275 -7089589,80371275 -7806954,59231997 -7389415,34949978
-7089510,18913582 -7089510,18913582 -7804901,90604225 -7386374,98677841
-7072053,41374044 -7072053,41374044 -7772518,66378405 -7381502,94724351
-7069057,45138157 -7069057,45138157 -7794993,15929443 -7376535,70968452
-7060777,92901451 -7060777,92901451 -7805719,60505172 -7370548,0861892
-7059312,943554 -7059312,943554 -7862448,23783064 -7370553,35824541
-7037037,63718693 -7037037,63718693 -7850657,88631048 -7365220,38312917
-7022286,54783246 -7022286,54783246 -7853440,88027417 -7364521,15438863
-7016036,95501684 -7016036,95501684 -7826879,45957919 -7356879,04385204
-7006799,25490616 -7006799,25490616 -7857551,03525186 -7358882,07432528
-6983602,38123999 -6983602,38123999 -7819592,35407964 -7351605,54525343
-6978866,27254639 -6978866,27254639 -7866280,40105799 -7345106,18978491
-6967223,29993064 -6967223,29993064 -7839677,26622409 -7344288,08903945
-6967223,29993064 -6972484,77670792 -7846219,40006784 -7344966,23740558
-6967223,29993064 -6977442,93530063 -7856984,45679992 -7343148,88948035
-6967223,29993064 -6980064,67586274 -7848355,39896196 -7334347,38684195
-6967223,29993064 -6979438,22525878 -7851285,33832024 -7332288,90593565
-6967223,29993064 -6977410,67777327 -7828950,49910788 -7323458,1081997
-6966656,24147089 -6966656,24147089 -7872309,75760039 -7318864,85086126
-6961619,02510955 -6961619,02510955 -7810169,47766707 -7317584,31556878
-6957714,60728203 -6957714,60728203 -7853137,45615804 -7312356,27344687
-6931402,54871055 -6931402,54871055 -7814578,2328647 -7304262,6418337
-6929673,37270745 -6929673,37270745 -7782625,74738577 -7305581,10683472
-6929673,37270745 -6939155,11057056 -7748607,09484688 -7302284,98303982
-6918727,79893491 -6918727,79893491 -7747563,89064039 -7301797,48582144
-6918727,79893491 -6922694,51349436 -7799513,72808406 -7302895,46724119
-6918727,79893491 -6934228,70874545 -7802010,48892402 -7307172,41227334
-6918727,79893491 -6924218,185379 -7849958,06354111 -7301963,42840818
-6918727,79893491 -6975541,80421184 -7798218,643695 -7313325,6147882
-6918727,79893491 -6973457,81555949 -7797769,24002734 -7306026,26023848
-6918727,79893491 -6975488,18468804 -7823345,35141316 -7298937,61905645
-6918727,79893491 -6978951,11202833 -7760809,88189892 -7295767,11197193
-6918727,79893491 -6958735,14591649 -7820725,49773244 -7289250,72165119
-6918727,79893491 -6948425,09183029 -7751541,27910784 -7290012,64671106
-6918727,79893491 -6949773,49217259 -7807500,458325 -7279825,72938813
-6918727,79893491 -6961748,27463708 -7759901,61521938 -7274115,15569447
-6918727,79893491 -6962251,23371419 -7674039,28489606 -7277216,60419941
-6918727,79893491 -6966718,29381581 -7751715,22690325 -7282692,0897966
-6918727,79893491 -6976225,21582352 -7741667,41983371 -7281861,39176848
-6918727,79893491 -6970218,92155169 -7698010,34523258 -7277323,5157657
-6918727,79893491 -6972392,91508782 -7716570,40020005 -7261116,56401494
-6918727,79893491 -6984749,50026117 -7627178,04811736 -7267461,05338035
-6918727,79893491 -6972752,07517967 -7613820,55584777 -7262451,28426261
-6918727,79893491 -6966198,7971569 -7562172,40695791 -7258840,91921879
-6918727,79893491 -6922299,13519767 -7598804,78934259 -7250430,65827908
-6918727,79893491 -6925895,1535774 -7595857,28058788 -7248092,20566315
-6918727,79893491 -6931933,63791887 -7612725,20531456 -7241923,08154461
-6918727,79893491 -6932811,55438473 -7539668,1646952 -7237126,80985262
-6918727,79893491 -6933938,42004949 -7562673,73159194 -7233415,74694908
-6918727,79893491 -6930053,94204563 -7563974,32293568 -7226854,57221252
-6907307,38513273 -6907307,38513273 -7542233,80445531 -7219494,60802535
-6907307,38513273 -6927375,83238133 -7551754,34262051 -7218629,64907831
-6907307,38513273 -6908592,12772406 -7554606,50729812 -7212185,6989894
-6907025,24597661 -6907025,24597661 -7549780,47494223 -7215183,85932008
-6895214,41576983 -6895214,41576983 -7595435,5283568 -7208601,27337936
-6893484,31345267 -6893484,31345267 -7553606,08868405 -7207052,4796765
-6893484,31345267 -6898241,92287498 -7505214,07613335 -7196822,83513941
-6890804,31413249 -6890804,31413249 -7536485,94833144 -7191338,26697236
-6889917,84516927 -6889917,84516927 -7588160,81437842 -7185814,41311217
-6889917,84516927 -6894505,56260748 -7544958,35519199 -7181894,06107091
-6873087,32342213 -6873087,32342213 -7603469,37215017 -7163406,49555839
-6872367,44184612 -6872367,44184612 -7502909,40719413 -7154658,97006122
-6867905,81522099 -6867905,81522099 -7503995,48314601 -7149729,05314661
-6864762,11971655 -6864762,11971655 -7511726,41661063 -7148253,46559418
-6864762,11971655 -6871891,07822828 -7486604,08906175 -7148699,56598198
-6860963,04473478 -6860963,04473478 -7524243,45694576 -7147580,08545835
-6850268,18578429 -6850268,18578429 -7511413,94882123 -7136211,15533632
-6850268,18578429 -6855546,84670031 -7513495,04767575 -7131653,01600862
-6850268,18578429 -6856720,25639018 -7483495,79771812 -7133263,86674096
-6848187,33354773 -6848187,33354773 -7488848,17086391 -7128466,29758564
-6848187,33354773 -6859190,7373839 -7479216,64399981 -7135734,17406619
-6848187,33354773 -6851280,75037996 -7550246,06011725 -7134226,87049043
-6840584,03137881 -6840584,03137881 -7529306,60699951 -7129407,86702519
-6837442,40446885 -6837442,40446885 -7464341,52382898 -7123262,90759896
-6834616,98192734 -6834616,98192734 -7527218,3566074 -7112596,02420689
-6823567,55057531 -6823567,55057531 -7499378,63354764 -7104351,93759765
-6817365,47184647 -6817365,47184647 -7504225,53006004 -7099300,14853321
-6817365,47184647 -6825175,35889245 -7511612,35413459 -7094201,97699792
-6817365,47184647 -6821917,71949994 -7505525,57913346 -7088560,34358622
-6812913,02882103 -6812913,02882103 -7485434,59044686 -7083844,13111298
-6750155,25895946 -6750155,25895946 -7438148,86685606 -7075359,82605328
-6750155,25895946 -6757326,1244012 -7479458,85508786 -7075380,32755634
-6742559,78654428 -6742559,78654428 -7429003,70691064 -7067997,93838746
-6732678,61155326 -6732678,61155326 -7444977,7534791 -7064717,47543872
-6732678,61155326 -6744175,7420628 -7453502,7202208 -7068045,11614011
-6732200,95959831 -6732200,95959831 -7456211,7774995 -7066399,34352304
-6730105,29879421 -6730105,29879421 -7455791,95988582 -7059042,82588305
-6730105,29879421 -6741144,62249947 -7494851,24021837 -7062086,20492323
-6730105,29879421 -6736875,43690146 -7464976,25888406 -7064739,22413045
-6720722,8667069 -6720722,8667069 -7450801,20114298 -7055547,5164344
-6720722,8667069 -6722266,53154421 -7467410,18801673 -7053696,31283868
-6717095,00569403 -6717095,00569403 -7464987,11606922 -7044825,40866301
-6715193,77377358 -6715193,77377358 -7459583,55717658 -7044424,58975881
-6715193,77377358 -6717193,17010761 -7415226,10201253 -7041972,50449712
-6712065,77627066 -6712065,77627066 -7458843,68973668 -7037634,54736975
-6694214,02692923 -6694214,02692923 -7419068,46475984 -7034823,29403208
-6694214,02692923 -6699441,88322417 -7472419,79112462 -7034617,16887189
-6687205,74166048 -6687205,74166048 -7494531,57606653 -7027252,98279168
-6687205,74166048 -6698406,55589662 -7501596,93763486 -7020042,14187763
-6687205,74166048 -6695950,84273229 -7430909,06863184 -7015415,39077661
-6687205,74166048 -6695602,53242246 -7431276,15148001 -7012371,22742761
-6687205,74166048 -6702497,63071624 -7426720,64905496 -7011060,7767301
-6687205,74166048 -6701718,42735067 -7415736,28394043 -7015158,92606516
-6687205,74166048 -6718086,72603426 -7429552,62421654 -7010271,60925614
-6687205,74166048 -6694443,62618943 -7425650,70608898 -7006322,07279631
-6687205,74166048 -6690188,97057308 -7370624,19718322 -7010648,72878545
-6669040,24770553 -6669040,24770553 -7420630,19336813 -7006160,35324675
-6644355,10408529 -6644355,10408529 -7391804,61261484 -6997280,69053876
-6643168,60596402 -6643168,60596402 -7378940,46564667 -6995482,27415819
-6643168,60596402 -6644256,02616851 -7399769,25179622 -6995139,42753458
-6634725,96789005 -6634725,96789005 -7376527,458162 -6987319,48505365
-6634725,96789005 -6636677,63349673 -7408329,89899627 -6980732,34463677
-6633798,1173159 -6633798,1173159 -7339430,79212625 -6974576,93672059
-6620782,32017266 -6620782,32017266 -7362268,70336233 -6976992,01130024
-6619022,93202623 -6619022,93202623 -7366024,6878889 -6977944,2937005
-6613169,04999484 -6613169,04999484 -7357257,37855771 -6970745,05629406
-6608101,83337047 -6608101,83337047 -7320509,1000888 -6973074,91408873
-6598207,03300468 -6598207,03300468 -7366289,58700813 -6974315,75058468
-6595284,28729632 -6595284,28729632 -7369988,48184108 -6964669,00071146
-6595046,56979384 -6595046,56979384 -7349285,26459178 -6961825,35296036
-6574098,5356734 -6574098,5356734 -7354123,11759586 -6953534,51101075
-6574098,5356734 -6582298,88273538 -7311642,16650916 -6952534,86674722
-6574098,5356734 -6580424,46527643 -7336737,62406289 -6948469,53393551
-6574098,5356734 -6595263,31244361 -7326309,66551271 -6945572,19362207
-6574098,5356734 -6592676,80373748 -7300444,73524867 -6942035,06300402
-6574098,5356734 -6601547,84374702 -7304165,26764541 -6937125,63711922
-6574098,5356734 -6600817,5084802 -7326060,55804828 -6936096,1423371
-6574098,5356734 -6613713,07693784 -7290632,48879264 -6937284,25765353
-6574098,5356734 -6626936,44267775 -7265273,80551342 -6934301,70348723
-6574098,5356734 -6636129,12514976 -7261556,39986743 -6935326,97616939
-6574098,5356734 -6632786,12952912 -7218657,42257856 -6932111,8194677
-6574098,5356734 -6636814,52736231 -7257999,82247103 -6933635,08392635
-6574098,5356734 -6628199,212568 -7269471,30700808 -6931835,00072619
-6574098,5356734 -6628869,0828293 -7245269,56521057 -6931856,5616015
-6574098,5356734 -6624012,59756325 -7252348,18435489 -6930232,04341727
-6574098,5356734 -6622794,46744605 -7206248,7454941 -6927776,16716785
-6574098,5356734 -6627755,07656404 -7231643,21520243 -6926992,66569944
-6574098,5356734 -6624550,38883985 -7223687,07084012 -6915728,08165062
-6574098,5356734 -6609042,82984103 -7271325,12458412 -6906909,20357016
-6574098,5356734 -6607820,46123504 -7260831,99083795 -6901803,21253027
-6574098,5356734 -6610634,81773225 -7235974,03534118 -6895385,09084483
-6574098,5356734 -6634870,48663524 -7203974,54309032 -6890428,04430599
-6574098,5356734 -6634960,13438018 -7198318,35125669 -6883026,55093531
-6574098,5356734 -6642221,95974872 -7161691,25301543 -6883158,31716848
-6574098,5356734 -6650863,81187779 -7199910,9231819 -6884196,30937133
-6574098,5356734 -6634045,07671224 -7217527,45206318 -6876377,06453541
-6574098,5356734 -6632891,73353203 -7214884,01173554 -6876897,30945086
-6574098,5356734 -6635640,56251361 -7229524,91569146 -6872574,24950055
-6574098,5356734 -6599875,88141383 -7220925,54197657 -6861260,12115531
-6574098,5356734 -6594428,94405674 -7246717,31385205 -6856088,07988477
-6569469,07414174 -6569469,07414174 -7203165,49244574 -6852752,1884466
-6569303,66487964 -6569303,66487964 -7180839,68413108 -6854541,61838427
-6558465,11118646 -6558465,11118646 -7209102,32244442 -6847470,80409459
-6558465,11118646 -6558619,31075167 -7161181,44121245 -6842979,21321741
-6558465,11118646 -6565968,789133 -7158140,61693394 -6845457,32014281
-6558465,11118646 -6561460,43567611 -7172962,06395862 -6843096,87181869
-6558465,11118646 -6571955,59429218 -7226622,58205096 -6840377,1120333
-6558465,11118646 -6574332,56130986 -7173374,97912877 -6841192,74369653
-6558465,11118646 -6569075,47838349 -7159096,57751041 -6832862,15082934
-6558465,11118646 -6563667,73756431 -7128564,99833677 -6828464,62471015
-6558465,11118646 -6564510,07974944 -7132044,86818169 -6821979,44119606
-6558465,11118646 -6580091,82476947 -7165906,84036305 -6820508,51601008
-6558465,11118646 -6578982,8306184 -7165553,06335059 -6816890,32703863
-6558465,11118646 -6592900,16117434 -7183799,41084758 -6818548,88570592
-6558465,11118646 -6599869,25085777 -7201898,42229768 -6820418,26010001
-6558465,11118646 -6615226,50513051 -7191663,06450054 -6823167,61820195
-6558465,11118646 -6618692,40617384 -7156179,30148697 -6813121,69331945
-6558465,11118646 -6616033,49057749 -7199986,55143456 -6810918,59666826
-6558465,11118646 -6613225,64277058 -7167736,57303322 -6807002,23473476
-6558465,11118646 -6581257,03767966 -7166453,24340358 -6804413,54257847
-6558465,11118646 -6579512,02806581 -7211704,42387112 -6805399,18525439
-6558465,11118646 -6590605,90536895 -7163184,98508278 -6807913,37950985
-6558465,11118646 -6600013,25218332 -7160513,23959504 -6806956,58484049
-6558465,11118646 -6593323,03331623 -7138934,30640202 -6802129,47973543
-6558465,11118646 -6593221,03325412 -7150243,5907812 -6801838,78894229
-6558465,11118646 -6591577,0642763 -7171305,56852195 -6797266,86347577
-6558465,11118646 -6581462,0280289 -7190965,00422512 -6788352,61548495
-6558465,11118646 -6584638,03491286 -7183012,2102533 -6788819,5469774
-6558465,11118646 -6583074,37592866 -7189715,33308696 -6782761,6143846
-6558465,11118646 -6584137,41558214 -7186641,53888955 -6774159,43561795
-6558465,11118646 -6576651,61566956 -7194678,82846399 -6772532,57331826
-6558465,11118646 -6585100,09916638 -7138370,67108978 -6769073,89185372
-6558465,11118646 -6573525,75792493 -7138210,49880879 -6767169,3288681
-6512199,65563651 -6512199,65563651 -7171069,39732063 -6758352,02758825
-6512199,65563651 -6514843,00988653 -7171750,70379505 -6755268,06435655
-6482205,25088129 -6482205,25088129 -7186756,51587751 -6749485,83566506
-6481352,02467961 -6481352,02467961 -7200126,23505345 -6746264,51145993
-6481352,02467961 -6485944,1042348 -7208569,13638417 -6747241,38732945
-6479177,30193548 -6479177,30193548 -7191821,57662505 -6741712,38768577
-6470715,43794031 -6470715,43794031 -7147300,99940322 -6733227,37111165
-6469895,52817227 -6469895,52817227 -7155249,5050639 -6734837,7516277
-6464390,19015727 -6464390,19015727 -7126902,76284526 -6728208,51697546
-6446265,27132394 -6446265,27132394 -7117358,57403191 -6720715,0914032
-6433148,78358112 -6433148,78358112 -7094626,1212278 -6717906,73905612
-6412017,18735276 -6412017,18735276 -7100570,45908055 -6709844,63698246
-6410895,21885663 -6410895,21885663 -7142739,16117741 -6710300,08554744
-6406682,41508234 -6406682,41508234 -7097258,40101147 -6710741,13097114
-6404124,35752011 -6404124,35752011 -7094097,61457427 -6711900,39432228
-6380859,39199195 -6380859,39199195 -7097018,40262642 -6709468,75986634
-6379681,6630854 -6379681,6630854 -7040276,24244601 -6705907,48464574
-6373391,42691301 -6373391,42691301 -7081216,69701452 -6700478,17931872
-6367951,14771796 -6367951,14771796 -7114693,6048074 -6705474,51702788
-6356304,55797136 -6356304,55797136 -7109051,11879288 -6699048,85189462
-6348995,00053283 -6348995,00053283 -7137962,86217397 -6695017,69395205
-6348995,00053283 -6349288,7730581 -7128933,05483674 -6691486,79052418
-6348627,16151255 -6348627,16151255 -7114955,98548778 -6684348,91144471
-6314574,88712949 -6314574,88712949 -7152030,03764422 -6679539,39980249
-6314574,88712949 -6349733,56664627 -7147779,16123199 -6680723,26875175
-6314574,88712949 -6347152,31538439 -7135315,57148269 -6672981,42687927
-6314574,88712949 -6345949,2114751 -7157766,56790141 -6671433,51021573
-6314574,88712949 -6341846,22490085 -7127684,97498583 -6665607,92622666
-6314574,88712949 -6346145,86866638 -7145683,4347634 -6656821,63749906
-6314574,88712949 -6346405,75415221 -7116719,82260006 -6650134,52743865
-6314574,88712949 -6347751,79661131 -7197984,83106507 -6642864,40631537
-6314574,88712949 -6326746,74198309 -7159097,54444488 -6642981,51855379
-6314574,88712949 -6327188,00217562 -7153833,12466819 -6641479,13366497
-6314574,88712949 -6330156,29221344 -7142527,96478032 -6642050,77201421
-6285435,83397569 -6285435,83397569 -7127694,14475199 -6636735,37612799
-6234267,22591771 -6234267,22591771 -7192782,47421236 -6626582,47329399
-6234267,22591771 -6237731,52340443 -7203702,36401939 -6628705,97843573
-6234267,22591771 -6245670,42237263 -7191468,5898251 -6630291,93095275
-6234267,22591771 -6240206,3465122 -7168652,43267308 -6625120,45891909
-6234267,22591771 -6239576,20196817 -7178304,35381864 -6623126,47443084
-6234267,22591771 -6240300,88460549 -7115863,81651033 -6622709,4020735
-6234267,22591771 -6251940,11782299 -7159143,34677744 -6619544,83004883
-6234267,22591771 -6248836,00820772 -7115434,54977076 -6621980,30873681
-6234267,22591771 -6252740,8840466 -7156623,17959097 -6622679,91605022
-6234267,22591771 -6252264,15407292 -7123904,65534216 -6622261,32946154
-6234267,22591771 -6260296,7033937 -7113371,77996586 -6628542,27931441
-6234267,22591771 -6290019,66872447 -7148018,69633238 -6622562,05507007
-6234267,22591771 -6287587,33305039 -7131446,03346372 -6624763,51346593
-6234267,22591771 -6285956,8259971 -7195354,38932008 -6616619,17411636
-6234267,22591771 -6298075,37094639 -7167443,45334671 -6618048,38981134
-6234267,22591771 -6305582,47312931 -7179089,31900874 -6617886,12867948
-6234267,22591771 -6301393,06819312 -7216835,82239004 -6612797,46401636
-6234267,22591771 -6285959,51349564 -7208680,49764414 -6603299,94366526
-6234267,22591771 -6264786,37053966 -7184665,5321389 -6598019,82437584
-6234267,22591771 -6260641,68123434 -7151368,31336009 -6596728,99113957
-6234267,22591771 -6258396,77872612 -7152157,33305768 -6597587,144022
-6234267,22591771 -6255810,37231896 -7135777,90204388 -6596622,35649449
-6234267,22591771 -6247044,38042649 -7100293,23989415 -6595050,93359504
-6234267,22591771 -6253233,20379757 -7126726,0648297 -6588750,96344512
-6234267,22591771 -6259895,44494296 -7126176,71589546 -6579541,35811622
-6234267,22591771 -6267798,05918694 -7098708,2971915 -6578857,65273626
-6234267,22591771 -6268066,47359952 -7076083,34729939 -6578758,12095737
-6234267,22591771 -6261714,05691925 -7129986,60393373 -6581832,51696683
-6234267,22591771 -6259386,78337186 -7113218,86786427 -6580256,06523578
-6234267,22591771 -6285115,00677193 -7143859,42690346 -6578716,59612066
-6234267,22591771 -6280108,46522204 -7135040,54449842 -6579204,04996639
-6234267,22591771 -6289273,40235511 -7100359,40904403 -6578642,29925415
-6234267,22591771 -6292491,49892103 -7105890,10872867 -6576608,51475301
-6234267,22591771 -6295035,54347404 -7121013,29138013 -6573426,21714041
-6234267,22591771 -6285636,31333712 -7139269,02052877 -6566476,22124509
-6234267,22591771 -6287126,53935272 -7175173,77011283 -6563126,90806723
-6234267,22591771 -6288261,69861065 -7082408,80800544 -6555558,2846481
-6234267,22591771 -6296896,65669465 -7159580,55058021 -6555677,1531776
-6234267,22591771 -6297856,08991147 -7135949,12079276 -6556426,96935267
-6234267,22591771 -6292997,93138552 -7121272,73333585 -6557684,8230124
-6234267,22591771 -6299110,6504375 -7139097,96887395 -6554901,39360552
-6234267,22591771 -6298100,89289402 -7127814,74986097 -6550573,00291642
-6234267,22591771 -6304794,67214801 -7121070,01158363 -6547913,15019759
-6234267,22591771 -6299165,50913839 -7122532,88768826 -6548538,45002699
-6234267,22591771 -6300034,35153006 -7095749,99401533 -6546032,45898324
-6234267,22591771 -6300506,35741401 -7084423,00024032 -6540356,0262483
-6234267,22591771 -6297886,69112187 -7102214,97145468 -6540216,22955901
-6234267,22591771 -6301164,78481499 -7106789,5089787 -6540067,06339989
-6234267,22591771 -6317079,94797532 -7079883,04850539 -6542390,57344969
-6234267,22591771 -6320412,1976486 -7100398,19974956 -6534328,98097901
-6234267,22591771 -6321099,62518808 -7079468,34124892 -6536641,48405695
-6234267,22591771 -6315072,23005342 -7097426,87435081 -6535309,09286828
-6234267,22591771 -6315431,0557932 -7052456,49546153 -6529595,41340338
-6234267,22591771 -6319379,50602372 -7038354,58398637 -6528144,82391851
-6234267,22591771 -6300624,32884642 -7054144,65918909 -6519197,96555771
-6234267,22591771 -6294510,24148816 -7050139,30141916 -6520201,35909846
-6234267,22591771 -6309361,42381157 -7036273,62498948 -6522750,32926607
-6234267,22591771 -6308551,13975108 -7059668,62559096 -6523451,40332496
-6234267,22591771 -6321121,97023558 -7049673,55130298 -6520870,48396675
-6234267,22591771 -6324952,92213044 -7098949,75420207 -6517208,76012053
-6234267,22591771 -6316039,3605491 -7107287,19283111 -6512472,70790593
-6234267,22591771 -6317021,28946891 -6992781,56153425 -6515101,17824459
-6234267,22591771 -6310383,57371171 -7051897,62008918 -6509547,09474805
-6234267,22591771 -6308243,03800917 -7047977,85711633 -6497385,63262809
-6234267,22591771 -6317983,39076349 -6952221,1001264 -6497381,0978675
-6234267,22591771 -6320479,10171746 -6927098,85443003 -6499293,33918558
-6234267,22591771 -6313552,61662671 -6993115,52229909 -6508248,93969759
-6234267,22591771 -6329962,72156212 -6983081,88886412 -6505106,23482762
-6234267,22591771 -6329519,29247853 -6967101,29886705 -6508083,17499097
-6234267,22591771 -6332576,7080779 -6993351,46803979 -6507330,7048672
-6234267,22591771 -6326341,88643144 -7010901,30512038 -6505033,02173124
-6234267,22591771 -6318439,27218746 -7064013,66520276 -6501550,83098215
-6234267,22591771 -6314409,01364646 -6977420,69699713 -6503334,28442676
-6234267,22591771 -6313164,03023205 -7031246,43205705 -6503646,37093187
-6234267,22591771 -6313357,67179617 -7025013,39163024 -6502450,0414914
-6234267,22591771 -6332341,8261185 -7025173,90627613 -6501839,88570713
-6234267,22591771 -6350117,44027378 -7018643,17966936 -6502897,44671083
-6234267,22591771 -6338318,04975742 -7035042,94201125 -6501262,20199629
-6234267,22591771 -6334041,82284495 -7017034,39339076 -6498115,22489142
-6234267,22591771 -6335687,51611864 -7000819,20651534 -6499547,34344419
-6234267,22591771 -6324937,4943826 -7019845,47142598 -6492807,49307819
-6234267,22591771 -6322220,01092102 -7009199,07559046 -6490137,92191778
-6234267,22591771 -6322387,14385368 -7077970,25405407 -6487773,3335949
-6234267,22591771 -6312532,30139208 -7004213,23116515 -6484902,32834904
-6234267,22591771 -6322579,96182378 -7054104,52737474 -6481970,64324117
-6234267,22591771 -6317898,89864702 -6996220,82144103 -6482594,90510588
-6234267,22591771 -6313417,38854993 -7019190,39783695 -6479538,61698135
-6234267,22591771 -6319807,8851733 -7010067,43892405 -6477872,07653237
-6234267,22591771 -6284830,56416867 -6987375,99896108 -6477626,53424658
-6234267,22591771 -6297809,89043896 -7020978,42828264 -6480178,61229101
-6234267,22591771 -6284592,05179342 -7087970,05317223 -6480570,76825412
-6234267,22591771 -6293179,32522887 -7064479,24599845 -6483455,45364168
-6234267,22591771 -6245783,84578024 -7074191,36927077 -6472898,54928924
-6234267,22591771 -6242467,00271108 -7091303,72840156 -6477383,60186443
-6234267,22591771 -6241547,37283206 -7067089,7014471 -6476335,82544629
-6234267,22591771 -6245993,45844067 -7064573,09541998 -6481817,37330107
-6234267,22591771 -6246194,93018402 -7036847,25227083 -6491005,41588665
-6234267,22591771 -6246128,41141758 -7122857,84369466 -6489778,68357018
-6234267,22591771 -6247355,10941046 -7044557,3250428 -6491627,03054877
-6234267,22591771 -6259954,64734113 -7078116,21855957 -6486347,00221799
-6234267,22591771 -6263980,97654534 -7071995,23820703 -6488498,79172441
-6234267,22591771 -6255818,00126196 -7095432,07755997 -6488695,95481937
-6234267,22591771 -6253147,86813232 -7133336,79507786 -6481331,18386578
-6234267,22591771 -6261196,07345115 -7073503,53093241 -6477302,82156086
-6234267,22591771 -6258868,42807516 -7121738,50119839 -6474259,71466096
-6234267,22591771 -6246749,43344551 -7079782,31385468 -6471094,41799466
-6234267,22591771 -6251718,28482742 -7075696,88195126 -6469992,94589084
-6234267,22591771 -6269324,66562461 -6975516,0698108 -6463365,11978429
-6230864,39446846 -6230864,39446846 -7077431,42050446 -6461680,60447104
-6222618,4657076 -6222618,4657076 -7085087,81988236 -6460670,6235272
-6222618,4657076 -6227064,68770232 -7067119,75384556 -6458512,040408
-6222618,4657076 -6230888,19336165 -7049112,36375892 -6456285,29530216
-6209050,20056152 -6209050,20056152 -7051322,13483536 -6457577,13352646
-6209050,20056152 -6211331,86794931 -7075485,2520986 -6459192,17463969
-6207467,7882665 -6207467,7882665 -7079848,11685955 -6459258,00081959
-6207467,7882665 -6214193,09750403 -7069127,7508398 -6457900,4414928
-6201851,14075435 -6201851,14075435 -7086193,69111435 -6455908,77537548
-6189902,75889983 -6189902,75889983 -7061742,93568717 -6452431,70580768
-6182920,07899272 -6182920,07899272 -7130099,80399553 -6450731,8055306
-6182920,07899272 -6183022,09665102 -7080324,03849788 -6453313,97414244
-6182284,59078167 -6182284,59078167 -7090167,96917703 -6457841,01249845
-6182284,59078167 -6186809,5188887 -7037540,56198019 -6455330,4943935
-6182284,59078167 -6189366,13673813 -7079271,69508743 -6458955,40527951
-6182284,59078167 -6188887,77651461 -7050423,22840575 -6444098,92815451
-6182284,59078167 -6186703,87358628 -6983430,26934906 -6435215,36602163
-6142635,33746604 -6142635,33746604 -6910683,92487863 -6430915,22244959
-6142635,33746604 -6148425,6865064 -6922956,66243445 -6431877,07891262
-6142635,33746604 -6165296,07592653 -6945888,34396994 -6438327,87308812
-6142635,33746604 -6168268,89599993 -6957549,1105051 -6441641,22990819
-6142635,33746604 -6180638,07529857 -6913659,95880005 -6444903,23667614
-6142635,33746604 -6209876,64802198 -6972399,22971799 -6450541,22703834
-6142635,33746604 -6202142,52195682 -6984686,74613923 -6452854,83975547
-6142635,33746604 -6198022,26089594 -6986770,24359303 -6443705,24979077
-6142635,33746604 -6198369,43412746 -7003455,68237666 -6440017,06836006
-6142635,33746604 -6197427,13033195 -6986896,14791959 -6442394,9199411
-6142635,33746604 -6206502,1978153 -6974330,46989522 -6437263,55776867
-6142635,33746604 -6237949,20506181 -6970447,40970942 -6444492,4653962
-6142635,33746604 -6245944,44291965 -6979963,34399314 -6442926,16191735
-6142635,33746604 -6243681,32640602 -6984218,58539083 -6438878,39104301
-6142635,33746604 -6241178,78947682 -6976945,41344751 -6431987,94703523
-6142635,33746604 -6235861,29759105 -6958668,29904749 -6433772,4370365
-6142635,33746604 -6236448,90129294 -6950553,83974778 -6432880,03413628
-6142635,33746604 -6253901,06151894 -6915203,11661657 -6427134,2376867
-6142635,33746604 -6244351,27280507 -6939087,96800086 -6426355,61016112
-6142635,33746604 -6249361,10237265 -6886598,32894951 -6417752,22723129
-6142635,33746604 -6238185,88323607 -6925706,39383488 -6409686,14571894
-6142635,33746604 -6235402,88337241 -6902881,96020942 -6403294,95114117
-6142635,33746604 -6231445,05265864 -6960173,17489166 -6402954,26202721
-6142635,33746604 -6237429,3217341 -6894650,05014847 -6403293,8643111
-6142635,33746604 -6242632,72250918 -6976833,20203466 -6398293,77913032
-6142635,33746604 -6241017,35179963 -6916741,96741336 -6399244,49962784
-6142635,33746604 -6237227,67025562 -6915175,16509972 -6394052,69547349
-6142635,33746604 -6220677,37359626 -6868026,44032274 -6387545,58915234
-6142635,33746604 -6218015,46745011 -6915484,32090279 -6387429,04278329
-6142635,33746604 -6213324,7906356 -6941291,13077963 -6379758,69722677
-6142635,33746604 -6202557,80345223 -6938753,29690372 -6378378,02794795
-6142635,33746604 -6216058,37945683 -6884681,1741855 -6380736,43882961
-6142635,33746604 -6185047,18088683 -6890714,69883369 -6376748,22152285
-6142635,33746604 -6188187,69787481 -6975684,89279867 -6372391,84169067
-6142635,33746604 -6180584,1408774 -6906111,82813271 -6369794,18421796
-6142635,33746604 -6183438,59399376 -6846647,66131651 -6372279,27483894
-6142635,33746604 -6169823,7594023 -6889398,09606092 -6369483,89892486
-6142635,33746604 -6172865,56324488 -6919151,4961836 -6373697,86357948
-6142635,33746604 -6178563,85684658 -6897078,13077878 -6369249,48429091
-6142635,33746604 -6174353,94004487 -6942152,50215452 -6363424,03342278
-6142635,33746604 -6173989,81738841 -6871136,56147333 -6360650,9526148
-6142635,33746604 -6169739,47574196 -6873768,08022832 -6362392,30886234
-6142635,33746604 -6173523,89018903 -6876034,099961 -6361216,15335001
-6142635,33746604 -6163802,46792927 -6883136,10477638 -6364366,40180068
-6142635,33746604 -6163339,51591626 -6902664,78809892 -6368391,04054099
-6142635,33746604 -6154173,51652723 -6860469,95668435 -6362965,87358213
-6142635,33746604 -6153548,65497021 -6902340,79355839 -6362827,3719791
-6142635,33746604 -6158691,91734008 -6849784,35989416 -6360388,83314883
-6142635,33746604 -6170065,76670824 -6873739,00814471 -6355820,16593521
-6142635,33746604 -6169244,8049858 -6820869,32385426 -6348727,41274089
-6142635,33746604 -6161614,9973736 -6866463,17768726 -6348745,19697346
-6142635,33746604 -6160944,38311553 -6856407,59815467 -6345742,40743832
-6142635,33746604 -6155820,67635991 -6872776,96202734 -6342503,62226437
-6142635,33746604 -6154436,23084089 -6873923,3259084 -6344365,05795493
-6142635,33746604 -6154394,8100198 -6869543,93267249 -6336559,92004639
-6142635,33746604 -6153201,58632957 -6799709,77181621 -6333325,3409483
-6122700,84103763 -6122700,84103763 -6838640,00462449 -6328472,6133116
-6122700,84103763 -6124938,65389195 -6807848,32379878 -6325976,65675665
-6117569,83359971 -6117569,83359971 -6784688,26980112 -6325662,76079492
-6117569,83359971 -6122878,41774678 -6827318,64840487 -6330323,69076476
-6112327,35301909 -6112327,35301909 -6851864,58942675 -6326856,96284229
-6112327,35301909 -6114041,60896767 -6911632,91845004 -6327356,58635774
-6112327,35301909 -6114708,47702321 -6813823,5342344 -6323037,94211479
-6108132,12015709 -6108132,12015709 -6851345,80726502 -6314933,37170003
-6099617,52674703 -6099617,52674703 -6751595,28917292 -6313561,61222393
-6097168,47830901 -6097168,47830901 -6808652,99381895 -6312086,57403701
-6097168,47830901 -6106071,33400999 -6826251,48369086 -6306551,9266886
-6097168,47830901 -6110869,82797407 -6815652,81599415 -6309367,44362637
-6097168,47830901 -6108362,28682087 -6848342,36278555 -6316661,43037494
-6097168,47830901 -6115477,99986451 -6819284,11575188 -6321360,70387403
-6094471,80686681 -6094471,80686681 -6814525,52656556 -6320517,2898259
-6094471,80686681 -6094747,11608686 -6860836,45276804 -6326972,3787719
-6091805,47536048 -6091805,47536048 -6853182,58574848 -6316217,64043778
-6091805,47536048 -6093173,54435328 -6731610,21144921 -6315222,30960786
-6085992,23054862 -6085992,23054862 -6726302,24425816 -6298082,93130097
-6061770,30041997 -6061770,30041997 -6785069,80287997 -6298484,26802856
-6061770,30041997 -6063767,52418639 -6727255,22198472 -6308128,31384698
-6061770,30041997 -6064464,49667079 -6830620,62175696 -6308266,36145975
-6061770,30041997 -6072763,3972968 -6747688,84100346 -6309544,342786
-6061770,30041997 -6069601,11963663 -6758393,1603796 -6306017,15432187
-6061770,30041997 -6064840,13966164 -6729062,91488344 -6305601,80420327
-6044398,50317969 -6044398,50317969 -6767289,3558458 -6296820,17508117
169240,747558465
