-1311872,37352207 -1311872,37352207 -1531096,26745896 -1325529,07790538
-1311872,37352207 -1325638,26473476 -1539169,17088612 -1342494,46934531
-1311872,37352207 -1339300,17554594 -1569119,0491326 -1366699,15760565
-1311872,37352207 -1351842,50987251 -1580067,32131896 -1383543,06377382
-1311872,37352207 -1367686,85629053 -1559922,90078409 -1400670,39743717
-1311872,37352207 -1378181,94313566 -1648665,34056696 -1415298,85029193
-1311872,37352207 -1388660,0260207 -1643492,12350144 -1433569,60379617
-1311872,37352207 -1393265,57729617 -1686307,81018688 -1452210,2464714
-1311872,37352207 -1413560,10635307 -1652539,60540127 -1470933,81943308
-1311872,37352207 -1436568,90546833 -1725629,80232419 -1489167,16724217
-1311872,37352207 -1440186,84189291 -1733023,21888 -1496350,73565155
-1311872,37352207 -1448978,76735184 -1761161,73878561 -1506163,44420356
-1311872,37352207 -1454816,42579907 -1755240,91556475 -1517425,60872266
-1311872,37352207 -1480834,43518689 -1750720,07850503 -1531919,81717609
-1311872,37352207 -1487187,97585608 -1731336,21598631 -1544490,203996
-1311872,37352207 -1514521,28270865 -1815026,28668783 -1563022,37958558
-1311872,37352207 -1525583,48665133 -1821807,63992483 -1572051,9473697
-1311872,37352207 -1538070,25790765 -1775609,36131502 -1583555,55576133
-1311872,37352207 -1541638,34668785 -1819367,48926215 -1591279,95750253
-1311872,37352207 -1559606,54951737 -1827105,80736313 -1605562,4352344
-1311872,37352207 -1566714,72783973 -1842017,16926095 -1624773,47887652
-1311872,37352207 -1564915,73104882 -1877488,69882229 -1635909,41372744
-1311872,37352207 -1576230,04309234 -1892344,79861762 -1646816,85638678
-1311872,37352207 -1578272,30511863 -1937045,75331386 -1657254,12215906
-1311872,37352207 -1606872,9481988 -1883815,84487117 -1673710,12413693
-1311872,37352207 -1625343,33664324 -1917121,08835184 -1690978,98108684
-1311872,37352207 -1664488,13319012 -1921953,204604 -1709915,67497952
-1311872,37352207 -1670188,10873325 -1965215,74395003 -1722133,99929316
-1311872,37352207 -1678733,19899025 -1919569,69530539 -1736066,81650446
-1311872,37352207 -1677060,17970558 -1959013,56279399 -1747665,98164179
-1311872,37352207 -1694704,16685334 -1953407,31905878 -1759909,79789747
-1311872,37352207 -1709407,75737781 -1987178,76701238 -1768934,35719469
-1311872,37352207 -1708519,73717933 -1976111,84861119 -1777304,59793531
-1311872,37352207 -1710331,63587429 -2046008,47766903 -1791184,92791261
-1311872,37352207 -1708104,32475871 -2051943,63751841 -1805122,30808394
-1311872,37352207 -1725159,70989685 -2069804,10473608 -1816219,13924208
-1311872,37352207 -1769856,32002779 -2091419,46572005 -1831653,18269605
-1311872,37352207 -1787691,29914916 -2067874,30590136 -1842308,89950215
-1311872,37352207 -1788868,97610554 -2107024,62777496 -1855320,9013031
-1311872,37352207 -1801994,31722598 -2133889,17430677 -1870788,60341504
-1311872,37352207 -1809691,54158825 -2116571,63585197 -1888826,01641986
-1311872,37352207 -1816439,23996292 -2119357,73021508 -1902649,29372003
-1311872,37352207 -1845255,86768814 -2213515,72550957 -1912839,21934054
-1311872,37352207 -1853995,83464052 -2189563,42400901 -1921223,21362567
-1311872,37352207 -1859361,35896499 -2160010,94363895 -1933037,61592613
-1311872,37352207 -1860618,0746466 -2227628,26787513 -1942561,92612157
-1311872,37352207 -1880258,14838442 -2224729,99177891 -1953222,52398014
-1311872,37352207 -1885420,42604459 -2221093,46697572 -1971263,568628
-1311872,37352207 -1922363,45436994 -2226985,41186853 -1987578,35449315
-1311872,37352207 -1927398,50718561 -2253888,98581872 -1994660,54286932
-1311872,37352207 -1937249,88422544 -2246686,78580404 -2008093,35301848
-1311872,37352207 -1944141,57617719 -2262450,35792423 -2015288,60186413
-1311872,37352207 -1959728,89550777 -2302298,96585302 -2031980,1429004
-1311872,37352207 -1972684,54236165 -2275414,80116076 -2043934,38777645
-1311872,37352207 -1969451,79229187 -2263808,57198285 -2057974,37302217
-1311872,37352207 -1977185,09783241 -2388949,89081609 -2070280,46190698
-1311872,37352207 -2001648,21701943 -2382263,98871831 -2077971,61538617
-1311872,37352207 -2029441,67187238 -2325169,62976919 -2095060,75940177
-1311872,37352207 -2040451,10583107 -2327914,3411536 -2110833,33529166
-1311872,37352207 -2044523,8082546 -2368293,28696528 -2118908,42292081
-1311872,37352207 -2054973,05598473 -2441292,70759124 -2129456,18185817
-1311872,37352207 -2066451,17883833 -2382219,04884178 -2138208,38901162
-1311872,37352207 -2079886,85793931 -2495985,76306977 -2152573,10469231
-1311872,37352207 -2092950,64909069 -2525901,77352468 -2160679,40776021
-1311872,37352207 -2113616,76827946 -2558611,68665786 -2176880,65969358
-1311872,37352207 -2116116,76827946 -2555607,03288882 -2181761,59740021
-1311872,37352207 -2123891,30187539 -2484880,60453906 -2187118,12751951
-1311872,37352207 -2125401,14137291 -2536205,79990063 -2195141,16761287
-1311872,37352207 -2124222,93102894 -2523344,07721785 -2208672,66252205
-1311872,37352207 -2126623,49283502 -2615407,81378664 -2217813,85063208
-1311872,37352207 -2135415,1975559 -2467741,64514059 -2226009,53928468
-1311872,37352207 -2147266,34404337 -2610700,64953685 -2240994,29773059
-1311872,37352207 -2161629,44865932 -2666659,49261336 -2250620,16027242
-1311872,37352207 -2193161,36266665 -2634176,66994401 -2266380,05169345
-1311872,37352207 -2191903,37123349 -2594425,5893848 -2276657,49009913
-1311872,37352207 -2195226,88298592 -2625366,93613198 -2289867,38445264
-1311872,37352207 -2201733,89406711 -2684140,09078909 -2300832,02482204
-1311872,37352207 -2201086,46555791 -2752616,8025403 -2315701,61639948
-1311872,37352207 -2205013,91219625 -2704912,52079197 -2321040,60366456
-1311872,37352207 -2216404,73647018 -2648013,56918729 -2331976,0023077
-1311872,37352207 -2232417,27130559 -2710856,31916111 -2343719,27607657
-1311872,37352207 -2242891,28969747 -2731494,66233655 -2356273,32133252
-1311872,37352207 -2251635,34651411 -2737445,46989861 -2366231,50898283
-1311872,37352207 -2267142,20611849 -2760021,14868385 -2373120,92166107
-1311872,37352207 -2285254,43441439 -2717632,03594486 -2398058,70688024
-1311872,37352207 -2282875,73945778 -2834361,58325698 -2405881,08131595
-1311872,37352207 -2321382,98874764 -2785128,58873962 -2417440,74918722
-1311872,37352207 -2318043,83627039 -2785117,22197327 -2432233,67719195
-1311872,37352207 -2317412,15216724 -2780877,02463881 -2443360,54140614
-1311872,37352207 -2321523,03480785 -2840364,7157518 -2456449,44220762
-1311872,37352207 -2335109,48123122 -2811866,76990427 -2468588,72244801
-1311872,37352207 -2364470,2949526 -2866983,22759786 -2475327,49016553
-1311872,37352207 -2379978,41033489 -2832753,05707857 -2482393,04438566
-1311872,37352207 -2379978,41033489 -2862102,98212576 -2495145,83609912
-1311872,37352207 -2379126,8321216 -2941249,73099379 -2502991,44202232
-1311872,37352207 -2397694,83295891 -2938142,54803631 -2520268,27545799
-1311872,37352207 -2412437,30337114 -2996959,48899947 -2529076,97804901
-1311872,37352207 -2434254,24709295 -2919207,39729781 -2533406,83689716
-1311872,37352207 -2442554,59322408 -3035085,9910074 -2539663,54032467
-1311872,37352207 -2435000,33929958 -2995718,56517048 -2548437,56737562
-1311872,37352207 -2458592,7854864 -2991361,49558777 -2557161,96091361
-1311872,37352207 -2459744,49715978 -2994125,12614056 -2558504,79591301
-1311872,37352207 -2462350,04843524 -3019105,27621394 -2576378,96056858
-1311872,37352207 -2484035,59770243 -3002611,34863878 -2581270,15644927
-1311872,37352207 -2493684,73106779 -2965089,04899513 -2589769,13268791
-1311872,37352207 -2497746,81721186 -3064876,21251431 -2598001,50073172
-1311872,37352207 -2495354,44254585 -3041821,06808165 -2615268,32913856
-1311872,37352207 -2501356,67144609 -3014491,06576508 -2619062,36631189
-1311872,37352207 -2503028,90897231 -3067986,65744672 -2629296,07801989
-1311872,37352207 -2503121,73036421 -2922810,34737717 -2637080,80552251
-1311872,37352207 -2506833,02481352 -2921456,76330335 -2640856,26416047
-1311872,37352207 -2511640,33468337 -2979434,1126448 -2651300,51543432
-1311872,37352207 -2525228,12925385 -3033446,75218932 -2657925,62716446
-1311872,37352207 -2528938,53831599 -2991204,61674894 -2670190,86014418
-1311872,37352207 -2533684,75960348 -3081955,9768106 -2674499,77038924
-1311872,37352207 -2539095,25108573 -3030272,1085683 -2680034,21569388
-1311872,37352207 -2539980,53924483 -3112453,60703059 -2685050,83111722
-1311872,37352207 -2546427,55884644 -2976902,09712662 -2692100,20451811
-1311872,37352207 -2552820,9688275 -3001218,05904402 -2695960,90870353
-1311872,37352207 -2569480,22077492 -3110084,95997746 -2712686,99677909
-1311872,37352207 -2567247,17309202 -3014369,7082652 -2724314,79314476
-1311872,37352207 -2574159,74910925 -3016171,32080812 -2735447,57992612
-1311872,37352207 -2569994,972444 -3106627,96405572 -2744315,87306186
-1311872,37352207 -2575994,972444 -3044767,8873323 -2748766,27682299
-1311872,37352207 -2580800,65593515 -3099249,21227249 -2753106,18459921
-1311872,37352207 -2620389,16364065 -3089737,09576862 -2762580,39262968
-1311872,37352207 -2635948,39681465 -3156362,86588123 -2766663,61539974
-1311872,37352207 -2636636,99856673 -3135063,66692112 -2773120,29627472
-1311872,37352207 -2657079,38788957 -3144957,0419402 -2783905,35844545
-1311872,37352207 -2665277,42691675 -3171025,45235763 -2785767,14986714
-1311872,37352207 -2670139,80930374 -3184401,21834977 -2787833,30588738
-1311872,37352207 -2669903,52669755 -3202875,10226475 -2789949,51664476
-1311872,37352207 -2684496,54076963 -3138902,56733572 -2799714,65594566
-1311872,37352207 -2681461,39024166 -3152831,44746024 -2803922,27439468
-1311872,37352207 -2694271,69208011 -3241878,19428089 -2805598,14436931
-1311872,37352207 -2691913,73354436 -3162359,44266835 -2807858,02442186
-1311872,37352207 -2701997,74237867 -3184867,98128927 -2807854,96711186
-1311872,37352207 -2697720,95704636 -3186522,2943787 -2812911,33477754
-1311872,37352207 -2701570,69920045 -3254717,37204041 -2822045,9236328
-1311872,37352207 -2700824,55153558 -3186726,88380692 -2832028,09749355
-1311872,37352207 -2702551,84490224 -3221201,24470969 -2841222,07376559
-1311872,37352207 -2708674,36309254 -3191092,44011795 -2862729,13361866
-1311872,37352207 -2723329,71325173 -3273301,1740054 -2868286,61408036
-1311872,37352207 -2755250,74048852 -3283973,94099965 -2878792,60338958
-1311872,37352207 -2753915,8173863 -3356506,08952112 -2893790,40642356
-1311872,37352207 -2769376,15315269 -3306013,27955239 -2898711,95561672
-1311872,37352207 -2767734,03993138 -3356482,84949789 -2904910,51334321
-1311872,37352207 -2768480,24129657 -3352218,43147022 -2910401,05081061
-1311872,37352207 -2765772,17594386 -3340626,14146202 -2913904,27640384
-1311872,37352207 -2765113,79364609 -3358979,36346654 -2913660,35124097
-1311872,37352207 -2767342,38497311 -3373080,65137346 -2918428,01105592
-1311872,37352207 -2776262,74992512 -3342586,39937425 -2928523,56149229
-1311872,37352207 -2779929,55692733 -3357751,45322641 -2939664,60737866
-1311872,37352207 -2790449,20195075 -3336383,20880306 -2947815,01024671
-1311872,37352207 -2792949,20195075 -3409696,29823213 -2955016,90786208
-1311872,37352207 -2790605,97345203 -3396044,6632315 -2963411,97815867
-1311872,37352207 -2793735,65767444 -3418449,68646829 -2970471,81183055
-1311872,37352207 -2798789,98892117 -3333881,22890743 -2979659,91933733
-1311872,37352207 -2799372,23911184 -3450290,1632615 -2985306,4788567
-1311872,37352207 -2797108,83983724 -3395168,92501726 -2988721,37306462
-1311872,37352207 -2811355,93860773 -3448021,39964687 -2991956,19268143
-1311872,37352207 -2813710,16926434 -3388340,53081682 -3000152,19276042
-1311872,37352207 -2818658,70669413 -3416530,40700486 -3010949,09562764
-1311872,37352207 -2835403,04704539 -3452910,9595485 -3016556,75688995
-1311872,37352207 -2852863,34192168 -3476048,15124269 -3020181,30467561
-1311872,37352207 -2849744,47107604 -3402829,71658224 -3027963,47800519
-1311872,37352207 -2862943,40765873 -3434210,83280787 -3030766,65290126
-1311872,37352207 -2875007,0306513 -3480266,91704377 -3045241,06998719
-1311872,37352207 -2873719,79012712 -3526235,73666925 -3050865,6388114
-1311872,37352207 -2863540,38849959 -3419767,94451828 -3056094,90072507
-1311872,37352207 -2866215,28191078 -3503491,68367794 -3057625,47924765
-1311872,37352207 -2897670,76971539 -3538302,9697305 -3062526,26684374
-1311872,37352207 -2917360,70148549 -3463769,90635068 -3072300,97614063
-1311872,37352207 -2914734,15822729 -3428421,08282724 -3073857,44722308
-1311872,37352207 -2916595,65039744 -3484099,56039759 -3082015,16877094
-1311872,37352207 -2918084,08752236 -3463394,01556601 -3089964,04740626
-1311872,37352207 -2918770,83048697 -3484883,9454516 -3096606,82912261
-1311872,37352207 -2926266,66292228 -3530604,29291696 -3102119,68357729
-1311872,37352207 -2905188,88369076 -3488395,11141888 -3096984,49714805
-1311872,37352207 -2910790,34398889 -3508054,47262651 -3107018,8290892
-1311872,37352207 -2925929,27243112 -3494160,16452552 -3112224,94934699
-1311872,37352207 -2944259,12886302 -3496762,07537575 -3119439,54291039
-1311872,37352207 -2952350,34882734 -3519874,37216584 -3124227,79055705
-1311872,37352207 -2974324,90544073 -3518359,89443009 -3131814,85867363
-1311872,37352207 -2974583,68155964 -3563085,54886714 -3138376,30799254
-1311872,37352207 -2993702,43571682 -3577044,69706377 -3144183,16522244
-1311872,37352207 -2996067,64857697 -3528840,55269442 -3151816,02079781
-1311872,37352207 -3011992,36519761 -3529962,1527116 -3160847,17621678
-1311872,37352207 -3001203,73449472 -3548845,0581465 -3172792,05722905
-1311872,37352207 -2995281,89506277 -3555735,40906008 -3177786,64244355
-1311872,37352207 -3008200,7498538 -3508381,43388894 -3180984,22664328
-1311872,37352207 -3028547,66577644 -3532340,64016347 -3190387,95989267
-1311872,37352207 -3059984,02359463 -3537946,60990346 -3197763,7144061
-1311872,37352207 -3064069,52031824 -3589420,36308227 -3205303,38315221
-1311872,37352207 -3078590,82852932 -3592171,52003697 -3209963,43176197
-1311872,37352207 -3076560,53890153 -3553067,57568376 -3210621,92974372
-1311872,37352207 -3076766,4068052 -3578029,36796898 -3218300,85899965
-1311872,37352207 -3070011,90164846 -3625131,67536622 -3225704,08084322
-1311872,37352207 -3063539,10157231 -3555883,41737913 -3231874,24792233
-1311872,37352207 -3058446,04739516 -3642146,97248051 -3232721,54578174
-1311872,37352207 -3079068,08980138 -3592188,08250046 -3235128,18014596
-1311872,37352207 -3079960,03745021 -3610962,26404397 -3239694,67072548
-1311872,37352207 -3097630,17809643 -3640048,78309306 -3243428,62971007
-1311872,37352207 -3096364,95455402 -3644103,85061561 -3247503,52526162
-1311872,37352207 -3101479,74669954 -3623679,78587266 -3250301,41242294
-1311872,37352207 -3101200,85894767 -3647634,1410413 -3259208,0807712
-1311872,37352207 -3130093,67319498 -3732867,18769387 -3269974,20522705
-1311872,37352207 -3130093,67319498 -3707050,32128405 -3273865,64344914
-1311872,37352207 -3165201,29536233 -3634444,48574521 -3280655,05754468
-1311872,37352207 -3172955,3994485 -3631669,94901657 -3297165,08602856
-1311872,37352207 -3173196,58097868 -3684155,78901162 -3300806,53816269
-1311872,37352207 -3173138,2133215 -3674818,07892131 -3297998,5887727
-1311872,37352207 -3202552,2022961 -3678823,08713929 -3317465,42896386
-1311872,37352207 -3203289,23548242 -3598506,17577728 -3326568,8255832
-1311872,37352207 -3204267,12282629 -3632685,6005681 -3332365,17134364
-1311872,37352207 -3195149,66134896 -3723152,30436091 -3338542,06896015
-1311872,37352207 -3192443,5092346 -3710262,99339972 -3339887,53769775
-1311872,37352207 -3191573,23076549 -3737289,55134234 -3342071,71415788
-1311872,37352207 -3198741,74137285 -3723846,98569669 -3344673,38768118
-1311872,37352207 -3195495,21702014 -3695310,16217503 -3349820,01132092
-1311872,37352207 -3193484,98786158 -3696829,90323668 -3355016,92340576
-1311872,37352207 -3218958,34513737 -3771639,17830983 -3362233,08512967
-1311872,37352207 -3221015,54429532 -3740204,33165514 -3361343,5160595
-1311872,37352207 -3220144,37094392 -3759938,37100767 -3367685,49880192
-1311872,37352207 -3261202,44617378 -3718418,40186681 -3377487,36861225
-1311872,37352207 -3266005,55821937 -3718132,97190557 -3378755,55451689
-1311872,37352207 -3267714,9795878 -3754098,41555262 -3382520,5354281
-1311872,37352207 -3271728,17658361 -3754507,21339746 -3392821,57916919
-1311872,37352207 -3252093,53535178 -3751419,39190377 -3393656,22829671
-1311872,37352207 -3255097,38786886 -3742364,23846952 -3396794,09195596
-1311872,37352207 -3254675,13274872 -3762529,65415747 -3398128,37291682
-1311872,37352207 -3285561,42528631 -3776846,36540933 -3403606,8369374
-1311872,37352207 -3285699,14396574 -3751750,4060824 -3409054,41310772
-1311872,37352207 -3291035,60879822 -3798185,87038232 -3412216,78650602
-1311872,37352207 -3299394,74348062 -3784770,37751826 -3421504,32171635
-1311872,37352207 -3283997,70108772 -3803264,17653993 -3423931,85393256
-1311872,37352207 -3290769,87568141 -3793529,59423411 -3426342,03205194
-1311872,37352207 -3275830,04675463 -3771131,81473111 -3425086,60885775
-1311872,37352207 -3270383,7142975 -3805136,36487296 -3431570,21154623
-1311872,37352207 -3270110,84981126 -3791192,02100151 -3439688,06946131
-1311872,37352207 -3282488,24862969 -3774777,64288547 -3444519,5180034
-1311872,37352207 -3304545,67157496 -3827649,81052608 -3446863,95159004
-1311872,37352207 -3296674,70770074 -3774028,5324476 -3453479,57737337
-1311872,37352207 -3282129,29254436 -3824324,43408579 -3463417,55338054
-1311872,37352207 -3281392,80927627 -3794903,40327556 -3452990,77854722
-1311872,37352207 -3286508,44398537 -3825934,42259733 -3464938,58748866
-1311872,37352207 -3286873,19097581 -3819467,69473009 -3463112,93205108
-1311872,37352207 -3286991,16574946 -3860300,16695512 -3468609,51794898
-1311872,37352207 -3300264,47861539 -3861868,08217635 -3471927,94069942
-1311872,37352207 -3311583,51821346 -3859237,11481823 -3478422,82226435
-1311872,37352207 -3288752,39912108 -3851424,8568006 -3479620,80675664
-1311872,37352207 -3284323,97349906 -3819858,13474461 -3487421,7039535
-1311872,37352207 -3273108,29819947 -3821398,4892555 -3492625,84074953
-1311872,37352207 -3273473,15675923 -3868452,22887092 -3491377,16032822
-1311872,37352207 -3290380,81622162 -3872236,4738063 -3497496,58749615
-1311872,37352207 -3290009,14263015 -3872785,47312221 -3504056,65535669
-1311872,37352207 -3291322,37932994 -4027675,09246425 -3511195,19136778
-1311872,37352207 -3289494,9625858 -3895161,02860895 -3517363,14542243
-1311872,37352207 -3289394,7483039 -3911624,2455951 -3520402,97140878
-1311872,37352207 -3285424,69632444 -4001859,61661422 -3519721,60844531
-1311872,37352207 -3260278,66391082 -3955560,84392795 -3519641,25987094
-1311872,37352207 -3258964,45062667 -4009029,74802582 -3520952,51652279
-1311872,37352207 -3253123,24414167 -3985971,3033725 -3523977,53647619
-1311872,37352207 -3242330,52512425 -3936048,87491869 -3519835,70131264
-1311872,37352207 -3243474,7451804 -4014397,98528195 -3518939,16363909
-1311872,37352207 -3244788,95846455 -4008060,85660704 -3519806,01262526
-1311872,37352207 -3254840,95403951 -3945396,58141799 -3530024,24154496
-1311872,37352207 -3254442,90351298 -3928516,43898867 -3536503,96914375
-1311872,37352207 -3260439,04283202 -3930362,84968632 -3549730,72797074
-1311872,37352207 -3258431,76466823 -3991532,84350086 -3555464,84788194
-1311872,37352207 -3270877,45235379 -4039176,49792486 -3569788,86898035
-1311872,37352207 -3273761,72905285 -3986238,68837107 -3582323,6222637
-1311872,37352207 -3268895,63939858 -3978532,44221726 -3587615,72565558
-1311872,37352207 -3270842,69534256 -4019852,92539183 -3587271,619292
-1311872,37352207 -3272160,41899195 -4017404,26474859 -3585950,24278161
-1311872,37352207 -3280782,90217523 -4058137,53023949 -3588051,41133428
-1311872,37352207 -3279635,44083124 -3976006,50554763 -3594538,26916197
-1311872,37352207 -3291882,67914655 -4047905,85606887 -3603759,61921094
-1311872,37352207 -3293996,48067089 -3998884,46453966 -3602528,1237999
-1311872,37352207 -3334519,17974269 -4002166,32463156 -3614718,9592415
-1311872,37352207 -3331858,92062107 -3947541,13524687 -3613804,34803083
-1311872,37352207 -3337427,81248767 -4039932,46862238 -3615613,12313838
-1311872,37352207 -3340934,91422743 -3968668,08647436 -3616855,4258394
-1311872,37352207 -3380729,17084696 -4008608,65893067 -3623602,56406944
-1311872,37352207 -3378416,45130442 -3999327,88990933 -3625683,00216343
-1311872,37352207 -3376608,38634595 -3967483,70227848 -3629662,26719995
-1311872,37352207 -3376521,61872616 -3928418,88749737 -3628649,93829461
-1311872,37352207 -3364070,27152357 -3921757,67244351 -3625597,33522422
-1311872,37352207 -3357756,33978485 -3967576,59088932 -3625569,38681236
-1311872,37352207 -3358917,60176402 -4014332,96054525 -3633948,07138926
-1311872,37352207 -3359857,21765521 -3974548,90531549 -3639424,50034061
-1311872,37352207 -3340903,35748661 -4041372,76958739 -3634706,33993004
-1311872,37352207 -3339980,39002523 -4011240,94972188 -3635672,64846545
-1311872,37352207 -3346636,39416129 -3943995,75605625 -3638645,48146016
-1311872,37352207 -3346557,69855778 -3988111,60260536 -3638764,71787529
-1311872,37352207 -3346516,95606751 -3985292,06163919 -3642386,10724147
-1311872,37352207 -3379069,4430267 -3942333,31340474 -3646392,03699605
-1311872,37352207 -3380082,09818778 -3988362,74846438 -3652003,80397101
-1311872,37352207 -3385863,27303543 -3982476,63342902 -3649837,81051074
-1311872,37352207 -3402250,28787986 -3913062,90651051 -3646489,28293688
-1311872,37352207 -3423659,88123274 -3920325,04796793 -3651925,70021246
-1311872,37352207 -3426125,14883129 -3965001,7174227 -3650616,81188851
-1311872,37352207 -3418889,02606548 -3936473,42375837 -3651105,76843013
-1311872,37352207 -3427109,43891945 -3967147,52379142 -3651486,61671376
-1311872,37352207 -3433121,84357947 -3939815,17924603 -3655447,54029567
-1311872,37352207 -3441281,45856988 -3904602,83189999 -3661669,70553036
-1311872,37352207 -3432884,28123303 -3934481,0736023 -3664359,23280804
-1311872,37352207 -3435938,62627859 -3957478,7311815 -3663818,5352911
-1311872,37352207 -3436939,53582375 -3921340,73069665 -3664520,15028325
-1311872,37352207 -3433782,53493846 -3954066,46226404 -3667781,87310326
-1311872,37352207 -3438340,87721148 -3982584,9340814 -3669303,59871606
-1311872,37352207 -3445801,2566441 -3956774,35065391 -3671609,50580527
-1311872,37352207 -3444077,82096959 -3962514,38165426 -3685510,65546862
-1311872,37352207 -3471257,20563187 -4023981,87499497 -3692784,7110423
-1311872,37352207 -3465825,5661667 -3968182,96086018 -3688726,56983875
-1311872,37352207 -3470281,98360034 -3960327,32949235 -3692427,75890034
-1311872,37352207 -3484774,40610281 -3949673,81751736 -3698921,54656414
-1311872,37352207 -3484190,06010572 -4014597,449377 -3697745,67561596
-1311872,37352207 -3480915,48955556 -3938929,29358102 -3700569,51304093
-1311872,37352207 -3479262,66592648 -3974995,8259262 -3699758,19787065
-1311872,37352207 -3488726,52190273 -3922234,99004337 -3701170,79350683
-1311872,37352207 -3488134,84623738 -3985239,39535235 -3708227,87526021
-1311872,37352207 -3487126,04083753 -4007064,5163593 -3709746,00060036
-1311872,37352207 -3489839,3334232 -3988788,59287672 -3717233,18223083
-1311872,37352207 -3488678,65518922 -4000192,842168 -3716981,43789747
-1311872,37352207 -3479486,6243666 -4017229,23218766 -3718312,06144497
-1311872,37352207 -3487669,74105072 -3998380,82461092 -3722414,62414861
-1311872,37352207 -3501576,8220595 -4002268,99461815 -3724399,43771461
-1311872,37352207 -3495928,81737563 -4070015,49774072 -3717696,68728819
-1311872,37352207 -3502072,54394942 -4037144,66593254 -3723383,70744154
-1311872,37352207 -3503511,75464789 -4036412,71708615 -3722394,36777282
-1311872,37352207 -3516054,56301708 -4012362,28040287 -3724396,64002971
-1311872,37352207 -3508760,81621829 -4013614,86741497 -3718836,00445591
-1311872,37352207 -3498764,78426596 -4039384,81895788 -3724492,95635827
-1311872,37352207 -3504461,84039153 -4053464,80197006 -3726929,21579684
-1311872,37352207 -3506341,23975305 -4053322,21597737 -3728707,84057156
-1311872,37352207 -3509106,23179956 -4061745,42055858 -3726181,77751595
-1311872,37352207 -3511719,59914206 -4049171,78710891 -3724408,56102635
-1311872,37352207 -3514941,54756816 -4035838,28527248 -3722468,14759607
-1311872,37352207 -3517859,15492842 -4029829,78350888 -3725226,07816594
-1311872,37352207 -3529239,88765942 -4030631,54712384 -3726480,53878175
-1311872,37352207 -3533538,16151592 -4073226,56503691 -3729991,30219646
-1311872,37352207 -3525463,74385324 -3995204,13339609 -3733088,20938449
-1311872,37352207 -3516721,61326839 -4023141,2489818 -3732356,45865243
-1311872,37352207 -3501136,51033993 -4041932,82767765 -3735881,11265764
-1311872,37352207 -3493569,62358124 -4026312,61259126 -3736316,41810254
-1311872,37352207 -3501189,30534288 -4035683,82828731 -3733593,16365022
-1311872,37352207 -3509246,67686089 -4004602,18301735 -3737824,10688451
-1311872,37352207 -3518179,71164082 -4033802,63905389 -3739733,06892232
-1311872,37352207 -3517696,32926374 -4089901,41410763 -3743777,64635379
-1311872,37352207 -3519905,53269064 -4025581,15831262 -3751842,16902434
-1311872,37352207 -3510022,39856561 -4064050,93239993 -3754678,04862162
-1311872,37352207 -3508753,56329291 -4074846,41036655 -3752146,31902125
-1311872,37352207 -3506779,49540639 -4117633,40168286 -3752108,93056508
-1311872,37352207 -3522068,33919511 -4040450,26995902 -3756030,61910543
-1311872,37352207 -3580101,62972393 -4053452,34816482 -3764678,70912358
-1311872,37352207 -3563967,10694555 -4077468,72882099 -3765352,7708202
-1311872,37352207 -3563967,10694555 -4131285,41392073 -3759752,29417479
-1311872,37352207 -3570202,79827862 -4038614,60529352 -3766057,37106607
-1311872,37352207 -3566854,86739005 -4011194,47281585 -3766307,96841171
-1311872,37352207 -3574210,28402435 -4064866,72658678 -3760409,64609105
-1311872,37352207 -3579110,2670162 -4085431,72196472 -3759430,5430707
-1311872,37352207 -3581494,68929783 -4060747,93639711 -3758989,96323072
-1311872,37352207 -3581491,3467023 -3995702,65016006 -3761057,84652122
-1311872,37352207 -3596567,84142121 -4026428,87041369 -3768865,0321551
-1311872,37352207 -3591769,58414636 -4046115,4988804 -3768272,43979261
-1311872,37352207 -3592198,67569201 -4070849,3842068 -3784661,58746367
-1311872,37352207 -3593247,93193408 -4107415,98589121 -3796935,23953962
-1311872,37352207 -3584881,89803439 -4081215,38151763 -3798029,12569751
-1311872,37352207 -3568528,42712366 -4057438,20233786 -3791511,98911844
-1311872,37352207 -3559283,61154178 -4049218,55263827 -3788046,00344849
-1311872,37352207 -3599951,32512136 -4128847,75189898 -3790751,48692242
-1311872,37352207 -3584862,53684574 -4088228,64469124 -3794612,53353425
-1311872,37352207 -3584368,65669913 -4178141,10535359 -3792906,9832351
-1311872,37352207 -3585075,5791253 -4194735,07651497 -3796716,83877258
-1311872,37352207 -3595554,01709492 -4097850,84252773 -3800878,45778941
-1311872,37352207 -3575092,14524509 -4139556,48725608 -3801769,80249639
-1311872,37352207 -3574129,53371039 -4130250,00540988 -3806114,29232548
-1311872,37352207 -3591207,20509527 -4149424,66010769 -3806324,64441665
-1311872,37352207 -3600545,73540001 -4136485,03825551 -3810579,64345334
-1311872,37352207 -3632237,12398663 -4164361,60458503 -3814369,81930793
-1311872,37352207 -3636163,74532203 -4251937,95353686 -3815495,24568877
-1311872,37352207 -3653025,37715323 -4156861,64715283 -3818534,58942436
-1311872,37352207 -3630291,19275216 -4189118,35614522 -3823716,25413197
-1311872,37352207 -3643461,49728117 -4198688,63995326 -3830508,84390709
-1311872,37352207 -3635205,2041642 -4265251,65417851 -3827727,0775022
-1311872,37352207 -3667432,99758352 -4172292,62661957 -3827183,17361967
-1311872,37352207 -3650785,31343022 -4224192,69709896 -3831842,3562649
-1311872,37352207 -3670163,47675959 -4240084,78055857 -3831889,48586498
-1311872,37352207 -3701389,24349197 -4230108,6063054 -3837970,30126429
-1311872,37352207 -3701271,72244334 -4165983,43778066 -3842504,79150757
-1311872,37352207 -3717317,86677916 -4278247,90590236 -3845108,37369582
-1311872,37352207 -3718988,33462296 -4223062,79229201 -3838764,47799516
-1311872,37352207 -3725954,3648143 -4173214,31794067 -3842785,49300259
-1311872,37352207 -3725910,8585696 -4210205,35999605 -3843333,69084529
-1311872,37352207 -3729560,56117246 -4164381,11954183 -3848966,62028903
-1311872,37352207 -3729076,61888675 -4201126,53532081 -3852957,88717268
-1311872,37352207 -3729027,98049947 -4218215,75357162 -3854419,69062751
-1311872,37352207 -3736532,02881266 -4240523,46716242 -3860010,00329913
-1311872,37352207 -3739797,13196521 -4174406,54187305 -3864177,58844552
-1311872,37352207 -3725280,79110339 -4268610,10554927 -3869664,37327268
-1311872,37352207 -3726928,65536807 -4256517,33061553 -3871396,08518878
-1311872,37352207 -3740258,23566315 -4321832,79594994 -3882244,38408016
-1311872,37352207 -3759963,29002923 -4314563,35138626 -3886169,43645738
-1311872,37352207 -3757374,21346882 -4323349,65494802 -3885525,89253
-1311872,37352207 -3758938,36147253 -4319628,36485984 -3886957,70091665
-1311872,37352207 -3751813,54249697 -4286157,53231154 -3889350,13277264
-1311872,37352207 -3739796,74466173 -4298206,72347517 -3893283,86189554
-1311872,37352207 -3742744,40730923 -4342932,36214196 -3905096,72005027
-1311872,37352207 -3749144,91727042 -4306759,76500107 -3901695,71971183
-1311872,37352207 -3770422,8449718 -4390786,37336261 -3901111,91648813
-1311872,37352207 -3779704,15983823 -4382611,09998705 -3908772,02363352
-1311872,37352207 -3759951,60504661 -4343739,64503833 -3913791,45516129
-1311872,37352207 -3754748,66638375 -4402923,09486194 -3916206,97811799
-1311872,37352207 -3755698,97537834 -4360846,12893135 -3915063,45772785
-1311872,37352207 -3752109,80462261 -4369507,14772278 -3913556,59088594
-1311872,37352207 -3740176,29490063 -4318327,31468113 -3906413,10724788
-1311872,37352207 -3763048,16149835 -4337033,01338695 -3909323,95418675
-1311872,37352207 -3760588,23908067 -4368299,38573792 -3921013,47536029
-1311872,37352207 -3762175,09899978 -4333279,41161086 -3920487,18245383
-1311872,37352207 -3780857,44551652 -4390412,91689609 -3921449,72749893
-1311872,37352207 -3781483,36313102 -4370966,8096554 -3918992,983864
-1311872,37352207 -3775304,76098083 -4309477,22146301 -3918333,72574251
-1311872,37352207 -3784691,1625311 -4395707,58827072 -3920325,65367191
-1311872,37352207 -3797241,644358 -4338805,2150342 -3930996,80545927
-1311872,37352207 -3797213,16233027 -4298595,50330511 -3934466,57288774
-1311872,37352207 -3805391,24883904 -4323077,08469499 -3939026,68339673
-1311872,37352207 -3802021,49241336 -4374765,23257562 -3941364,20181046
-1311872,37352207 -3808742,80076205 -4384325,17505603 -3942966,32245137
-1311872,37352207 -3812209,08229526 -4332921,84879188 -3944182,06208627
-1311872,37352207 -3815475,50662847 -4312683,44254993 -3945243,73768747
-1311872,37352207 -3809177,84776326 -4315059,76686445 -3943491,21123057
-1311872,37352207 -3813274,40623963 -4350091,86827241 -3950984,83552028
-1311872,37352207 -3797661,53166467 -4414012,01215164 -3946887,70648404
-1311872,37352207 -3796947,89462756 -4361489,56732953 -3946116,53210263
-1311872,37352207 -3798926,64842464 -4410819,48065765 -3947600,68707754
-1311872,37352207 -3798620,17506609 -4378137,1676808 -3952917,26418217
-1311872,37352207 -3797355,22532269 -4337063,32423845 -3956083,72822049
-1311872,37352207 -3789206,90509079 -4348377,18632004 -3963143,11410852
-1311872,37352207 -3772565,41603382 -4348424,34143303 -3970965,54853156
-1311872,37352207 -3771910,75577339 -4387115,89569611 -3968337,46951511
-1311872,37352207 -3808568,12889865 -4431132,81421482 -3980136,06256332
-1311872,37352207 -3805040,10457453 -4360902,94592934 -3986347,53924943
-1311872,37352207 -3821379,83016237 -4392137,23141326 -3994604,80259393
-1311872,37352207 -3800036,77174875 -4370021,40982177 -3997218,3950853
-1311872,37352207 -3773326,64912451 -4313685,80940035 -3999375,77287304
-1311872,37352207 -3791239,54982806 -4324915,2581637 -4005259,460107
-1311872,37352207 -3829975,52726296 -4340867,94062725 -4007743,97266653
-1311872,37352207 -3828304,33538354 -4362027,69980722 -4006572,50654753
-1311872,37352207 -3823348,60929001 -4313593,14346045 -4007595,29522113
-1311872,37352207 -3826391,20174753 -4365286,84991875 -4004045,06066213
-1311872,37352207 -3843482,31231384 -4346744,04887701 -4005828,26118204
-1311872,37352207 -3836315,66632413 -4400036,95044721 -4002275,73508817
-1311872,37352207 -3837912,23801654 -4351274,67403192 -4000479,20095856
-1311872,37352207 -3830790,76803907 -4282524,6686334 -3999495,88398799
-1311872,37352207 -3833956,83952124 -4331004,09267114 -4000127,55696403
-1311872,37352207 -3818231,25439763 -4361567,08817068 -4002028,05307214
-1311872,37352207 -3829238,82607636 -4356677,01004064 -4009542,22653774
-1311872,37352207 -3852560,984027 -4372573,06318715 -4011771,04125752
-1311872,37352207 -3844260,69087928 -4388020,56696614 -4016982,22135215
-1311872,37352207 -3844994,92249923 -4321135,55159442 -4020066,29537923
-1311872,37352207 -3843871,810158 -4279156,47635255 -4028127,35603699
-1311872,37352207 -3817437,82230796 -4405121,34629873 -4030722,07809125
-1311872,37352207 -3803237,34861033 -4381237,12828338 -4030511,49044178
-1311872,37352207 -3813226,80314131 -4383868,52767155 -4032751,9922473
-1311872,37352207 -3827300,93087968 -4354977,56862878 -4031940,16581864
-1311872,37352207 -3813669,82495966 -4337449,64843449 -4030393,74377481
-1311872,37352207 -3814956,72498009 -4429339,65472505 -4027916,78948801
-1311872,37352207 -3819727,35648096 -4350161,54014826 -4033039,43896995
-1311872,37352207 -3823130,17303847 -4319524,17619945 -4039022,93511713
-1311872,37352207 -3835091,96769901 -4361188,93051476 -4041676,95518221
-1311872,37352207 -3847830,07351846 -4323008,41100518 -4041105,28844714
-1311872,37352207 -3857597,65803256 -4373912,88069969 -4045246,14407405
-1311872,37352207 -3856040,22774264 -4379743,71714991 -4044793,50006172
-1311872,37352207 -3845023,65682416 -4343991,76106616 -4051065,36537053
-1311872,37352207 -3877939,25364018 -4385534,39308001 -4054907,83363125
-1311872,37352207 -3888063,06947848 -4429056,17611451 -4048324,77321499
-1311872,37352207 -3887233,72724562 -4358510,76426258 -4050409,7713278
-1311872,37352207 -3887173,75600387 -4370245,87015469 -4055024,40782041
-1311872,37352207 -3875626,41487036 -4414331,29711819 -4055053,50964724
-1311872,37352207 -3880909,45369124 -4364180,72147085 -4060524,47454277
-1311872,37352207 -3882317,66026338 -4419978,91622747 -4066040,70536852
-1311872,37352207 -3892746,81223497 -4363023,57384697 -4066859,90483762
-1311872,37352207 -3894709,18287805 -4367822,55874787 -4063003,18881685
-1311872,37352207 -3898709,176247 -4384377,67272604 -4063259,06589539
-1311872,37352207 -3894522,60232779 -4409457,24745595 -4061868,98773071
-1311872,37352207 -3896700,26117584 -4388391,75078576 -4051277,72147286
-1311872,37352207 -3897783,70063848 -4360832,57881777 -4051228,37765014
-1311872,37352207 -3904004,23143012 -4327587,84348488 -4053989,56612691
-1311872,37352207 -3901109,21130203 -4331380,1375137 -4063671,2342576
-1311872,37352207 -3903787,68233527 -4353670,4417475 -4063816,95966486
-1311872,37352207 -3904827,83850586 -4343080,99969443 -4066231,13609309
-1311872,37352207 -3927619,09866139 -4380310,31087105 -4069249,8884588
-1311872,37352207 -3952560,33744628 -4400766,12321393 -4074227,00623524
-1311872,37352207 -3955724,22814722 -4372787,02848236 -4074685,71372064
-1311872,37352207 -3953342,57796298 -4370162,05356099 -4074069,23099792
-1311872,37352207 -3951121,48654894 -4337670,54851197 -4073941,96080604
-1311872,37352207 -3953447,61190606 -4326722,42237005 -4073082,92140226
-1311872,37352207 -3973230,21439244 -4354432,1540323 -4072709,50276791
-1311872,37352207 -3978478,17659192 -4385325,50032896 -4075859,59822213
-1311872,37352207 -3979237,40516796 -4366848,69927639 -4078550,89031618
-1311872,37352207 -3981357,69286775 -4344952,09366419 -4087188,64876617
-1311872,37352207 -3975674,27267976 -4346061,00650701 -4088035,2882914
-1311872,37352207 -3972664,7794067 -4352091,59177359 -4086720,02913702
-1311872,37352207 -3982789,29611645 -4393021,25607229 -4086907,44666814
-1311872,37352207 -3989659,40752486 -4368823,42140948 -4092727,98414746
-1311872,37352207 -3982690,73669065 -4397108,71235957 -4093694,63859106
-1311872,37352207 -3991404,95387002 -4386353,21148024 -4096262,18115305
-1311872,37352207 -3984688,83651727 -4344941,478378 -4099424,46889966
-1311872,37352207 -3982157,98349931 -4373164,15890013 -4100104,46382377
-1311872,37352207 -3986716,40445756 -4411351,37333299 -4102664,29874871
-1311872,37352207 -3986626,39594047 -4391683,198759 -4101317,09619902
-1311872,37352207 -3990201,6979072 -4324792,76345415 -4102887,08830112
-1311872,37352207 -3991971,62188083 -4326275,08831321 -4105189,48538248
-1311872,37352207 -4014647,66625875 -4359045,32133627 -4104392,29420324
-1311872,37352207 -4019552,24788379 -4360238,89040391 -4095046,83495472
-1311872,37352207 -4021861,65964828 -4353347,00443636 -4094128,19453878
-1311872,37352207 -4010141,46419775 -4342002,24734708 -4095631,29545414
-1311872,37352207 -3994540,1728073 -4316318,0005905 -4098763,92079215
-1311872,37352207 -3992832,0949273 -4340465,93805209 -4096893,04833498
-1311872,37352207 -3999276,20802375 -4370814,46114061 -4090673,67885711
-1311872,37352207 -4009572,64154781 -4404455,47798984 -4089951,71688574
-1311872,37352207 -4007679,75821927 -4368455,57534271 -4089889,82883182
-1311872,37352207 -4002894,21819634 -4337991,74568461 -4088962,17275637
-1311872,37352207 -4016671,08467335 -4356730,60791062 -4093901,07292348
-1311872,37352207 -4010062,34571452 -4397993,3688608 -4099440,90827938
-1311872,37352207 -4009786,54304474 -4395177,95664596 -4103609,59396866
-1311872,37352207 -4011230,87741173 -4383215,69034685 -4099023,2352304
-1311872,37352207 -4013877,60133288 -4357917,62674008 -4101066,74379256
-1311872,37352207 -4039266,57383246 -4419745,57133772 -4112675,48017533
-1311872,37352207 -4030751,84202562 -4361368,71006181 -4116564,67840407
-1311872,37352207 -4045945,13121666 -4385074,00916971 -4119767,89867279
-1311872,37352207 -4026615,90879991 -4376813,61580945 -4121467,32784066
-1311872,37352207 -4031947,32563867 -4456805,10851645 -4120868,34646992
-1311872,37352207 -4032216,2991249 -4385425,37085577 -4117430,06307223
-1311872,37352207 -4029412,51634346 -4426227,90657162 -4115131,37874461
-1311872,37352207 -4052239,008735 -4447492,5077494 -4120975,72023715
-1311872,37352207 -4054208,79689718 -4484714,86754513 -4131241,77954724
-1311872,37352207 -4050552,62446262 -4475352,749993 -4129330,65798285
-1311872,37352207 -4032829,0805139 -4496085,78377568 -4130721,03562472
-1311872,37352207 -4038187,55441546 -4442152,20659995 -4131121,56518859
-1311872,37352207 -4029945,93108948 -4389098,28126006 -4136727,05340225
-1311872,37352207 -4027541,11569666 -4499463,68132648 -4135852,72829227
-1311872,37352207 -4023855,59846853 -4491469,71037315 -4134355,2639005
-1311872,37352207 -4020470,64423695 -4416375,44058623 -4130846,29501939
-1311872,37352207 -4039933,57276618 -4450222,6435599 -4140075,54765128
-1311872,37352207 -4025698,46041072 -4427861,41697676 -4139878,57048356
-1311872,37352207 -4023713,7236312 -4416742,45722687 -4136163,13033027
-1311872,37352207 -4024842,4995165 -4430353,94538008 -4135218,54181889
-1311872,37352207 -4024035,43500726 -4466484,55262318 -4134593,12204877
-1311872,37352207 -4010712,95929231 -4429071,12596502 -4140858,71078995
-1311872,37352207 -4011324,25813096 -4446230,40321099 -4144840,11530302
-1311872,37352207 -4014151,35149753 -4482688,43096478 -4156784,38822605
-1311872,37352207 -4014048,35236618 -4536013,39530353 -4162128,73033393
-1311872,37352207 -4011482,5792298 -4525880,66913117 -4163569,59496991
-1311872,37352207 -4010000,97876996 -4506220,68891026 -4163384,2706821
-1311872,37352207 -4002536,72461479 -4509871,89215527 -4162091,42491661
-1311872,37352207 -3997817,69690232 -4584776,52401103 -4164248,16859147
-1311872,37352207 -4011436,41463193 -4462995,42479077 -4163745,39383358
-1311872,37352207 -4014774,40974704 -4488306,17681352 -4169023,35682575
-1311872,37352207 -4002017,10639278 -4525071,57900824 -4167593,19408555
-1311872,37352207 -4009894,66173848 -4501659,43089016 -4173750,72641006
-1311872,37352207 -4010561,67372424 -4556109,02503721 -4177177,40337766
-1311872,37352207 -4008163,66550136 -4550738,6572112 -4178122,8505321
-1311872,37352207 -4015214,11752518 -4514680,28663644 -4177424,55270007
-1311872,37352207 -4034900,5839672 -4462914,69561262 -4184217,17745878
-1311872,37352207 -4032205,56904991 -4526603,51466216 -4183935,89247166
-1311872,37352207 -4037659,95586657 -4545179,7322607 -4183045,36001417
-1311872,37352207 -4033871,09780502 -4428591,80774547 -4178531,84237403
-1311872,37352207 -4033128,8728816 -4471717,85193459 -4178204,95167416
-1311872,37352207 -4060475,26179672 -4473995,32797161 -4187581,6240598
-1311872,37352207 -4059577,20357316 -4444515,83503285 -4192591,95267193
-1311872,37352207 -4061677,61880855 -4492909,66868555 -4192812,50970699
-1311872,37352207 -4064582,75204612 -4448427,35113231 -4195775,95537248
-1311872,37352207 -4061633,20739292 -4501430,20445266 -4193822,02357067
-1311872,37352207 -4059047,07165283 -4526438,92391324 -4199155,76214194
-1311872,37352207 -4059844,78795221 -4493802,31331322 -4201848,13751608
-1311872,37352207 -4061637,66789068 -4496441,3492308 -4196176,05874188
-1311872,37352207 -4062033,52642033 -4495047,19616568 -4201231,40990278
-1311872,37352207 -4072436,57708557 -4465204,38911595 -4198127,00156619
-1311872,37352207 -4074649,1257631 -4440129,56967059 -4200070,41469363
-1311872,37352207 -4074224,6668228 -4448251,71773198 -4196642,39852388
-1311872,37352207 -4074520,46575296 -4504280,40460488 -4196961,38836459
-1311872,37352207 -4076809,32109903 -4476434,58220064 -4197360,16602519
-1311872,37352207 -4088183,64793591 -4474664,58829067 -4198012,11684372
-1311872,37352207 -4085403,72192645 -4471615,51658126 -4199576,42830741
-1311872,37352207 -4096544,65379254 -4484099,52484966 -4199262,91525802
-1311872,37352207 -4099488,45383998 -4464669,92707068 -4203775,64381112
-1311872,37352207 -4095906,31115358 -4454165,24824698 -4205113,48996141
-1311872,37352207 -4093407,665187 -4461137,68824471 -4199296,03830725
-1311872,37352207 -4105599,5497877 -4489023,19089723 -4204138,65280721
-1311872,37352207 -4102787,37329135 -4460306,27205158 -4205988,67020903
-1311872,37352207 -4099837,8760334 -4452521,94169633 -4198394,01070815
-1311872,37352207 -4077024,28963372 -4452343,02117113 -4195493,15642898
-1311872,37352207 -4076065,78855951 -4432564,03745153 -4197228,33546795
-1311872,37352207 -4090670,6406446 -4441205,07480639 -4203354,29053824
-1311872,37352207 -4094106,44459753 -4467498,94944243 -4205372,34544864
-1311872,37352207 -4081785,20995743 -4412042,34162789 -4205069,84219837
-1311872,37352207 -4071367,5322904 -4464175,76704374 -4210108,864435
-1311872,37352207 -4069258,38582654 -4469642,28239198 -4211580,83831057
-1311872,37352207 -4064693,48350523 -4466197,62007917 -4206540,43176811
-1311872,37352207 -4067255,99991879 -4436845,58015097 -4208673,82782525
-1311872,37352207 -4060425,73678787 -4473110,16363137 -4207067,3409099
-1311872,37352207 -4058680,58718217 -4462783,12318429 -4203073,84581954
-1311872,37352207 -4049209,8647664 -4477492,14453595 -4195550,66394274
-1311872,37352207 -4041478,98357314 -4434997,8602376 -4195189,03007483
-1311872,37352207 -4036837,65164284 -4478311,46358978 -4197842,96409937
-1311872,37352207 -4030427,79881205 -4456584,25402131 -4197152,11242493
-1311872,37352207 -4021331,16491494 -4440149,99937644 -4198905,68162202
-1311872,37352207 -4014727,86881782 -4465035,64177573 -4198598,66570524
-1311872,37352207 -4013828,39082826 -4477991,0270562 -4195932,2279517
-1311872,37352207 -4025522,43885451 -4449135,73154578 -4198262,54481666
-1311872,37352207 -4029322,74977078 -4492320,97909536 -4199511,43384806
-1311872,37352207 -4031754,31368941 -4480222,86731754 -4196050,90490625
-1311872,37352207 -4031864,27436154 -4469111,09004907 -4200335,83418016
-1311872,37352207 -4033314,70888887 -4428626,55851397 -4200781,2581898
-1311872,37352207 -4028131,87975339 -4481124,05343038 -4208634,2421772
-1311872,37352207 -4035149,00212493 -4463062,08532214 -4210948,26194935
-1311872,37352207 -4027132,19651365 -4499984,91539772 -4213457,39382131
-1311872,37352207 -4026648,13399749 -4524344,88440347 -4213566,82434056
-1311872,37352207 -4010354,74073977 -4489514,71569728 -4211066,72605321
-1311872,37352207 -4010514,47962653 -4491009,22142795 -4213099,14934823
-1311872,37352207 -4010216,81148279 -4470262,22868732 -4213254,90681801
-1311872,37352207 -4009955,46635195 -4505625,92497389 -4211186,71892122
-1311872,37352207 -4016874,95673165 -4473083,31141209 -4213463,8799048
-1311872,37352207 -4011775,44219781 -4498897,73783554 -4211078,17821044
-1311872,37352207 -4010979,34424771 -4468753,37016042 -4214925,06913925
-1311872,37352207 -4002890,72292538 -4544941,63729637 -4212900,4045019
-1311872,37352207 -4002011,27082172 -4479587,58029429 -4217818,51984161
-1311872,37352207 -3999158,98768865 -4505795,8928132 -4222887,47104479
-1311872,37352207 -4015961,63655249 -4475317,73294638 -4221270,00470834
-1311872,37352207 -4014277,77351759 -4535434,29929198 -4221139,80708357
-1311872,37352207 -4011960,93713555 -4554766,15347875 -4221608,79640841
-1311872,37352207 -4040257,58807434 -4491968,32379988 -4227875,93429611
-1311872,37352207 -4038076,9568647 -4517743,37640697 -4230790,93714022
-1311872,37352207 -4037024,31224862 -4513410,67908631 -4234619,39570526
-1311872,37352207 -4038377,95580408 -4487240,96396208 -4228791,52953169
-1311872,37352207 -4044784,57555737 -4522295,84304673 -4228997,14580367
-1311872,37352207 -4045761,96070428 -4546022,7035671 -4230297,2542249
-1311872,37352207 -4049185,90712084 -4447765,61621668 -4239651,00379389
-1311872,37352207 -4071508,76324139 -4458889,16846559 -4241188,93503478
-1311872,37352207 -4066146,52770679 -4447110,93063977 -4235059,58662754
-1311872,37352207 -4067372,56117919 -4513796,08635687 -4240528,57538413
-1311872,37352207 -4086454,1478193 -4515516,67458054 -4251453,4622945
-1311872,37352207 -4082465,99792985 -4516567,62139044 -4256758,51660269
-1311872,37352207 -4075142,09200876 -4582120,20217298 -4256940,84181267
-1311872,37352207 -4079444,81955511 -4514987,74412453 -4253755,8597867
-1311872,37352207 -4078354,20072972 -4493250,06400584 -4254110,62470316
-1311872,37352207 -4081095,42438075 -4546593,62313426 -4253528,69072135
-1311872,37352207 -4115690,1728317 -4556401,44691817 -4258102,77398187
-1311872,37352207 -4159411,39113076 -4541076,52434353 -4262795,06875631
-1311872,37352207 -4155294,51375426 -4626024,38402035 -4262740,916934
-1311872,37352207 -4150340,27567332 -4612726,27923707 -4264455,09206477
-1311872,37352207 -4154772,60527029 -4572576,24299504 -4265636,51979811
-1311872,37352207 -4144605,00153588 -4548051,20942907 -4268055,06578777
-1311872,37352207 -4143337,85253475 -4557163,39713008 -4265571,63686724
-1311872,37352207 -4167346,39552849 -4588185,67687751 -4275042,77006125
-1311872,37352207 -4138664,35835074 -4544232,71939872 -4266844,39219614
-1311872,37352207 -4138455,45246469 -4511144,70318517 -4266822,50420002
-1311872,37352207 -4140104,96567774 -4578411,71021739 -4273329,61632674
-1311872,37352207 -4170636,48897357 -4617127,57744716 -4275188,49257786
-1311872,37352207 -4167361,73054299 -4675798,29746609 -4276986,52180681
-1311872,37352207 -4167079,17957511 -4612072,74570387 -4277146,11965968
-1311872,37352207 -4183022,89140542 -4589595,12812417 -4281124,90993352
-1311872,37352207 -4188022,89140542 -4595757,42858761 -4285629,41413183
-1311872,37352207 -4156281,13506974 -4628593,11950468 -4286949,44512296
-1311872,37352207 -4154705,68255696 -4644483,17914263 -4291525,74737931
-1311872,37352207 -4159867,96021712 -4625758,6217338 -4298246,23793364
-1311872,37352207 -4160364,64333836 -4659997,11019229 -4302451,29581604
-1311872,37352207 -4151181,9220324 -4631392,0807796 -4301447,28742869
-1311872,37352207 -4148779,72065471 -4564048,20452575 -4304707,03322402
-1311872,37352207 -4133716,29092694 -4639420,24076959 -4306446,84858396
-1311872,37352207 -4137248,63783836 -4667370,64966737 -4308638,41555116
-1311872,37352207 -4127813,68102066 -4653393,68115743 -4307971,37935682
-1311872,37352207 -4136277,66331045 -4649220,00059751 -4305504,61584751
-1311872,37352207 -4129269,68459371 -4584359,11994843 -4303369,66789216
-1311872,37352207 -4156069,52769543 -4578653,18131977 -4305697,36808787
-1311872,37352207 -4165203,05529675 -4607477,85220521 -4310523,56399725
-1311872,37352207 -4164160,2256889 -4601017,94396949 -4308684,72040434
-1311872,37352207 -4167902,47889992 -4650469,17142435 -4306602,06913653
-1311872,37352207 -4169137,42549215 -4560944,82557152 -4306788,23969364
-1311872,37352207 -4169676,31450272 -4562298,33620917 -4308060,54182385
-1311872,37352207 -4167934,91231682 -4590382,01871789 -4307259,04068355
-1311872,37352207 -4160341,81165019 -4595254,79981811 -4309077,93180877
-1311872,37352207 -4162399,32828037 -4646188,16958072 -4304284,11314878
-1311872,37352207 -4158520,19142304 -4644221,28117488 -4302897,87626319
-1311872,37352207 -4161920,01439799 -4623186,90488061 -4309110,01031964
-1311872,37352207 -4169607,32604679 -4636215,60458601 -4314111,48369994
-1311872,37352207 -4175322,70322281 -4635593,94764745 -4314088,5899581
-1311872,37352207 -4172286,97203491 -4632174,08302934 -4315302,22180367
-1311872,37352207 -4133761,92735613 -4642065,31332957 -4320662,57789193
-1311872,37352207 -4130832,81436708 -4627453,59960015 -4322319,68628448
-1311872,37352207 -4123821,28630892 -4653437,47723566 -4326713,76977047
-1311872,37352207 -4123913,45722349 -4671416,56929739 -4325157,45888763
-1311872,37352207 -4126581,31472066 -4687434,75626205 -4330352,7151478
-1311872,37352207 -4112181,5872296 -4663062,7687513 -4330564,94541365
-1311872,37352207 -4110509,83313683 -4591977,68611774 -4331690,36223086
-1311872,37352207 -4110745,82600428 -4679344,03828665 -4330995,42783733
-1311872,37352207 -4102570,33788584 -4615931,93205519 -4334877,62928831
-1311872,37352207 -4093208,07119217 -4641126,53108539 -4341274,26630938
-1311872,37352207 -4093028,51915208 -4669010,49927755 -4337931,51091844
-1311872,37352207 -4114195,68848871 -4617988,32956035 -4346812,39104194
-1311872,37352207 -4117265,52832811 -4668915,99067715 -4345992,44288558
-1311872,37352207 -4140401,98983476 -4590256,34303632 -4348129,02969003
-1311872,37352207 -4139829,27011176 -4662277,80538166 -4348649,43206362
-1311872,37352207 -4144160,52063256 -4607752,20657141 -4351504,66961036
-1311872,37352207 -4148070,2059868 -4642257,64188521 -4346571,03447754
-1311872,37352207 -4154687,57699211 -4613219,84584937 -4354664,99878885
-1311872,37352207 -4149401,18439715 -4664066,42967741 -4356028,26924083
-1311872,37352207 -4165014,8657389 -4625680,91727036 -4360089,19092346
-1311872,37352207 -4150067,34715491 -4653847,78483114 -4360715,93114644
-1311872,37352207 -4150681,67683929 -4634453,97444016 -4364415,95113432
-1311872,37352207 -4173012,60696441 -4701910,63636242 -4365824,44996669
-1311872,37352207 -4166611,04602283 -4624835,98462084 -4363725,02769629
-1311872,37352207 -4163761,81441747 -4666215,09046044 -4364157,29374283
-1311872,37352207 -4170063,61323038 -4678825,88337882 -4359808,79594142
-1311872,37352207 -4168110,08701349 -4646344,52737667 -4364167,01036399
-1311872,37352207 -4155493,4733928 -4619119,31140417 -4368999,36863738
-1311872,37352207 -4144609,3980719 -4687059,44104546 -4365779,83729125
-1311872,37352207 -4155232,32835765 -4664550,00700742 -4362686,85776286
-1311872,37352207 -4154286,97195131 -4652679,92279741 -4360492,95137019
-1311872,37352207 -4160548,06549155 -4661828,18033629 -4361376,00937053
-1311872,37352207 -4177170,01957256 -4681259,66481092 -4356664,04802943
-1311872,37352207 -4170637,19116519 -4648115,77011832 -4358249,11609151
-1311872,37352207 -4168414,66064422 -4678929,12936937 -4350847,46347938
-1311872,37352207 -4157774,87715509 -4691221,25222498 -4349284,85538961
-1311872,37352207 -4157313,74826379 -4688313,67199879 -4352512,14037285
-1311872,37352207 -4147407,4042349 -4716177,39981083 -4348024,57361349
-1311872,37352207 -4147808,01319623 -4699567,09485571 -4354576,89059844
-1311872,37352207 -4142463,94358934 -4661275,03959596 -4354086,81984323
-1311872,37352207 -4125587,11264219 -4690547,89298011 -4351349,0540613
-1311872,37352207 -4119468,26535995 -4694809,72439234 -4350893,25110868
-1311872,37352207 -4110287,72080656 -4694595,80699921 -4345216,4411655
-1311872,37352207 -4110645,04349833 -4735830,75888214 -4337012,04252219
-1311872,37352207 -4119168,19211526 -4636540,31445452 -4337331,75547105
-1311872,37352207 -4106391,03963447 -4724392,57072756 -4337325,40816359
-1311872,37352207 -4096860,58109165 -4664377,22131888 -4337120,86804343
-1311872,37352207 -4096865,24860977 -4693939,66516517 -4332783,15763954
-1311872,37352207 -4085072,78753021 -4669187,19282055 -4333457,46086762
-1311872,37352207 -4100386,83653685 -4674699,48248847 -4340187,74574159
-1311872,37352207 -4099775,30976039 -4665493,40685462 -4339766,23640593
-1311872,37352207 -4103820,6249408 -4672542,4535364 -4341777,39916758
-1311872,37352207 -4088413,21818429 -4660494,02873771 -4341838,67226889
-1311872,37352207 -4071691,03319703 -4677045,94480316 -4342566,57280101
-1311872,37352207 -4072397,0339774 -4662450,41472013 -4346651,37614043
-1311872,37352207 -4067892,30468931 -4676983,14157624 -4343783,24826489
-1311872,37352207 -4074425,49779775 -4681920,95201961 -4339978,7348518
-1311872,37352207 -4076920,29829546 -4631983,76586293 -4344656,97780531
-1311872,37352207 -4079920,29829546 -4643416,20548771 -4344016,09650555
-1311872,37352207 -4079877,23727086 -4704209,7126167 -4343727,48444998
-1311872,37352207 -4073847,11215821 -4675921,90028828 -4342463,30142964
-1311872,37352207 -4072033,47100168 -4712539,83220918 -4345865,2235567
-1311872,37352207 -4076400,67297071 -4687929,37942447 -4350433,77418624
-1311872,37352207 -4085729,63599687 -4704372,71526896 -4354552,12213755
-1311872,37352207 -4088760,85598197 -4684945,5394718 -4363623,36206564
-1311872,37352207 -4079995,88623099 -4702453,75028775 -4359612,69101801
-1311872,37352207 -4080588,30898493 -4687694,51501095 -4357846,18698402
-1311872,37352207 -4078303,12396105 -4698349,2572843 -4360130,9363376
-1311872,37352207 -4107996,62330673 -4736025,72394724 -4364687,72698435
-1311872,37352207 -4123443,70830087 -4699127,69834971 -4377071,04580231
-1311872,37352207 -4123745,0993129 -4697410,17090321 -4369174,14378121
-1311872,37352207 -4131019,41182146 -4714496,34353556 -4369823,92271617
-1311872,37352207 -4108675,43378178 -4768723,81217875 -4375015,20820833
-1311872,37352207 -4102800,31964268 -4729154,49986158 -4378768,92360285
-1311872,37352207 -4116491,15305019 -4730181,14589316 -4379748,89557044
-1311872,37352207 -4104962,92096725 -4724671,24237271 -4378546,39171477
-1311872,37352207 -4126225,89823364 -4807589,30720542 -4380163,50527059
-1311872,37352207 -4124702,03830538 -4769390,28820059 -4379630,4948133
-1311872,37352207 -4118894,89564738 -4759816,64745486 -4377178,82694536
-1311872,37352207 -4143052,66626185 -4702900,58506096 -4381186,36273159
-1311872,37352207 -4139583,60481925 -4753680,59328627 -4386166,97707763
-1311872,37352207 -4124705,64612025 -4726846,96757314 -4387758,92079345
-1311872,37352207 -4124723,12389096 -4806346,63210482 -4388210,0413781
-1311872,37352207 -4142103,17667286 -4785536,8750126 -4403353,05419319
-1311872,37352207 -4136671,01013866 -4775098,94412609 -4398193,35939168
-1311872,37352207 -4138909,03949978 -4868449,19664502 -4401445,17341609
-1311872,37352207 -4137672,04618015 -4807693,00748829 -4400700,36053998
-1311872,37352207 -4184896,78082153 -4798946,7188728 -4408701,4247468
-1311872,37352207 -4177463,84296848 -4768486,71682548 -4406786,48468224
-1311872,37352207 -4168434,7594641 -4835606,40412526 -4398876,49531808
-1311872,37352207 -4224083,19015828 -4760277,71578243 -4409030,46266611
-1311872,37352207 -4219014,17158632 -4769937,07252645 -4408234,47421188
-1311872,37352207 -4213673,12126942 -4769344,62957325 -4406685,50856227
-1311872,37352207 -4210801,46409735 -4805170,59792952 -4405010,35029999
-1311872,37352207 -4211335,10650324 -4741945,42240838 -4410202,85826392
-1311872,37352207 -4211710,78847359 -4761964,24210668 -4416781,66030022
-1311872,37352207 -4208113,18416991 -4816342,56127914 -4411673,96645829
-1311872,37352207 -4215084,13561697 -4832393,04127117 -4423521,44816909
-1311872,37352207 -4197609,64300016 -4870181,72399669 -4423202,7861953
-1311872,37352207 -4177695,84581112 -4833487,32689329 -4420956,29672193
-1311872,37352207 -4174660,47509463 -4885443,32792254 -4419950,84528634
-1311872,37352207 -4179098,97115917 -4863691,58960885 -4418233,76893426
-1311872,37352207 -4176163,71355118 -4860071,00961941 -4418775,12386225
-1311872,37352207 -4167801,81932903 -4938532,80631065 -4418392,70483952
-1311872,37352207 -4169895,86734607 -4929046,54305195 -4418972,58133712
-1311872,37352207 -4154202,37171807 -4911733,96473981 -4417617,96481025
-1311872,37352207 -4153633,5958354 -4903504,54935108 -4417193,64588447
-1311872,37352207 -4149108,75415873 -4930868,38441867 -4418779,1052653
-1311872,37352207 -4148435,387472 -4912672,98910769 -4423773,27058597
-1311872,37352207 -4152233,06111221 -4872418,4616705 -4423323,32298011
-1311872,37352207 -4140708,39285758 -4919490,14830457 -4424901,95068156
-1311872,37352207 -4141998,63556388 -4950308,18593004 -4426455,20761914
-1311872,37352207 -4149607,56629946 -4860648,72994348 -4424777,84735442
-1311872,37352207 -4157395,40675987 -4940428,66496501 -4425355,17716641
-1311872,37352207 -4196385,18079021 -4945683,99526651 -4432308,26679733
-1311872,37352207 -4196795,76826855 -4973285,2235039 -4431988,13589644
-1311872,37352207 -4177536,22286578 -4943412,1289215 -4432867,64875342
-1311872,37352207 -4177877,17387618 -4952897,90282554 -4431677,43977614
-1311872,37352207 -4187122,92142163 -4991222,17243152 -4432328,44031953
-1311872,37352207 -4185737,48600323 -4998380,48017449 -4431422,17455529
-1311872,37352207 -4200185,13164126 -4950833,1872231 -4433310,00222027
-1311872,37352207 -4211870,8984706 -4964506,61861205 -4434564,44490181
-1311872,37352207 -4225544,06174195 -4891637,64404899 -4436440,33049149
-1311872,37352207 -4218891,45047297 -4929135,98679085 -4438532,60417022
-1311872,37352207 -4218789,3980591 -4892380,07371627 -4438118,42335773
-1311872,37352207 -4232763,79285385 -4895941,99042875 -4436602,89219511
-1311872,37352207 -4244944,10218955 -4910467,51334082 -4443056,99895675
-1311872,37352207 -4249927,08622821 -5013729,30780343 -4438629,23234816
-1311872,37352207 -4260753,69104819 -4949460,28412298 -4442813,34109849
-1311872,37352207 -4266972,33862809 -4898924,33014596 -4443006,43051398
-1311872,37352207 -4265574,13915212 -4883333,29245986 -4441623,8833973
-1311872,37352207 -4264846,23324749 -4878539,01715827 -4438353,75113017
-1311872,37352207 -4244879,59101062 -4860553,48380078 -4437503,32540321
-1311872,37352207 -4244718,26474551 -4880825,53000331 -4437091,92934929
-1311872,37352207 -4216964,51709112 -4886978,69541471 -4434079,35836814
-1311872,37352207 -4209675,70419151 -4867486,40777524 -4435323,55203861
-1311872,37352207 -4207855,36547523 -4885358,05367759 -4440910,81665796
-1311872,37352207 -4210153,96409315 -4887401,23962493 -4438204,24041721
-1311872,37352207 -4212492,53941652 -4878203,34691105 -4438629,99704677
-1311872,37352207 -4209850,27868124 -4916025,55448005 -4438321,33122524
-1311872,37352207 -4203321,19182741 -4896749,93408197 -4430396,23384186
-1311872,37352207 -4195115,66163582 -4899543,29814909 -4433292,40011002
-1311872,37352207 -4195108,36561508 -4951257,79264668 -4433213,36722225
-1311872,37352207 -4208225,3768712 -4950395,38631026 -4440112,96978626
-1311872,37352207 -4196133,58106097 -4946726,11770494 -4436386,09730446
-1311872,37352207 -4213428,33912825 -4909035,9904548 -4434838,80994703
-1311872,37352207 -4217026,9495553 -4867366,69873691 -4431386,67516668
-1311872,37352207 -4212225,88319755 -4949375,94437152 -4427542,6753546
-1311872,37352207 -4208214,99125267 -4941989,97236062 -4420904,6893443
-1311872,37352207 -4208246,1039927 -4870745,10846759 -4423793,81633755
-1311872,37352207 -4208106,59226099 -4894253,72541695 -4426218,68471139
-1311872,37352207 -4234442,53038123 -4901641,58872753 -4427781,42757947
-1311872,37352207 -4229961,76604276 -4914717,29472254 -4422442,46683425
-1311872,37352207 -4224440,39283449 -4837283,86538209 -4424413,88045057
-1311872,37352207 -4221889,44582277 -4835673,2291168 -4422543,86709506
-1311872,37352207 -4231050,58278757 -4896568,56164542 -4424275,28957076
-1311872,37352207 -4217267,16225522 -4847745,51868475 -4428151,29131579
-1311872,37352207 -4229107,27153044 -4861091,0979086 -4433330,61331476
-1311872,37352207 -4232944,59110173 -4821563,22580927 -4434499,23124253
-1311872,37352207 -4226664,65538483 -4777801,357333 -4433148,63536478
-1311872,37352207 -4241413,80245572 -4871358,44107595 -4432881,50743877
-1311872,37352207 -4245817,28763386 -4825254,27273128 -4445555,04516543
-1311872,37352207 -4245598,71698992 -4868170,87281426 -4448869,12544207
-1311872,37352207 -4238536,62902658 -4843245,56632512 -4449885,97279814
-1311872,37352207 -4233530,11571864 -4892938,42053192 -4451072,27789868
-1311872,37352207 -4237104,94245301 -4964926,65927043 -4450337,56750556
-1311872,37352207 -4190514,79093721 -4888663,43110984 -4449143,35809472
-1311872,37352207 -4185142,1380852 -4956037,98333898 -4446925,78499064
-1311872,37352207 -4170196,38219948 -4909482,07048185 -4444294,70905346
-1311872,37352207 -4193531,48248945 -4969597,66807059 -4444917,9387945
-1311872,37352207 -4179546,59876133 -4868272,28273748 -4445534,85206182
-1311872,37352207 -4179273,71992544 -4859545,73206824 -4445505,92726417
-1311872,37352207 -4177342,37174154 -4883170,83549824 -4454486,04402083
-1311872,37352207 -4181476,19583002 -4903034,63793936 -4458334,09083551
-1311872,37352207 -4159058,90209272 -4903640,87873442 -4450951,60398849
-1311872,37352207 -4147954,475312 -4826583,54043049 -4448694,02989438
-1311872,37352207 -4144395,24085346 -4845337,63006111 -4453962,17942849
-1311872,37352207 -4159957,8570691 -4887024,88656381 -4457355,15711083
-1311872,37352207 -4183482,97135929 -4828807,5525039 -4456502,16305977
-1311872,37352207 -4197922,45393921 -4865248,90341717 -4459816,47287581
-1311872,37352207 -4199006,26014356 -4897677,56215722 -4462448,95346428
-1311872,37352207 -4183139,59283012 -4906246,10039873 -4460155,44323735
-1311872,37352207 -4239963,39922633 -4851450,93861746 -4462209,82352385
-1311872,37352207 -4212580,46634176 -4824475,0997417 -4458378,99581762
-1311872,37352207 -4209477,31246877 -4899495,98809351 -4460283,94422311
-1311872,37352207 -4225141,10737206 -4827305,21742587 -4458589,93999436
-1311872,37352207 -4227358,55710859 -4914447,92441697 -4457496,60916435
-1311872,37352207 -4233286,42311752 -4894695,2781529 -4451035,82950438
-1311872,37352207 -4224360,3671756 -4948777,74661946 -4452523,72623481
-1311872,37352207 -4223984,2858045 -4859762,72791384 -4453494,6569685
-1311872,37352207 -4228408,95247984 -4815465,02854687 -4449886,32582989
-1311872,37352207 -4239319,33198441 -4886717,38308351 -4456150,66461249
-1311872,37352207 -4244941,18973909 -4915798,5992342 -4460110,49041435
-1311872,37352207 -4232756,32418466 -4914337,81811338 -4461737,16960087
-1311872,37352207 -4223176,73713614 -4971610,32719633 -4464792,2829327
-1311872,37352207 -4219910,23564466 -4999832,41449003 -4465238,44369316
-1311872,37352207 -4219612,61842152 -5025848,78617163 -4475094,09668757
-1311872,37352207 -4226167,81661362 -4965763,83380827 -4476247,89148952
-1311872,37352207 -4198301,24591741 -4925873,30169271 -4478207,91567834
-1311872,37352207 -4199571,32686786 -4947045,78854026 -4482777,66469593
-1311872,37352207 -4200552,37213977 -4966117,41420148 -4480503,0564767
-1311872,37352207 -4196455,4203233 -4987911,54995473 -4482573,78087135
-1311872,37352207 -4208384,65487518 -4974765,97923141 -4491194,49983732
-1311872,37352207 -4209482,62330655 -4982461,12688168 -4490784,49152921
-1311872,37352207 -4207734,19747132 -4897471,18253336 -4488746,33967749
-1311872,37352207 -4200556,52932315 -4980105,54975204 -4486666,39086796
-1311872,37352207 -4204531,17112532 -4962291,49451329 -4487342,10588357
-1311872,37352207 -4194677,0164133 -4916433,38915176 -4485645,05302991
-1311872,37352207 -4196397,16966775 -4966695,01199902 -4482550,16337269
-1311872,37352207 -4206371,0133567 -4968862,2496571 -4481668,07292108
-1311872,37352207 -4195917,97756475 -4948889,24344929 -4480133,25249377
-1311872,37352207 -4201783,92998333 -4929768,26214194 -4479882,21543158
-1311872,37352207 -4196316,77398824 -4859567,41223637 -4474421,12975746
-1311872,37352207 -4192682,08873285 -4905427,3020166 -4470987,28520275
-1311872,37352207 -4183631,87305509 -4915190,14930318 -4471711,11153224
-1311872,37352207 -4183522,74888888 -4846570,97128392 -4468152,01934523
-1311872,37352207 -4175319,849622 -4896482,26510551 -4474666,70720749
-1311872,37352207 -4170703,63451887 -4890225,42312007 -4476288,12255842
-1311872,37352207 -4179729,92936862 -4853149,22544942 -4479380,20336862
-1311872,37352207 -4182461,22530236 -4892920,0887649 -4479567,90623147
-1311872,37352207 -4202941,68373981 -4868393,37214462 -4484994,65339374
-1311872,37352207 -4204831,4965939 -4895907,07890125 -4489469,10270007
-1311872,37352207 -4205995,42892771 -4870511,85498478 -4486965,02011488
-1311872,37352207 -4213427,48112612 -4878170,2843849 -4488901,97804744
-1311872,37352207 -4217945,82156403 -4876969,76660337 -4490111,87852628
-1311872,37352207 -4221063,91603548 -4958530,08137159 -4482939,36776805
-1311872,37352207 -4216445,91280376 -4932867,7019981 -4489955,51279229
-1311872,37352207 -4217533,34479679 -4868244,77133217 -4492478,49581023
-1311872,37352207 -4198893,54578611 -4841694,17734321 -4485398,13762822
-1311872,37352207 -4197916,83603571 -4885281,98586634 -4482219,54371435
-1311872,37352207 -4200035,0032439 -4887328,60968832 -4482295,26223811
-1311872,37352207 -4203529,80593756 -4857194,17052243 -4481785,98924201
-1311872,37352207 -4200603,62746513 -4886849,01661956 -4476664,50501127
-1311872,37352207 -4186424,62451902 -4856968,10064325 -4477807,44826375
-1311872,37352207 -4180518,98572992 -4812621,54689492 -4482528,1219239
-1311872,37352207 -4192911,06627041 -4867067,1991648 -4485059,84183193
-1311872,37352207 -4192809,15610464 -4852179,99665984 -4483871,6303178
-1311872,37352207 -4187635,31410511 -4872086,91577411 -4487782,39658006
-1311872,37352207 -4162221,24705769 -4874466,39089629 -4485704,39576964
-1311872,37352207 -4191507,22750222 -4818233,74176673 -4489378,26159802
-1311872,37352207 -4204244,52353186 -4869967,8488719 -4489149,81114949
-1311872,37352207 -4215955,15268188 -4854698,48699084 -4491088,33963458
-1311872,37352207 -4215934,08734675 -4848060,16374704 -4487480,2035039
-1311872,37352207 -4212541,77998686 -4893550,94946321 -4487846,54883537
-1311872,37352207 -4218968,36379102 -4914962,85467691 -4486148,60430658
-1311872,37352207 -4238647,27649196 -4805060,83667409 -4486947,29038319
-1311872,37352207 -4236118,03500962 -4860060,50215282 -4486860,59915271
-1311872,37352207 -4226601,41544241 -4891295,83665088 -4489566,53730526
-1311872,37352207 -4232017,43501063 -4876908,08207925 -4484893,34726062
-1311872,37352207 -4237254,14216918 -4830153,28136861 -4487020,27518304
-1311872,37352207 -4246385,90993612 -4873034,8320376 -4480929,43936588
-1311872,37352207 -4246077,95428153 -4869436,81443628 -4487574,8016534
-1311872,37352207 -4242463,36770914 -4820435,09869959 -4482501,55790338
-1311872,37352207 -4244516,11511349 -4849060,10190091 -4488456,23751042
-1311872,37352207 -4243708,7174568 -4812737,63490912 -4482560,07772559
-1311872,37352207 -4241726,18014255 -4824969,21995537 -4482567,44729172
-1311872,37352207 -4237266,36233096 -4865295,25653878 -4477499,95315514
-1311872,37352207 -4243784,80272285 -4875675,24934537 -4476483,5052729
-1311872,37352207 -4248727,78129716 -4901921,14747755 -4477445,5175409
-1311872,37352207 -4267064,4727263 -4869368,08031864 -4479886,35057351
-1311872,37352207 -4258475,9087788 -4864981,32406917 -4476657,88856742
-1311872,37352207 -4255650,5648323 -4905580,89232594 -4470900,7208494
-1311872,37352207 -4255660,32389543 -4894524,38362178 -4471270,32368686
-1311872,37352207 -4255205,46130328 -4859066,27119911 -4477485,41990621
-1311872,37352207 -4255081,25940001 -4871974,17648013 -4476182,61452739
-1311872,37352207 -4258203,61778472 -4866170,56360716 -4477089,12834691
-1311872,37352207 -4255176,10219546 -4915955,67466718 -4480017,42189095
-1311872,37352207 -4260532,0710175 -4856065,96283361 -4483398,60213337
-1311872,37352207 -4259842,72646188 -4871450,96540625 -4482984,1975994
-1311872,37352207 -4261110,10118856 -4886919,70795328 -4484956,92402028
-1311872,37352207 -4285449,55576772 -4876838,20403893 -4491614,93096129
-1311872,37352207 -4288140,50138563 -4860317,11056952 -4495554,15383187
-1311872,37352207 -4304429,01031923 -4856116,32070304 -4494272,99824661
-1311872,37352207 -4312249,37535796 -4872840,1077387 -4493536,35632243
-1311872,37352207 -4310813,75072575 -4893450,74833815 -4494729,96652299
-1311872,37352207 -4317938,87796826 -4838453,22393292 -4499930,05748065
-1311872,37352207 -4310700,50758655 -4872341,57663212 -4507107,98258525
-1311872,37352207 -4309837,09536454 -4896493,75699746 -4503367,03360428
-1311872,37352207 -4305310,1389884 -4887210,96032642 -4500051,22513721
-1311872,37352207 -4335325,10831342 -4863175,87399745 -4497833,29703469
-1311872,37352207 -4332202,0993971 -4892026,33546802 -4502312,30661857
-1311872,37352207 -4335593,89981193 -4936230,63286251 -4506525,82299862
-1311872,37352207 -4348695,54514583 -4925024,17778987 -4518548,44663845
-1311872,37352207 -4319995,97067739 -4924292,56940898 -4516070,85697856
-1311872,37352207 -4319637,40554323 -4868632,80281314 -4513062,67703932
-1311872,37352207 -4322160,02651535 -4919039,65608841 -4509830,05686301
-1311872,37352207 -4340087,02641617 -4861055,1340499 -4511658,13505319
-1311872,37352207 -4323155,88829435 -4954425,94437792 -4516138,07946078
-1311872,37352207 -4301477,87024499 -4866716,62568461 -4516397,59495588
-1311872,37352207 -4305734,62305505 -4905450,53286793 -4521842,54171398
-1311872,37352207 -4302094,74435889 -4979390,58639879 -4524312,07703163
-1311872,37352207 -4301909,85687815 -4858939,56931459 -4524546,39472867
-1311872,37352207 -4296076,43405681 -4887046,12921477 -4523555,84393468
-1311872,37352207 -4292374,80703405 -4891342,50549574 -4520038,14615448
-1311872,37352207 -4276875,5525513 -4940467,53669517 -4516581,05402132
-1311872,37352207 -4254595,91979083 -4880465,7321805 -4523192,20702203
-1311872,37352207 -4256074,23195459 -4884949,49310521 -4521430,68271941
-1311872,37352207 -4258424,13572857 -4980461,71703271 -4524037,20329484
-1311872,37352207 -4262805,19888865 -4978136,78413364 -4521624,7929039
-1311872,37352207 -4268444,99762276 -4932537,82301269 -4523084,57870307
-1311872,37352207 -4256275,67931559 -4914042,88439881 -4518867,82955643
-1311872,37352207 -4263864,67284505 -4988782,47613054 -4521963,76825505
-1311872,37352207 -4257840,64443924 -4924297,6557943 -4517579,613343
-1311872,37352207 -4259228,89164549 -4932801,61343317 -4512541,81019659
-1311872,37352207 -4259790,93068794 -4965138,85367738 -4516379,11924505
-1311872,37352207 -4249157,5398873 -4880546,11571694 -4520818,39583335
-1311872,37352207 -4248022,1897938 -4936494,47498307 -4514598,73544625
-1311872,37352207 -4249070,41842296 -4928692,82971394 -4513603,69841354
-1311872,37352207 -4242783,37467725 -4935940,07478459 -4512839,03526317
-1311872,37352207 -4217325,84106105 -4914322,39462221 -4510164,78989615
157203,894123047
