-24367,8565379865 -24367,8565379865 -31284,5679136033 -27765,7671604198
-22609,0093268016 -22609,0093268016 -29861,3470613398 -26813,7916649139
-21827,4742047508 -21827,4742047508 -29200,0005044998 -25808,9162957612
-21827,4742047508 -21832,077289444 -28219,5299989413 -25129,6028919842
-21698,2029974783 -21698,2029974783 -27572,594413278 -24535,481045147
-21698,2029974783 -22068,238124927 -27376,6381412871 -24514,7935464258
-21466,9024907399 -21466,9024907399 -27700,6948570365 -24365,3213408496
-21061,1887720674 -21061,1887720674 -27431,4469263246 -23973,8370441309
-20653,2801597203 -20653,2801597203 -26819,2225521829 -23211,8837747905
-20550,6368489845 -20550,6368489845 -25993,2409878078 -22690,9946554968
-20248,2226382438 -20248,2226382438 -25888,4805890456 -22129,9598945877
-19831,6722823299 -19831,6722823299 -24865,1714964377 -21716,9277391192
-19614,3694144833 -19614,3694144833 -24565,3253944627 -21463,7499909141
-19614,3694144833 -19782,387156469 -24218,6982636545 -21241,7522206249
-19378,2141136747 -19378,2141136747 -24210,1975413396 -21063,1747643995
-19378,2141136747 -19439,4523294639 -23824,5269246253 -20858,0793961013
-18944,4638351983 -18944,4638351983 -23364,5345111634 -20546,9098246774
-18882,5439765723 -18882,5439765723 -23096,2989094531 -20276,9694604752
-18875,8451662588 -18875,8451662588 -22825,05757554 -20113,7544893229
-18803,9493098762 -18803,9493098762 -22930,2041715789 -19957,1761094708
-18122,9781561613 -18122,9781561613 -22096,4654821822 -19801,3377845682
-17963,8820822097 -17963,8820822097 -22047,8700955063 -19516,8258020985
-17820,240089286 -17820,240089286 -22207,1358908326 -19404,9531026495
-17561,5722225372 -17561,5722225372 -21835,7333631795 -19313,4010224962
-17353,0222904956 -17353,0222904956 -21629,1065209072 -19164,3521768556
-16714,2193362315 -16714,2193362315 -21731,1553078897 -18944,4004556933
-16238,5468518293 -16238,5468518293 -21978,2450402968 -18758,9001965901
-16189,6611425467 -16189,6611425467 -21448,4159689848 -18597,8616706716
-15872,7294722512 -15872,7294722512 -21027,3711793538 -18458,5729493705
-15863,453319895 -15863,453319895 -21253,9947656778 -18357,3865857188
-15863,453319895 -16360,8391965935 -20885,504378684 -18385,2435310709
-15863,453319895 -16250,2532993741 -21293,0236870566 -18302,7425035891
-15759,3041035992 -15759,3041035992 -20539,237461367 -18113,7820422333
-15759,3041035992 -15825,8285643558 -20215,3111989901 -17912,9421808642
-15759,3041035992 -15931,738171668 -20148,7581093921 -17852,5195196064
-15759,3041035992 -16210,3976385488 -20201,9690581087 -17786,5632779415
-15759,3041035992 -16119,2783374253 -20294,0637575786 -17608,9442843239
-15726,0097050207 -15726,0097050207 -20085,7758981721 -17449,1146486023
-15567,2629785906 -15567,2629785906 -19494,6477790764 -17405,0554209621
-15419,6405445168 -15419,6405445168 -19746,4605467749 -17296,0548365568
-15419,6405445168 -15468,7096210546 -19870,4746777502 -17275,067777879
-15419,6405445168 -15627,0981451459 -19916,3300333303 -17288,2848739776
-15419,6405445168 -15665,2034076509 -20094,2186794161 -17303,0752666947
-15419,6405445168 -15603,2219482715 -20360,9096688919 -17271,1963392268
-15419,6405445168 -15629,1991337388 -20346,6518062831 -17278,9889079296
-15419,6405445168 -15482,1412207692 -20043,7794865147 -17194,51367406
-15419,6405445168 -15482,1412207692 -19642,3180960112 -17276,9850173608
-15419,6405445168 -15550,6695958791 -19298,0117126613 -17244,2637019635
-15323,021329823 -15323,021329823 -19641,4057901233 -17091,1714688789
-15178,7695303633 -15178,7695303633 -19553,2354771172 -17084,8142005874
-15178,7695303633 -15237,5779760551 -19122,1568318846 -17036,3296317041
-15178,7695303633 -15464,7576249542 -19064,7855471145 -16980,7714491337
-15178,7695303633 -15337,4987959218 -19113,1847610653 -16951,2288542221
-15178,7695303633 -15343,2015564665 -19084,9423490318 -16879,6778545728
-15178,7695303633 -15362,6544413698 -18885,1128385238 -16691,7932313867
-15178,7695303633 -15339,2604094869 -19208,5588461346 -16679,1168077457
-15171,7424057077 -15171,7424057077 -19446,227702122 -16670,3545227106
-15044,5619691689 -15044,5619691689 -19431,7063485648 -16562,3248529692
-15044,5619691689 -15192,2995351406 -19443,9354382121 -16439,1949724405
-14967,9742858847 -14967,9742858847 -19967,4001327349 -16252,6500484666
-14967,9742858847 -15016,8069669707 -18779,9271230953 -16247,1234614333
-14967,9742858847 -15115,6768745834 -18379,0448300999 -16255,3413497804
-14967,9742858847 -15200,3136980053 -18406,2770374639 -16156,8489034302
-14664,9075438247 -14664,9075438247 -18364,100653576 -16091,2016671583
-14664,9075438247 -14664,9075438247 -18435,2505172573 -16094,2759511886
-14664,9075438247 -15479,1822002901 -18348,2234489708 -16181,1885735029
-14664,9075438247 -15592,4800346561 -18001,5426663099 -16129,9030177168
-14664,9075438247 -15480,5899224306 -18109,9429105429 -16196,1276862284
-14664,9075438247 -15436,0493363169 -18068,5837459113 -16275,9157135055
-14664,9075438247 -15805,1316202107 -18159,1688259755 -16371,6052129929
-14664,9075438247 -15740,907586909 -18144,5077019186 -16395,3266324555
-14664,9075438247 -15551,936860021 -18214,0301451878 -16379,4032482405
-14664,9075438247 -15471,5556242225 -18425,4253093938 -16499,3155615038
-14664,9075438247 -15461,219324164 -18481,3340301282 -16433,3386516848
-14664,9075438247 -15545,8804738871 -18704,4570195951 -16459,6269700474
-14664,9075438247 -15562,609369408 -18516,4122276961 -16322,698594819
-14664,9075438247 -15425,8592566061 -18275,9282119151 -16215,743192649
-14664,9075438247 -15317,3847880837 -18113,8723756413 -16232,6798464681
-14664,9075438247 -15237,6797824374 -18389,4734900822 -16128,7524711609
-14664,9075438247 -15143,0263530774 -18090,3125536666 -16167,9466951848
-14664,9075438247 -14855,1507239923 -18128,8847134537 -16054,1984884633
-14664,9075438247 -14692,6162385121 -17855,125964449 -16010,1298751937
-14664,9075438247 -15054,3113476037 -17790,5124292153 -16026,1156450561
-14664,9075438247 -15046,5339866182 -17777,765214453 -16068,7799925151
-14664,9075438247 -15236,7928294624 -18114,9590835073 -16115,5278536622
-14664,9075438247 -15189,803607477 -17875,6456566776 -16113,460773599
-14664,9075438247 -15043,9785562502 -17650,4129207004 -16078,8356804231
-14664,9075438247 -15140,077929695 -17889,5242243506 -15934,5375666954
-14664,9075438247 -15070,9878777201 -18269,8420597154 -15992,3016242209
-14664,9075438247 -15079,5362771919 -17537,6258032955 -15829,9613866632
-14664,9075438247 -14815,4028092885 -18001,2771834964 -15772,2833930413
-14664,9075438247 -15092,7428204134 -17684,0544793201 -15793,1448676358
-14664,9075438247 -15030,404706353 -18007,9787603775 -15725,119130816
-14664,9075438247 -14831,5478752075 -17377,0187981378 -15743,7998858088
-14664,9075438247 -14750,9993830591 -17648,2719403314 -15702,5415255241
-14252,8642087284 -14252,8642087284 -17912,7812599494 -15735,0281736831
-14252,8642087284 -14404,3269303877 -18000,4484191508 -15754,8174902339
-14252,8642087284 -14283,6166703898 -17979,3556455893 -15695,1547645668
-14252,8642087284 -14283,6166703898 -17916,3201872718 -15752,146395284
-14252,8642087284 -14377,5386213799 -18283,2340306431 -15640,7943833082
-14252,8642087284 -14465,3271421613 -17853,0449182154 -15746,1864146399
-14252,8642087284 -14254,5814054628 -18049,6088160497 -15664,1751942921
-14252,8642087284 -14282,7157240667 -17946,2784367781 -15634,0886695279
-14252,8642087284 -14857,0059660794 -17396,1248622872 -15668,6435792217
-14252,8642087284 -14556,2374424973 -17292,0126134155 -15457,1840022796
-14252,8642087284 -14572,4738647408 -17423,2446271028 -15460,8483005951
-14252,8642087284 -14564,7201754151 -17602,5769112022 -15464,770432809
-14252,8642087284 -14494,6389356057 -17142,314653237 -15344,6210302761
-14252,8642087284 -14531,2066391743 -16933,6783479833 -15360,9245229338
-14252,8642087284 -14514,1334587698 -17049,5243630877 -15338,1925600785
-14252,8642087284 -14291,4832866596 -17229,6105736949 -15389,838848916
-14164,5502702434 -14164,5502702434 -17298,8046939749 -15348,4222252083
-14164,5502702434 -14192,018718774 -17008,9644549682 -15276,4191604378
-14164,5502702434 -14166,8937128602 -17263,7372616445 -15258,541732678
-14164,5502702434 -14341,3135125728 -16972,9411371345 -15276,0068600368
-14164,5502702434 -14358,8019612135 -17276,1445142259 -15284,7527758224
-14069,9800383879 -14069,9800383879 -17543,161530167 -15314,0897579663
-14038,9556519723 -14038,9556519723 -17597,6849108317 -15190,5537441684
-14038,9556519723 -14045,3575605419 -17025,9000011122 -15204,2900656248
-14010,8762526425 -14010,8762526425 -17184,0790883061 -15287,8123687395
-14010,8762526425 -14019,1493021011 -17298,8006505283 -15358,2454740935
-14010,8762526425 -14185,1537007276 -17345,342348531 -15378,2926160533
-14010,8762526425 -14033,5770409913 -17788,9409532295 -15414,169192097
-13985,2074343988 -13985,2074343988 -18006,4829662847 -15465,1521275057
-13984,1325021654 -13984,1325021654 -17573,3156040249 -15451,1454930298
-13984,1325021654 -14098,2068235987 -17666,0234576686 -15451,7398520703
-13984,1325021654 -14343,4028135287 -18603,3677950509 -15592,9969335448
-13984,1325021654 -14188,5509592479 -17604,2919137939 -15537,6406057023
-13984,1325021654 -14137,9135853133 -18474,0124108944 -15491,0877529423
-13984,1325021654 -14191,8097848113 -18019,1652127138 -15417,7631047704
-13984,1325021654 -14100,981746274 -17896,88827244 -15249,0233657638
-13780,0727625705 -13780,0727625705 -17681,8307880799 -15303,1095973461
-13780,0727625705 -14259,1301389178 -18080,3420694635 -15333,3801417858
-13780,0727625705 -14208,0655254039 -18006,3537763446 -15367,9941375012
-13780,0727625705 -14096,9907088892 -17799,6150422445 -15346,8407064953
-13780,0727625705 -13966,5637222138 -18253,7448006273 -15249,2765001904
-13780,0727625705 -14025,059706689 -18363,176858545 -15220,3201288124
-13780,0727625705 -14305,2287006828 -17597,1308221185 -15265,301267521
-13780,0727625705 -14119,5878041014 -17576,0384550908 -15308,2154393329
-13780,0727625705 -13839,4188101076 -17395,1981172644 -15348,8188781085
-13780,0727625705 -13894,3380651376 -17460,176178823 -15346,0670907071
-13392,2019900006 -13392,2019900006 -17429,025707184 -15180,7087828992
-13392,2019900006 -13539,3761608568 -16939,5876725581 -15295,3161991459
-13392,2019900006 -13517,6634021625 -17382,208591051 -15155,5444309616
-13392,2019900006 -13537,9310500372 -17465,6890636565 -15161,7039014538
-13392,2019900006 -13399,2813086939 -17472,1066263934 -15224,1851316958
-13180,3004941458 -13180,3004941458 -18208,4299018883 -15165,3891032905
-13180,3004941458 -13252,4552161805 -17478,1468227436 -15158,7244108608
-13180,3004941458 -13258,1488206565 -17310,559404351 -15201,2500345244
-13180,3004941458 -13611,7425662129 -17245,9199848831 -15271,8052868969
-13180,3004941458 -13764,2130585755 -17524,5056913185 -15234,450823875
-13180,3004941458 -13205,1142062703 -17262,7241554022 -15081,3095440898
-13180,3004941458 -13208,4153737455 -17257,3916374272 -15134,4673241181
-13076,3390710632 -13076,3390710632 -17151,5786687882 -15095,2658368322
-13076,3390710632 -13159,4947444579 -17566,0677492868 -15103,3201744515
-13076,3390710632 -13154,4453220203 -17065,2416058684 -14988,500558765
-13076,3390710632 -13302,8184727922 -17168,0833611477 -15026,2818479894
-13076,3390710632 -13393,9458471073 -17230,1040862416 -15032,5226848249
-13076,3390710632 -13484,1156994588 -17012,3653064628 -14984,0433549873
-13076,3390710632 -13245,1451015809 -17234,3717952099 -14905,4976078112
-13076,3390710632 -13185,6652410962 -17427,4347410076 -14901,9671522555
-13076,3390710632 -13208,8525629174 -17345,2801450516 -14936,4157596775
-13076,3390710632 -13208,8525629174 -17560,1637573414 -15020,9186462684
-13076,3390710632 -13533,5374050854 -17714,4503613075 -15116,6677093168
-13076,3390710632 -13443,2703659691 -17527,3215084534 -15081,9278976138
-13076,3390710632 -13769,9660051808 -17267,8888261226 -15218,5511972507
-13076,3390710632 -13704,0497451963 -17474,7483237894 -15116,9908547331
-13076,3390710632 -13771,7338009405 -17485,3308306608 -15147,5523821403
-13076,3390710632 -13580,7061265871 -17347,2428600955 -15088,5433594204
-13076,3390710632 -13599,9659882467 -17568,3017506851 -15056,6251242184
-13076,3390710632 -13520,2041853983 -17505,2707473274 -15146,4844790124
-13076,3390710632 -13424,3586653778 -17550,9635946581 -15150,0885696922
-13076,3390710632 -13428,9348518241 -17571,1105039976 -15194,1741226531
-13076,3390710632 -13409,0268835439 -17690,159670753 -15117,7288069089
-13076,3390710632 -13735,1926825371 -17263,7156377152 -15195,4555405701
-13076,3390710632 -13735,1926825371 -17053,8044407499 -15049,7867160473
-13076,3390710632 -13310,3083956931 -17008,9380455443 -15056,2276557581
-13076,3390710632 -13462,9427004378 -17194,5101752962 -15159,7575902481
-13076,3390710632 -13707,6629727946 -17145,9702259296 -15165,5151778249
-13076,3390710632 -13707,6629727946 -17242,9024795763 -15184,1395518588
-13076,3390710632 -13638,5795205846 -17719,4100725145 -15204,285572591
-13076,3390710632 -13656,5379569958 -18048,172236612 -15046,9032888411
-13076,3390710632 -13531,7291914809 -17644,2898236366 -14965,2585688449
-13076,3390710632 -13658,5877063865 -17165,5131518492 -14977,3623045322
-13076,3390710632 -13935,7192514314 -17443,9577874501 -15167,6806752145
-13076,3390710632 -13889,3184516665 -17656,6345332161 -15088,9210108062
-13076,3390710632 -13928,9065768549 -17309,9966115318 -15039,3888541392
-13076,3390710632 -13848,6232932254 -17117,5949933127 -15002,7829430521
-13076,3390710632 -13528,7185161039 -17047,0772074914 -15036,0169609433
-13076,3390710632 -13604,367730318 -17071,3733878057 -15100,0949429804
-13076,3390710632 -13763,1590638853 -17148,3479218449 -15177,0020921686
-13076,3390710632 -13822,6181104921 -17457,4409599367 -15130,7975790273
-13076,3390710632 -13899,3325733948 -17314,281415474 -15116,2813112675
-13076,3390710632 -13749,2968979445 -17051,1429039139 -15045,0180011764
-13076,3390710632 -13776,2339547991 -17164,6223473022 -15056,3192613383
-13076,3390710632 -13819,0310444352 -17477,7354237975 -15044,1456799607
-13076,3390710632 -13820,5162056947 -17606,4745062139 -14995,3676063261
-13076,3390710632 -13907,4860394275 -17512,220512576 -15091,5473265535
-13076,3390710632 -13709,4926046076 -17237,1142299236 -15075,504263475
-13076,3390710632 -13550,7666077449 -17221,3430264727 -14983,5752251902
-13076,3390710632 -13491,6214806184 -17734,1910744949 -14974,912774373
-13076,3390710632 -13600,8014988446 -17287,4032502379 -14922,6128799092
-13076,3390710632 -13646,9928992716 -17619,5072387603 -14906,7709203573
-13076,3390710632 -13589,4678785484 -17265,0887282608 -14831,6835515138
-13076,3390710632 -13772,5936256556 -17340,9022730122 -14834,0528099098
-13076,3390710632 -14006,7446511282 -16799,9967821259 -14881,595264497
-13076,3390710632 -14108,0779444172 -17061,1774215013 -14919,648986935
-13076,3390710632 -13987,6952943478 -16889,7012706797 -14878,3451381098
-13076,3390710632 -13825,5795756153 -17203,9391472408 -14818,8582649142
-13076,3390710632 -13649,1607012162 -16750,2503722788 -14799,8859315392
-13076,3390710632 -13721,6474945898 -17232,7463127058 -14763,918999213
-13076,3390710632 -13782,4791451583 -16857,7862067835 -14771,3817849751
-13076,3390710632 -13784,6670646356 -16531,345900249 -14819,8320899283
-13076,3390710632 -14111,2608359095 -16574,6139493177 -14819,1119075771
-13076,3390710632 -14334,7079837543 -17049,5721232911 -14855,3502767128
-13076,3390710632 -14298,1708048307 -16743,4446059383 -14871,2661668392
-13076,3390710632 -14473,5257593066 -16943,5456488073 -15001,3394687903
-13076,3390710632 -14473,0175370986 -16844,8763970983 -14932,2273904025
-13076,3390710632 -14349,6661819412 -16977,1047968043 -14975,0951773044
-13076,3390710632 -14385,9136388643 -16949,6427664369 -14959,7395020344
-13076,3390710632 -14203,6731436508 -16995,545745733 -15069,0033390159
-13076,3390710632 -14133,5308756222 -16819,1303676414 -15099,2152672746
-13076,3390710632 -14133,5308756222 -16961,7131885271 -15027,9629436274
-13076,3390710632 -14517,9699516782 -17036,2890329167 -15089,7228328531
-13076,3390710632 -14422,9371301629 -16896,1051165219 -15116,1358825507
-13076,3390710632 -14463,3498465398 -17510,5548963705 -15146,6452295121
-13076,3390710632 -14460,9603675573 -17223,1021903077 -15171,2205840458
-13076,3390710632 -14428,9955599527 -16770,5487871116 -15052,3587270729
-13076,3390710632 -14340,5217220955 -17041,9317245743 -15039,5801077594
-13076,3390710632 -14599,0320947774 -16993,5406198128 -15100,3241959793
-13076,3390710632 -14598,5224296982 -16875,0442733229 -15055,9976336783
-13076,3390710632 -14696,3773990792 -17013,8725325225 -15007,4249790641
-13076,3390710632 -14156,3752532096 -17285,0793067795 -14905,3793469954
-13076,3390710632 -14052,6513544319 -16821,6072305492 -14897,4376877387
-13076,3390710632 -14014,5987512221 -16774,4065574482 -14869,5132413058
-13076,3390710632 -14003,7377444189 -16785,5025069448 -14929,4292319759
-13076,3390710632 -13777,2066977247 -16819,063237502 -15010,301772324
-13076,3390710632 -13756,2066795644 -16689,9388165479 -14917,4693632959
-13076,3390710632 -13608,7985051559 -17016,9289433974 -14754,1044719149
-13076,3390710632 -13741,4569582025 -16939,9017070394 -14758,1215037002
-13076,3390710632 -13741,4490646718 -16759,176460417 -14780,9368849106
-13076,3390710632 -13555,7715920677 -16591,2495957915 -14733,9494122972
-13076,3390710632 -13592,5526107259 -16788,4470286831 -14661,4473705159
-13076,3390710632 -13583,389990982 -16406,2138300835 -14661,0057628735
-13076,3390710632 -13710,167065125 -16786,6663945834 -14731,7725394994
-13076,3390710632 -13669,9748568199 -17145,354110669 -14749,4089965124
-12964,9609052043 -12964,9609052043 -16708,3355161167 -14678,4062175489
-12962,5853159159 -12962,5853159159 -17226,3343930442 -14578,1607541797
-12962,5853159159 -12977,4278736013 -16986,4902487371 -14642,4778817245
-12962,5853159159 -13083,7960063379 -17403,9775097434 -14742,3276103358
-12962,5853159159 -12989,6276089582 -17846,0318567947 -14749,3473280785
-12962,5853159159 -12975,2238451895 -17452,8810945763 -14781,4458367434
-12962,5853159159 -13086,1833775407 -17018,5185205704 -14832,1745172115
-12882,2834261586 -12882,2834261586 -16836,5118650152 -14722,1602880225
-12882,2834261586 -12941,0978541002 -17340,051998902 -14709,2828975724
-12587,6831175705 -12587,6831175705 -17055,3172849996 -14650,0409731167
-12557,9006538332 -12557,9006538332 -16898,0315479247 -14634,5623315956
-12552,0747964174 -12552,0747964174 -17302,0508590621 -14573,7416367079
-12552,0747964174 -13231,6643278997 -16777,1253219635 -14647,9616231081
-12552,0747964174 -13146,9494843013 -16936,7752834711 -14619,1930542464
-12552,0747964174 -13165,9845418118 -16719,6853138661 -14583,8221221494
-12552,0747964174 -13263,4514627923 -16986,1011585875 -14603,1482330179
-12552,0747964174 -13218,7312928899 -16817,3239243811 -14632,5270438416
-12552,0747964174 -13006,5650776692 -17240,7508642665 -14667,6490785846
-12552,0747964174 -13156,9687200505 -16892,8432725517 -14605,2463290232
-12552,0747964174 -13417,6264219031 -16923,4177305613 -14632,6804438394
-12552,0747964174 -13368,7295113457 -16734,286715127 -14584,1233903495
-12552,0747964174 -13325,811055416 -16969,5873280832 -14587,3649411908
-12552,0747964174 -13309,544125151 -16615,5810857769 -14513,8447956076
-12552,0747964174 -13591,5361990308 -17037,6517874498 -14606,0020296765
-12552,0747964174 -13564,8357883655 -16861,4766135304 -14661,8559884061
-12552,0747964174 -13392,7993872823 -17127,8048109936 -14556,130977622
-12552,0747964174 -13171,6094919543 -16707,5388222392 -14552,6223560912
-12552,0747964174 -13058,0703538367 -16764,6197276725 -14511,5033444024
-12552,0747964174 -12929,1562566072 -17068,477812958 -14399,4110691025
-12552,0747964174 -12929,1562566072 -17121,3711639404 -14504,6355588835
-12552,0747964174 -12908,4988713367 -16898,9551705146 -14541,1364121409
-12552,0747964174 -12900,9884506204 -17293,4436827286 -14441,8787549125
-12552,0747964174 -12881,1413072771 -17177,4215924177 -14533,5100183855
-12552,0747964174 -12970,1161817673 -17343,0934304122 -14504,5669793385
-12552,0747964174 -12900,2782918886 -16740,9126298963 -14518,0208797254
-12552,0747964174 -13041,8687337033 -17200,5031071205 -14518,152103899
-12552,0747964174 -13726,1283851683 -17456,7982847698 -14675,0579801889
-12552,0747964174 -13475,3588257377 -17072,2989653473 -14771,0882754891
-12552,0747964174 -13307,5673092637 -16930,4865181295 -14812,1596142356
-12552,0747964174 -13406,4444292961 -17125,2788517124 -14720,7545353534
-12552,0747964174 -13161,9475255947 -17219,8921226944 -14642,2898322971
-12552,0747964174 -12965,7088575492 -17323,8900788065 -14538,4635380488
-12552,0747964174 -12807,5802041294 -17205,9786145999 -14526,2694689972
-12552,0747964174 -12996,479689614 -16618,2571195212 -14621,3007297575
-12552,0747964174 -13115,2531611034 -17178,30157969 -14683,7723842111
-12552,0747964174 -13180,7087959639 -17364,8522649561 -14705,020816842
-12552,0747964174 -13298,8230160128 -17398,177102322 -14625,8309453496
-12552,0747964174 -13156,8129500061 -17891,9673462956 -14635,5568148198
-12552,0747964174 -13387,3855805173 -17598,7233930283 -14673,428059742
-12552,0747964174 -13490,7960455986 -17483,6376228553 -14644,043526823
-12552,0747964174 -13564,7014682156 -17219,427073374 -14683,0697957976
-12552,0747964174 -13585,8596420859 -17210,3317910179 -14695,1294742516
-12552,0747964174 -13593,6598530906 -17083,6441727183 -14686,0043405403
-12552,0747964174 -13554,151550865 -16917,6763555999 -14657,3615517322
-12552,0747964174 -13553,6030276463 -17172,8376738962 -14678,2787360619
-12552,0747964174 -13563,939280243 -17723,4861906736 -14671,3453027682
-12552,0747964174 -13585,5719295212 -17165,4667522252 -14674,4252117139
-12552,0747964174 -13476,9749944637 -17433,5465691657 -14702,0796266831
-12552,0747964174 -13739,500674894 -17847,5866736416 -14726,3009503686
-12552,0747964174 -13812,4885864619 -17129,3520377708 -14766,0215301057
-12552,0747964174 -13321,3692772982 -17490,088009682 -14596,1600154666
-12552,0747964174 -13031,5802558876 -17178,8856599453 -14596,1983135153
-12552,0747964174 -13256,5010307662 -16859,7234849025 -14542,8701091537
-12552,0747964174 -12975,1166106878 -16459,9206387981 -14510,1194370571
-12552,0747964174 -12900,8526219593 -17293,8648684188 -14584,1451952544
-12552,0747964174 -12801,0356266534 -17680,7341573637 -14572,6161485963
-12552,0747964174 -12820,734513752 -17201,4426926789 -14619,4542253377
-12552,0747964174 -12808,5464089436 -17391,7094401395 -14666,6359484901
-12552,0747964174 -12737,6666163099 -17199,3816320164 -14600,6044907729
-12552,0747964174 -12673,7968832745 -16727,9187766674 -14606,7291793241
-12552,0747964174 -12617,4810644914 -17716,4073660596 -14646,2408534536
-12552,0747964174 -12575,6508878371 -17264,4181542241 -14619,51987772
-12552,0747964174 -13201,7515610498 -16976,8213189503 -14779,2808785277
-12552,0747964174 -13216,4959902099 -17502,6278099461 -14816,0487961514
-12552,0747964174 -13076,6645470532 -17157,4648973098 -14788,3412252151
-12552,0747964174 -13283,6357289887 -17401,8330217253 -14843,3801383452
-12552,0747964174 -13118,5451865589 -17448,2789443679 -14814,9887065933
-12552,0747964174 -13238,9740433346 -17262,5339956469 -14734,2575653547
-12552,0747964174 -13200,7931158214 -17221,4162076196 -14790,7565499857
-12552,0747964174 -13126,8701884115 -16726,9685996786 -14742,0652070735
-12552,0747964174 -12890,2898672862 -17348,8953096462 -14758,3675030224
-12552,0747964174 -12961,1688902421 -17249,837946763 -14706,2493018207
-12552,0747964174 -12954,9578689745 -17692,0553530024 -14666,8128426668
-12552,0747964174 -12973,8433563944 -17590,846835525 -14641,8863373442
-12552,0747964174 -12879,4266970412 -17581,8222980725 -14547,716321502
-12552,0747964174 -12894,0897760154 -18146,9051397395 -14595,622983897
-12552,0747964174 -12896,9627529581 -18459,767772057 -14580,9203852286
-12552,0747964174 -12840,3629792964 -18131,3033535702 -14547,7117820932
-12552,0747964174 -13028,9391240231 -17625,8664763037 -14556,6387138392
-12552,0747964174 -13146,8461495103 -18087,2744928297 -14615,8070562199
-12552,0747964174 -13129,9423600094 -18134,3646590086 -14573,4989619811
-12552,0747964174 -13050,4009564112 -17650,7785364256 -14539,2934254017
-12552,0747964174 -12960,891705851 -17265,2828502342 -14575,6040254891
-12552,0747964174 -13153,8176316122 -17314,8075747158 -14473,8512316778
-12552,0747964174 -13152,9134539084 -17149,3846788372 -14484,0525621671
-12552,0747964174 -13191,2839551596 -17556,5722752376 -14559,2752648929
-12552,0747964174 -13022,6589262845 -17775,6924592756 -14542,2264389361
-12552,0747964174 -13364,1174246147 -17933,0220905175 -14524,0679925214
-12552,0747964174 -13113,4636268102 -17422,8043704012 -14475,8073456403
-12552,0747964174 -13055,7095574624 -17561,1045011772 -14455,7777283398
-12552,0747964174 -13047,6700413014 -18434,2773859682 -14381,880595126
-12552,0747964174 -13011,7753519174 -17485,8970568621 -14413,5867752555
-12552,0747964174 -12984,4303025322 -17082,402780356 -14461,402725671
-12552,0747964174 -12866,9455761676 -17118,0361982942 -14448,0699180785
-12552,0747964174 -12902,8023778875 -17504,6924636721 -14548,6530371487
-12552,0747964174 -12841,9732280507 -17091,5847022813 -14555,8372752749
-12552,0747964174 -13086,289347763 -17911,7921856106 -14562,4950216378
-12552,0747964174 -13089,1989529375 -18058,5184537975 -14562,1558412598
-12552,0747964174 -12875,4482073839 -18035,9568349107 -14503,4369924031
-12552,0747964174 -12865,184226343 -17258,9482148721 -14508,7950201983
-12552,0747964174 -13080,6336191873 -17306,6061976218 -14494,5931906099
-12552,0747964174 -13140,8501194521 -17131,8033757179 -14657,9927397022
-12552,0747964174 -12965,2631110414 -17499,304339448 -14695,3780529167
-12552,0747964174 -13162,3377025294 -17835,9143629437 -14660,7880990296
-12552,0747964174 -13583,7511159375 -17631,3642985339 -14651,6085375829
-12552,0747964174 -13914,3866796935 -17343,625701648 -14742,2626977275
-12552,0747964174 -13911,9360432642 -16919,3022360559 -14630,5700972228
-12552,0747964174 -13970,2692519501 -17670,6754873918 -14606,485901938
-12552,0747964174 -13639,2174792899 -17416,1792280297 -14557,876396657
-12552,0747964174 -13823,6103518979 -16861,828497781 -14637,8832800597
-12552,0747964174 -13714,9684793283 -17348,3419344645 -14547,0982031777
-12552,0747964174 -13581,9729874297 -17165,0367489928 -14517,5069117418
-12552,0747964174 -13592,3997559281 -17240,8038502853 -14467,4048533706
-12552,0747964174 -13564,0960326925 -17237,7947926744 -14416,4272161405
-12552,0747964174 -13188,7851057505 -16697,4285446594 -14200,2471371095
-12552,0747964174 -13358,8942862465 -16949,4080369395 -14165,4866203818
-12552,0747964174 -13323,9308393184 -16509,3282837241 -14171,9299623665
-12552,0747964174 -13265,0088681451 -16542,2084985805 -14085,9654848419
-12552,0747964174 -13148,9016572393 -16077,0102027765 -14137,4275727631
-12552,0747964174 -13250,6482423195 -16502,4082205758 -14173,2785713358
-12552,0747964174 -13088,4518147734 -16387,5261000091 -14250,9127514638
-12552,0747964174 -12870,1261654327 -16465,8542084098 -14255,4170604387
-12552,0747964174 -12921,7503902869 -16260,3410658941 -14294,6365238094
-12552,0747964174 -12922,0909630214 -16906,6499639227 -14421,4768845171
-12552,0747964174 -12914,6229715902 -16597,5163189345 -14402,1395424753
-12552,0747964174 -13170,5431651774 -16227,2020816731 -14421,2751045521
-12552,0747964174 -12927,5231617449 -16871,9538030838 -14268,8423764913
-12552,0747964174 -12891,4070097117 -16156,2546479879 -14274,2991396261
-12552,0747964174 -13065,8421574241 -16250,2967854704 -14305,2878060451
-12552,0747964174 -13095,6607618913 -16663,0817882107 -14406,7953638709
-12552,0747964174 -13127,907061754 -16735,567785839 -14356,6581521949
-12552,0747964174 -13257,4266827873 -16678,7200661262 -14380,7275248453
-12552,0747964174 -13159,3761020807 -17244,1511724472 -14330,5236747131
-12552,0747964174 -13269,1680339721 -16620,221323738 -14465,4383107918
-12552,0747964174 -13541,0401819953 -16343,6502043104 -14453,588691803
-12552,0747964174 -13730,7803840509 -16992,55058679 -14511,5261712209
-12552,0747964174 -13706,824341601 -16549,9429917172 -14397,5578523071
-12552,0747964174 -13355,4389249773 -16299,1405766072 -14469,4039487981
-12552,0747964174 -13465,0414900406 -16632,7982934407 -14510,6975077594
-12552,0747964174 -13293,3422046761 -16336,0250249263 -14510,2540236336
-12552,0747964174 -13139,8386018144 -16750,5347962711 -14517,2783369664
-12552,0747964174 -13288,957072598 -16548,8496668718 -14532,7304133477
-12552,0747964174 -13293,9909380996 -16312,2358859972 -14523,4701519016
-12552,0747964174 -13316,9150047294 -16810,4547874033 -14510,7583694796
-12552,0747964174 -13387,8797293212 -16463,1973431569 -14477,8923005774
-12552,0747964174 -13556,3002820411 -16951,1776725376 -14511,3600846435
-12552,0747964174 -13478,912593214 -16530,5026280879 -14476,3682258431
-12552,0747964174 -13862,4042807847 -16544,7662840139 -14585,2469081848
-12552,0747964174 -13722,9370976705 -16986,6626151686 -14616,6564855239
-12552,0747964174 -13882,1698754855 -17053,0286846899 -14582,273297648
-12552,0747964174 -13466,4782718629 -16460,3023097256 -14527,2303054086
-12552,0747964174 -13410,3228988295 -17119,265519712 -14433,058868229
-12552,0747964174 -13506,5920311862 -16601,1173428223 -14459,2167877614
-12552,0747964174 -13296,1681272363 -16414,7751243708 -14335,8363960402
-12552,0747964174 -13071,6550494421 -16500,8391491563 -14255,5846451748
-12552,0747964174 -13246,9853900094 -16542,1584211815 -14257,454430817
-12552,0747964174 -13125,8937102547 -16670,3781238811 -14176,8322182884
-12552,0747964174 -13125,8937102547 -16068,9081854448 -14166,1280182364
-12552,0747964174 -12999,1256914092 -16177,8748230356 -14175,3951007407
-12552,0747964174 -12637,2709770528 -16182,1548786548 -14086,9205822268
-12552,0747964174 -12833,6698888092 -16254,2905318799 -14144,8454804214
-12552,0747964174 -12815,5840238545 -16746,3144846993 -14212,5099315888
-12552,0747964174 -12939,3846832989 -16514,9054351265 -14205,270995431
-12552,0747964174 -13538,8586360287 -16213,6967468888 -14278,3884493552
-12552,0747964174 -13366,9909739011 -15982,0179772986 -14280,7767633787
-12552,0747964174 -13580,6028543876 -16258,5911492437 -14450,011214841
-12552,0747964174 -13602,1072163893 -16429,1325905184 -14552,449004625
-12552,0747964174 -13648,4092239301 -16546,5583741687 -14503,9523853268
-12552,0747964174 -13700,533267728 -16215,7716694608 -14567,9719382801
-12552,0747964174 -13522,5583948374 -16549,4111553212 -14427,466320707
-12552,0747964174 -13593,5989032845 -16752,8138541743 -14488,2363732766
-12552,0747964174 -13717,7599947492 -17370,4665256433 -14530,2447217299
-12552,0747964174 -13518,7174906097 -16629,9255891107 -14478,805032485
-12552,0747964174 -13486,1181198503 -16748,3318904588 -14494,3632098948
-12552,0747964174 -13600,1646049336 -16927,0249723809 -14515,060327997
-12552,0747964174 -13551,2131783203 -16951,3566570862 -14535,3842972963
-12552,0747964174 -13676,3262094631 -16789,5780087563 -14552,4801605358
-12552,0747964174 -13858,0643521697 -17228,0874347831 -14576,5525350095
-12552,0747964174 -13588,989013746 -17352,918777576 -14521,0188249967
-12552,0747964174 -13419,5270409828 -17525,1156427966 -14486,6996926756
-12552,0747964174 -13241,2262115764 -17182,6845012758 -14447,3965492067
-12552,0747964174 -13117,3129568072 -17896,057094302 -14449,4617811543
-12552,0747964174 -13275,7187928923 -17478,4381518682 -14468,9467073741
-12552,0747964174 -13348,1979533416 -17221,4002142724 -14432,0337300093
-12552,0747964174 -13848,9451778485 -17818,6801670095 -14478,2186943948
-12552,0747964174 -13691,470544666 -17744,3329409034 -14419,8501409036
-12552,0747964174 -13590,2296527695 -17510,4074776218 -14353,2776146046
-12552,0747964174 -13525,1678860817 -17719,8006696413 -14464,9771361666
-12552,0747964174 -13610,5475792182 -18003,2646949261 -14420,9343830555
-12552,0747964174 -13221,7273859605 -17402,025071687 -14333,1307716657
-12552,0747964174 -13098,8521383373 -17673,2378514637 -14294,6291969412
-12552,0747964174 -13027,5770504112 -18160,6056330157 -14226,024764051
-12552,0747964174 -13037,4705215508 -17737,7569866154 -14249,9395789032
-12552,0747964174 -13001,8745139932 -17827,36034423 -14211,364385299
-12552,0747964174 -13047,788506975 -17524,2947535853 -14252,5295060091
-12552,0747964174 -13097,021928714 -17608,5310858782 -14232,2511968696
-12552,0747964174 -13086,3970996221 -17272,2529840747 -14207,6985620972
-12552,0747964174 -13088,6409212142 -17527,789868989 -14248,4658067563
-12552,0747964174 -12761,6544479182 -16881,676618357 -14264,0109234565
-12552,0747964174 -12769,4026690759 -17202,4450516759 -14270,2694864019
-12552,0747964174 -12844,3288185336 -17545,9379707089 -14359,120606903
-12552,0747964174 -13294,9589079393 -18155,7517988449 -14474,7845049235
-12552,0747964174 -13328,7384565784 -16963,9189512212 -14383,3740390707
-12552,0747964174 -13399,4305465093 -16915,330155105 -14507,5203490548
-12552,0747964174 -13601,2990257901 -16420,5362707531 -14500,7614975629
-12552,0747964174 -13711,2238174419 -16498,8782640489 -14474,0888678894
-12552,0747964174 -13274,5229817336 -17057,441237512 -14304,0425495607
-12552,0747964174 -13138,0574496579 -16569,1715056524 -14241,816052031
-12552,0747964174 -13134,6180411762 -16803,0312775558 -14219,915738457
-12552,0747964174 -13122,6915397884 -16437,2516482542 -14248,6191446317
-12552,0747964174 -13273,061712273 -16509,7409295991 -14337,5895678419
-12552,0747964174 -13253,8934107814 -17242,7382913486 -14360,5942555455
-12552,0747964174 -13143,3268682273 -16869,3807845834 -14361,2146268218
-12552,0747964174 -13303,1204900752 -16454,032716176 -14298,3163117785
-12552,0747964174 -13394,4611149596 -16595,5159343456 -14315,5952414855
-12552,0747964174 -13301,3278723485 -16667,8656093512 -14219,9329436909
-12552,0747964174 -13534,4433645457 -16849,6101337314 -14340,2862172553
-12552,0747964174 -13422,6591391755 -16661,3219845967 -14293,5971415091
-12552,0747964174 -13157,8260037612 -16510,5915975185 -14175,994315529
-12552,0747964174 -13309,446973883 -17016,6994203141 -14189,7102282399
-12552,0747964174 -13367,5146333152 -16345,3644482968 -14214,6401131861
-12552,0747964174 -13389,8831272274 -16561,7682032891 -14119,5977434197
-12552,0747964174 -13345,1036726504 -16551,0130983385 -14133,8753601839
-12552,0747964174 -13274,5749528553 -16920,0238014726 -14047,0003861598
-12552,0747964174 -13206,2574619675 -15857,4363287775 -13981,2898161221
-12552,0747964174 -13112,5800215314 -16129,4956322863 -13995,3092857301
-12552,0747964174 -12777,0085542613 -15567,0174539521 -14019,684370944
-12552,0747964174 -12672,6265832093 -16254,8448687658 -14037,0332863013
-12552,0747964174 -12620,4507554679 -16116,0739925708 -14149,6167680954
-12478,4867297731 -12478,4867297731 -15875,9670020611 -14081,4009219067
-12421,9584243305 -12421,9584243305 -16228,799087234 -14080,1592073443
-12421,9584243305 -12553,4703777551 -16093,9809043783 -14166,6476062538
-12421,9584243305 -12581,8968862284 -16031,3040364283 -14255,7213802712
-12359,5985726138 -12359,5985726138 -16230,7351784483 -14175,7619614828
-12359,5985726138 -12447,3391183987 -16531,8836449115 -14288,7026156609
-12359,5985726138 -12407,3644497507 -16209,4424496733 -14190,1356922455
-12359,5985726138 -12910,3544600589 -16656,1053481576 -14181,7355852833
-12359,5985726138 -12938,1399387367 -16364,0391697641 -14067,5993233908
-12359,5985726138 -12851,3011642745 -16280,2047647338 -14070,155818932
-12359,5985726138 -12856,6077098125 -16293,491309774 -14270,1734233338
-12359,5985726138 -12725,0957563878 -16543,4183408626 -14136,1183428638
-12209,4342342914 -12209,4342342914 -16078,7666821916 -14074,7618650432
-11986,0283203854 -11986,0283203854 -16864,443523418 -14016,5870995841
-11986,0283203854 -12181,0438564222 -16773,0921752534 -14075,3864951436
-11986,0283203854 -12311,0657413076 -16422,7687154839 -14217,8044545821
-11986,0283203854 -12698,0701890154 -17302,6161067855 -14283,6451332565
-11986,0283203854 -12788,1896063829 -16933,8347915517 -14230,8041538277
-11986,0283203854 -12805,083149081 -16914,5458238522 -14220,9184504493
-11986,0283203854 -13161,189084132 -16623,7369102048 -14192,4572875607
-11986,0283203854 -13200,0612816192 -17118,4406699693 -14385,5557859882
-11986,0283203854 -13135,0853145127 -16493,9421134673 -14257,1527097098
-11986,0283203854 -12669,1136238004 -16472,9847649561 -14163,6714307457
-11986,0283203854 -12652,2200811023 -16472,8879623375 -14133,3086366177
-11986,0283203854 -12751,5177713689 -16717,5984186287 -14138,7917967984
-11986,0283203854 -12326,844903016 -16362,7450149282 -14037,7272291989
-11986,0283203854 -12138,4745791043 -15916,8010987491 -14103,9895703177
-11986,0283203854 -12157,7757279438 -16695,8936803758 -14025,3140726817
-11986,0283203854 -13536,1209033713 -16684,1998090832 -14184,0819579689
-11986,0283203854 -13495,5167536879 -16378,6611433319 -14184,4233037173
-11986,0283203854 -13352,0939700057 -16004,7860465834 -14158,8169262202
-11986,0283203854 -13518,1856203902 -16268,7638901144 -14326,0053850105
-11986,0283203854 -13334,4683755425 -16451,1521715634 -14234,8113505786
-11986,0283203854 -13462,1835434071 -16623,6195242344 -14200,1867913915
-11986,0283203854 -13112,4615335697 -16397,9741755408 -14145,9247180865
-11986,0283203854 -13095,6357524868 -17263,1524601031 -14243,0100782841
-11986,0283203854 -13438,7342956721 -16624,7321755927 -14346,9332144374
-11986,0283203854 -13238,0260708681 -16445,2118818477 -14199,2047314187
-11986,0283203854 -13306,3309087887 -17176,2843922688 -14272,7617329713
-11986,0283203854 -13177,9487401397 -17286,1176851671 -14381,7115912201
-11986,0283203854 -13148,3267769733 -17012,7462595188 -14404,826147115
-11986,0283203854 -13136,9867492665 -17421,9403773236 -14425,321366796
-11986,0283203854 -13164,7195097262 -16897,7620967295 -14304,4971275136
-11986,0283203854 -13165,6754805517 -17280,5594329136 -14311,9349943111
-11986,0283203854 -13113,1848258932 -17104,6718205025 -14324,2400314866
-11986,0283203854 -13169,5910891222 -17440,6194403071 -14312,8007793365
-11986,0283203854 -13140,7088059 -16829,2758354176 -14385,1471081619
-11986,0283203854 -13090,2035822686 -16945,78724667 -14344,7897785612
-11986,0283203854 -13467,152504723 -16745,1896505362 -14401,1137857123
-11986,0283203854 -13418,2970334312 -16488,2190401999 -14298,0154045403
-11986,0283203854 -13442,0038546445 -17078,3866778014 -14260,5902440054
-11986,0283203854 -13277,8080105097 -17062,1409115316 -14258,27290922
-11986,0283203854 -13290,4934001223 -16224,8110455845 -14305,3153061306
-11986,0283203854 -13469,0773483905 -16088,6089821238 -14469,0699128167
-11986,0283203854 -13396,734255243 -16774,312961348 -14460,1712593732
-11986,0283203854 -13403,9183879709 -17173,0002147379 -14428,1583982742
-11986,0283203854 -13329,309569226 -16376,1859026976 -14442,5769886062
-11986,0283203854 -13140,5535297753 -17153,0036638588 -14586,5943508239
-11986,0283203854 -13262,6130222294 -17107,1257349858 -14583,9331120299
-11986,0283203854 -13167,1377936094 -16826,7101503667 -14499,0917202959
-11986,0283203854 -13121,6728233066 -16388,7870077841 -14360,528646013
-11986,0283203854 -13063,8807818572 -16998,3843737897 -14304,413366192
-11986,0283203854 -13037,4833662496 -17006,2481168976 -14390,9960169259
-11986,0283203854 -13204,2777336337 -16628,0837304548 -14513,6696979018
-11986,0283203854 -13148,7520840149 -17439,281459842 -14506,1964663237
-11986,0283203854 -13239,9914081899 -16990,0781684085 -14533,9152487375
-11986,0283203854 -13244,8880406757 -17801,433503477 -14641,6939369708
-11986,0283203854 -13474,0593971214 -17486,3052322774 -14646,0023481495
-11986,0283203854 -13436,837592471 -18000,9677599305 -14714,2642335436
-11986,0283203854 -13415,9922856235 -18256,035889856 -14674,0831909481
-11986,0283203854 -13226,8661006276 -17998,5758695324 -14517,6702749671
-11986,0283203854 -13322,6067712643 -17469,8376409861 -14438,5035948625
-11986,0283203854 -13134,7470069169 -17346,5596824674 -14477,4615625097
-11986,0283203854 -13096,0736307228 -17945,2128243705 -14384,1470187936
-11986,0283203854 -12966,6268147387 -17900,2139398277 -14391,2124851804
-11986,0283203854 -13194,3348793106 -17623,4454622082 -14434,1373576477
-11986,0283203854 -13275,573055418 -17681,4678765783 -14386,6064052612
-11986,0283203854 -13247,9776906903 -17833,8201969385 -14438,1305014474
-11986,0283203854 -13156,927440509 -18061,6647647261 -14482,4501928805
-11986,0283203854 -12904,0905853748 -17170,8716792626 -14430,5020241698
-11986,0283203854 -12816,7616255787 -18072,231703462 -14333,7085490694
-11986,0283203854 -12989,0175407106 -16950,4668548032 -14369,5513511457
-11986,0283203854 -12988,9440849236 -16751,8885733229 -14354,4332818805
-11986,0283203854 -12982,8571580902 -17069,5713507922 -14222,4651031368
-11986,0283203854 -12925,8659223339 -16595,9980666271 -14123,9746897027
-11986,0283203854 -12918,9902540046 -17070,2066539216 -14168,3397173909
-11986,0283203854 -13050,1771705503 -16558,5612173596 -14329,1739083712
-11986,0283203854 -13152,9150621685 -16445,0491802197 -14318,6672037633
-11986,0283203854 -13024,0104714562 -16274,7436056443 -14292,9880701348
-11986,0283203854 -13002,0056618464 -16754,3970977138 -14331,8291548936
-11986,0283203854 -12911,5779076197 -16564,927232181 -14371,3050463887
-11986,0283203854 -13367,6333508319 -17089,0923160115 -14410,7371821774
-11986,0283203854 -13264,7862618789 -17199,1300508577 -14509,7184747436
-11986,0283203854 -13292,9354318564 -18003,2953126991 -14591,4406350801
-11986,0283203854 -13280,6160501111 -17143,3397101436 -14471,1712671938
-11986,0283203854 -13374,6859496427 -17363,4039453844 -14512,9991665356
-11986,0283203854 -13500,9178381359 -17202,7069713876 -14487,7904919824
-11986,0283203854 -13511,2780648974 -17251,2199548878 -14449,796410887
-11986,0283203854 -13414,3113016473 -17231,8928483636 -14422,3066658316
-11986,0283203854 -13425,1714623345 -16347,5754489852 -14460,5622318514
-11986,0283203854 -13287,8896895565 -17043,8044223178 -14527,3563489285
-11986,0283203854 -13241,6226960996 -17280,6283789284 -14592,5694796721
-11986,0283203854 -13191,1781195981 -16733,8397311213 -14475,4814966957
-11986,0283203854 -13131,7699080072 -16804,2712336507 -14488,5099607857
-11986,0283203854 -12919,2723566693 -16942,1025099246 -14465,2355619609
-11986,0283203854 -12572,4139234015 -16419,0983183836 -14439,584650411
-11986,0283203854 -13582,836149059 -16513,0618023429 -14524,041628411
-11986,0283203854 -13631,3611358588 -16683,7969163064 -14580,910709968
-11986,0283203854 -13678,5671568422 -17069,4568986641 -14591,8255580012
-11986,0283203854 -13548,6027904762 -16705,7688265916 -14612,7281033483
-11986,0283203854 -13595,1099905708 -16689,6170257011 -14519,9961279125
-11986,0283203854 -13574,1266256228 -16538,3684088928 -14447,1107112612
-11986,0283203854 -14087,2516039736 -16510,7385611935 -14560,764507094
-11986,0283203854 -13883,1671945193 -16382,0354414829 -14488,2315432598
-11986,0283203854 -13681,503319079 -16063,9364010325 -14392,1236918768
-11986,0283203854 -13297,43567512 -16079,4187328336 -14273,8991941075
-11986,0283203854 -13080,6615458456 -16173,5879843724 -14381,8606620386
-11986,0283203854 -13522,0160944077 -16613,3547105988 -14538,0988947856
-11986,0283203854 -13908,2996891662 -16873,7172769195 -14676,4976822326
-11986,0283203854 -13942,9922453691 -16674,338993641 -14639,3822006726
-11986,0283203854 -13713,8277149372 -16440,940092418 -14586,3160048193
-11986,0283203854 -13722,9660312411 -16223,6089881088 -14602,4389196902
-11986,0283203854 -13539,1646212594 -16386,162443573 -14648,4101596846
-11986,0283203854 -13308,7414207647 -16683,0599763758 -14463,8777260151
-11986,0283203854 -13403,9554133545 -17318,0829476234 -14465,7481147523
-11986,0283203854 -13180,0633249788 -16902,7412708276 -14341,1299368583
-11986,0283203854 -13434,93935131 -16337,1928494626 -14397,8674056904
-11986,0283203854 -13486,682522452 -16344,4549909467 -14380,3955776927
-11986,0283203854 -13834,6899987785 -16143,5773017698 -14462,2255932509
-11986,0283203854 -13677,3307942411 -16556,2611132651 -14641,1261760492
-11986,0283203854 -13637,2877015528 -16513,3834555313 -14621,9221457512
-11986,0283203854 -13606,5921906228 -16335,527989007 -14598,7184161714
-11986,0283203854 -13616,7038711654 -16173,7897046306 -14500,7680353556
-11986,0283203854 -13493,4031816118 -16538,9376518368 -14513,3905225764
-11986,0283203854 -13484,2668700482 -16825,0557304902 -14474,6761229879
-11986,0283203854 -13359,6686090083 -16888,1181365125 -14449,9635509128
-11986,0283203854 -13045,7939383446 -16351,3184342827 -14437,6663827855
-11986,0283203854 -12779,0555937439 -16337,8357810054 -14280,8414258407
-11986,0283203854 -12782,844553993 -16559,9463433492 -14263,7680652823
-11986,0283203854 -12939,7825961904 -16581,6934823086 -14311,9684342413
-11986,0283203854 -12872,4336305668 -16205,5217991255 -14315,4699057417
-11986,0283203854 -13004,7879254923 -16309,4177866147 -14191,923083911
-11986,0283203854 -13415,2563906427 -16237,4186606132 -14312,5297843978
-11986,0283203854 -13457,2692461853 -16789,0564189294 -14320,7543933775
-11986,0283203854 -13470,5315870572 -16621,3252430278 -14353,4904594691
-11986,0283203854 -13229,0779017744 -16641,2647616911 -14311,4122777419
-11986,0283203854 -13156,0340407599 -16958,6682347134 -14471,1399637348
-11986,0283203854 -13078,4619090776 -16738,2736556611 -14497,0881816912
-11986,0283203854 -13105,6609676661 -17098,9091653784 -14392,992507392
-11986,0283203854 -13038,7818576567 -17432,202545593 -14251,8371202788
-11986,0283203854 -12990,2835232494 -16366,686557724 -14152,5727382709
-11986,0283203854 -12920,7680822623 -17168,900749252 -14185,7245703823
-11986,0283203854 -13048,7199452434 -17089,7967103411 -14213,5859448575
-11986,0283203854 -13013,518464993 -16463,5755454732 -14082,7046695537
-11986,0283203854 -12938,6525884452 -16044,6205618356 -14056,7334329193
-11986,0283203854 -12917,1482264435 -16274,720423706 -14077,4843915638
-11986,0283203854 -12979,4325665062 -16302,7611016439 -14126,2867824714
-11986,0283203854 -13306,2687407857 -15891,5745432495 -14247,975819759
-11986,0283203854 -13393,8199074996 -16633,9508477073 -14267,9141211988
-11986,0283203854 -13578,4678988677 -16644,6074105571 -14388,8200479728
-11986,0283203854 -13424,2642511448 -16671,917212081 -14404,8752813171
-11986,0283203854 -13027,0410600101 -17587,1627790634 -14368,8537853553
-11986,0283203854 -13052,7006054996 -17606,9499089434 -14355,8044586324
-11986,0283203854 -12996,7828800309 -17606,7418364335 -14430,9536706835
-11986,0283203854 -13025,728213138 -17746,3605276362 -14448,6937627689
-11986,0283203854 -12562,1251727432 -17760,5099550799 -14442,4430246569
-11986,0283203854 -13017,5321034933 -18119,9720449654 -14558,5960299124
-11986,0283203854 -12847,2790170307 -18712,1833250418 -14617,6316561231
-11986,0283203854 -12927,3895163598 -18034,8556915398 -14675,1249796232
-11986,0283203854 -13017,4012241445 -17936,7110896576 -14634,3905512745
-11986,0283203854 -12879,7253687841 -18826,3246897579 -14514,8271389163
-11986,0283203854 -12855,6977021646 -17842,2620113434 -14551,2609678705
-11986,0283203854 -12797,9148284142 -17712,4622249408 -14575,9682660057
-11986,0283203854 -12572,7548643554 -17986,2782928398 -14537,6740473624
-11986,0283203854 -12563,2933097255 -17189,3546714292 -14491,8911459221
-11986,0283203854 -12963,7845626958 -17455,0537908053 -14415,7442858952
-11986,0283203854 -12859,0822004384 -17108,0044637308 -14425,8066862645
-11986,0283203854 -13129,9173247689 -16950,9244013254 -14399,3710587844
-11986,0283203854 -12742,934438439 -16852,6111078407 -14178,130539764
-11986,0283203854 -12900,3035140188 -17171,293964654 -14262,6101761396
-11986,0283203854 -12834,8831499006 -16702,3154314659 -14205,0686104348
-11986,0283203854 -12733,2697820445 -16700,0798154327 -14240,8679087362
-11986,0283203854 -12745,8222990926 -17236,5848121588 -14250,6603289208
-11986,0283203854 -12603,8398641952 -16953,2860849856 -14197,1781761689
-11986,0283203854 -12755,350537699 -16918,7926329857 -14235,8712179923
-11986,0283203854 -13009,4786514717 -16917,9298162994 -14272,071162765
-11986,0283203854 -13027,3145159052 -16879,9938494515 -14313,8421058433
-11986,0283203854 -13161,476666309 -17002,3343721806 -14348,1143890822
-11986,0283203854 -13141,6401159962 -17135,4197621076 -14388,2648493334
-11986,0283203854 -13211,6497445328 -17354,5492838374 -14339,1234914614
-11986,0283203854 -13172,6910885667 -17370,2156437204 -14302,9562354207
-11986,0283203854 -13070,8830453862 -17365,6667923445 -14247,0699364469
-11986,0283203854 -13071,4058830452 -17528,7004327241 -14280,0130704266
-11986,0283203854 -13064,9825847703 -17226,4945315369 -14351,5906551185
-11986,0283203854 -13092,9618838053 -17490,1021670202 -14462,2320350063
-11986,0283203854 -13087,7180541258 -17401,6696130901 -14417,5432015885
-11986,0283203854 -13024,3553310435 -16935,5454231788 -14459,5683740453
-11986,0283203854 -13008,3697643374 -17233,2847887217 -14425,4986828451
-11986,0283203854 -13540,1802912205 -17207,4337345216 -14485,1900350779
-11986,0283203854 -13363,8162941818 -17487,0119375402 -14463,0462246255
-11986,0283203854 -13364,9039830231 -16941,0416455076 -14378,7437158003
-11986,0283203854 -13228,2290383831 -17313,8091092714 -14389,7359511876
-11986,0283203854 -13337,6705789674 -16649,7896175563 -14357,0362244955
-11986,0283203854 -13079,0446638301 -16844,6837304146 -14214,6393010473
-11986,0283203854 -13224,79851587 -16476,2778099011 -14170,9475534119
-11986,0283203854 -13296,2587713236 -16622,3387588038 -14184,4237540021
-11986,0283203854 -13257,317928296 -16466,8268841474 -14057,3017898799
-11986,0283203854 -13184,6502792616 -16394,5800784781 -14008,8456718267
-11986,0283203854 -13050,1161306673 -16887,3971820512 -14032,0102223635
-11986,0283203854 -13220,9453941837 -16661,4045319209 -14073,388995806
-11986,0283203854 -13264,2973351537 -16525,6383973571 -14187,4746951777
-11986,0283203854 -13252,0768611695 -17107,8031562753 -14212,4650164472
-11986,0283203854 -13236,4428146497 -16365,4591630282 -14201,6415246266
-11986,0283203854 -13151,9584732518 -16393,4317165427 -14169,6991406158
-11986,0283203854 -13441,9816990692 -16597,6486869505 -14266,7435408675
-11986,0283203854 -13162,2014138424 -16742,526323126 -14137,7426355531
-11986,0283203854 -13169,4881456501 -16541,0230145082 -14144,5023002342
-11986,0283203854 -13130,0574622112 -16540,8819216755 -14050,4052806107
-11986,0283203854 -13071,0980706194 -16104,737580132 -14033,1690275
-11986,0283203854 -12869,5408729212 -17028,3502320541 -14024,9299992259
-11986,0283203854 -12889,8362433577 -16208,2456025707 -14071,9393303346
-11986,0283203854 -12964,4592770432 -16091,3997029557 -14150,725799
-11986,0283203854 -12616,8192583062 -15915,2580718937 -14076,1619706802
-11986,0283203854 -12542,1962246207 -16352,2182342107 -14138,3857691387
-11986,0283203854 -12839,5026230217 -16768,5297407073 -14052,0571413612
-11986,0283203854 -12727,5441224841 -16352,7079452403 -13961,879654367
-11986,0283203854 -12376,828325645 -16530,6079615581 -13982,5846355396
-11986,0283203854 -12344,0024821118 -16232,497102838 -13986,2111261833
-11986,0283203854 -12797,3821573978 -16252,579072137 -14005,6492777038
-11986,0283203854 -12560,2057449992 -16783,6425278877 -13923,2265104311
-11986,0283203854 -12560,3584527149 -16603,5854918594 -13893,6548184838
-11986,0283203854 -12576,7454770659 -16645,5472246193 -13878,8868351413
-11986,0283203854 -12540,5302453525 -16254,5060119055 -13922,8424693286
-11986,0283203854 -12778,4449080154 -16977,4120182717 -14147,1041225466
-11986,0283203854 -12573,7599895995 -17045,6570208967 -14057,6029363822
-11986,0283203854 -12423,7579603266 -16343,0484590951 -13982,6569192499
-11986,0283203854 -12409,2038447263 -16202,7662670222 -13933,2855328525
-11986,0283203854 -12358,0822209876 -16602,737786131 -13932,190084856
-11986,0283203854 -12711,5761043311 -16604,3051018161 -13941,1605618818
-11986,0283203854 -12768,7767834052 -16249,6981825619 -13939,7533133436
-11986,0283203854 -12463,0578530194 -16068,5547381126 -13862,7819941127
-11986,0283203854 -12534,0113669924 -15950,8124859874 -13788,4361701797
-11986,0283203854 -12453,3965173986 -16318,5505589626 -13720,8974081723
-11986,0283203854 -12212,4565077752 -16033,8209823495 -13530,3769943383
-11986,0283203854 -12349,8645068881 -15841,7193806506 -13491,5561892265
-11986,0283203854 -12342,7393152853 -15893,639904142 -13577,2209371102
-11986,0283203854 -12339,8908451907 -16614,7300216087 -13618,3578253589
-11986,0283203854 -12391,2277080615 -15644,2485662204 -13618,1315550769
-11986,0283203854 -12374,2617440084 -15396,9765857825 -13681,0702987509
-11986,0283203854 -12381,7411171812 -16043,3061483554 -13677,5526342935
-11986,0283203854 -12387,7423029484 -16368,6614502465 -13696,0677887586
-11986,0283203854 -12370,3557565293 -15974,8219285294 -13690,7644184914
-11986,0283203854 -12327,1025374436 -16065,352623319 -13637,6600423925
-11986,0283203854 -12309,0033658484 -16253,667372817 -13784,7303717532
-11986,0283203854 -12238,6095272946 -16517,7417617155 -13855,2575227796
-11986,0283203854 -12169,030876503 -16323,2341707205 -13789,0973092555
-11947,6825053377 -11947,6825053377 -16653,8538910193 -13706,6197239611
-11947,6825053377 -12440,7123956341 -16194,6529702968 -13773,2582242657
-11947,6825053377 -12440,9055904753 -16697,4541821452 -13809,1306466726
-11947,6825053377 -12697,0729196754 -16382,2125389189 -13948,7299743236
-11947,6825053377 -12525,8649894941 -16719,4613174611 -13934,7495843324
-11947,6825053377 -12580,0659011773 -16639,9553038288 -13905,8504108734
-11947,6825053377 -12399,7100620891 -16285,4644895727 -13862,4640557728
-11947,6825053377 -12433,4277530044 -16326,0659079903 -13886,3965861739
-11947,6825053377 -12473,4082468062 -15960,5628171026 -13866,1186028492
-11947,6825053377 -12505,6434131206 -17148,8896813343 -13823,8509332676
-11947,6825053377 -12441,5492868653 -16962,7862468708 -13821,0892763973
-11947,6825053377 -12613,9449213316 -16748,5763506136 -13794,4760714318
-11947,6825053377 -12695,6604913886 -17275,7572370901 -13841,021099262
-11947,6825053377 -12604,5509983177 -16614,3458368049 -13781,3997114484
-11947,6825053377 -12689,1133074272 -16410,2175429832 -13776,8211258366
-11947,6825053377 -12615,1074289244 -16057,9936108672 -13775,8878372837
-11947,6825053377 -12866,4105130012 -16304,2972947714 -13855,2972646821
-11947,6825053377 -12850,3079627691 -16299,1673836303 -13836,3072801041
-11947,6825053377 -12785,0332720256 -16704,3175743898 -13781,3755149703
-11947,6825053377 -12784,736962678 -16476,7084370237 -13796,3588854098
-11947,6825053377 -12709,2016104797 -16338,1626577818 -13765,8031820298
-11947,6825053377 -12622,2317767469 -16636,3344868816 -13796,6282843104
-11947,6825053377 -12658,2608206869 -17051,9449250536 -13861,4302644064
-11947,6825053377 -12577,8701599667 -16821,1929547703 -13877,3972183245
-11947,6825053377 -13027,3525103603 -17248,2331810323 -14053,3122767592
-11947,6825053377 -12700,0152813849 -17556,3820886076 -14126,9454057376
-11947,6825053377 -12500,9627322641 -17448,0106153438 -14067,6592553587
-11947,6825053377 -12448,7337384883 -16965,6029707893 -14134,2741004091
-11947,6825053377 -12937,0781196832 -17736,5795273847 -14242,5802997539
-11947,6825053377 -13162,7668076008 -17117,0068368052 -14135,3201928212
-11947,6825053377 -13322,4373731872 -17310,8719390239 -14185,9988690238
-11947,6825053377 -13589,1156702714 -18025,1241745429 -14297,2771354553
-11947,6825053377 -13806,0062928696 -17657,584027655 -14286,294050198
-11947,6825053377 -13796,3294871297 -17285,4361601745 -14315,118510245
-11947,6825053377 -13628,844328648 -17198,3620128554 -14355,9063048638
-11947,6825053377 -13549,4163014759 -17482,1934063984 -14295,0593705624
-11947,6825053377 -13633,2533712939 -17292,1160822563 -14271,2747694902
-11947,6825053377 -13225,4612451818 -17502,6099291971 -14162,5929385099
-11947,6825053377 -13789,830523405 -16894,1679646267 -14353,6444770499
-11947,6825053377 -13684,0484273392 -17309,8375680877 -14313,4892924444
-11947,6825053377 -13378,0196642305 -16683,6831787101 -14234,6284063353
-11947,6825053377 -13453,5096478788 -17410,9053213268 -14269,3367168844
-11947,6825053377 -13482,1150726655 -17042,2572433664 -14292,6265291586
-11947,6825053377 -13375,5207291287 -17304,7035403826 -14242,4855886574
-11947,6825053377 -13283,1429125472 -17320,1983846481 -14168,4354186574
-11947,6825053377 -13188,8294908629 -16806,9711428329 -14171,8916678508
-11947,6825053377 -13316,8349639261 -16705,145286556 -14315,7068403804
-11947,6825053377 -13331,9126038304 -17227,4878819313 -14258,8990632087
-11947,6825053377 -13334,3118463211 -16576,400134571 -14259,8511963347
-11947,6825053377 -13130,0301387292 -16974,5942269828 -14250,3394873486
-11947,6825053377 -13610,058380474 -16639,6289751216 -14357,0900869238
-11947,6825053377 -13419,0034654532 -16568,2361978171 -14359,8572697572
-11947,6825053377 -13267,9881683978 -16925,5268805904 -14321,115454786
-11947,6825053377 -13220,1266589049 -16283,3076194309 -14314,8468003302
-11947,6825053377 -13208,3949022894 -16406,5369665692 -14299,9190136
-11947,6825053377 -13168,0544669083 -16202,5606166303 -14285,0654285995
-11947,6825053377 -13583,0130828312 -16975,6363281192 -14389,8550172225
-11947,6825053377 -13499,6379435848 -16823,3394252878 -14472,4426913093
-11947,6825053377 -13269,6394459732 -16666,0978856822 -14394,1253678316
-11947,6825053377 -13041,4473974248 -17176,9648658266 -14492,7857291036
-11947,6825053377 -13041,4473974248 -17373,9597363004 -14583,8619147247
-11947,6825053377 -12907,3002115999 -17067,7557334775 -14517,5723804891
-11947,6825053377 -12854,2787796362 -17104,8007570216 -14510,8269218068
-11947,6825053377 -12896,789388329 -17252,8915828563 -14551,2201394551
-11947,6825053377 -12918,8673664741 -16595,6175117389 -14413,4666368096
-11947,6825053377 -12887,0175632267 -16988,4167901858 -14399,2147730184
-11947,6825053377 -12732,9784427719 -16635,1838267381 -14356,7543164719
-11947,6825053377 -12573,3699187201 -16692,6844667995 -14159,1296984538
-11947,6825053377 -12374,3545187337 -16227,4579631132 -14111,3042484357
-11947,6825053377 -12465,3980691604 -16291,7270239094 -14042,9425741164
-11947,6825053377 -12493,3618791465 -16590,910551615 -14105,0219263692
-11947,6825053377 -12823,3029209462 -16564,5344827581 -14183,0427345721
-11947,6825053377 -12905,9671579534 -16639,8553866181 -14339,7837365999
-11947,6825053377 -12882,5572063051 -16456,2719132995 -14306,317076804
-11947,6825053377 -12552,6161645053 -16502,2204708157 -14267,9227761037
-11947,6825053377 -12604,4710670562 -16445,1471280469 -14210,0050518296
-11947,6825053377 -12815,313871764 -17097,1580029057 -14242,5643247982
-11947,6825053377 -12541,8503223704 -16574,5184888224 -14268,04957799
-11947,6825053377 -12541,732565046 -16976,4526051834 -14287,4545305948
-11947,6825053377 -12605,7984426835 -16482,861830728 -14409,6234181934
-11947,6825053377 -12829,3813641153 -17173,8781786426 -14391,30164732
-11947,6825053377 -13133,5501518384 -16923,7204972558 -14348,7820871551
-11947,6825053377 -13092,0534465488 -16644,0844249983 -14284,7139518167
-11947,6825053377 -12918,5006449329 -16382,241406845 -14277,1803542815
-11947,6825053377 -12938,1031460953 -16432,1864011357 -14218,1244405727
-11947,6825053377 -12900,341613979 -16074,9517062296 -14198,8219872539
-11947,6825053377 -13119,481304058 -16488,7173275607 -14273,6883831164
-11947,6825053377 -13196,5448058138 -16598,7088524345 -14382,7833448153
-11947,6825053377 -13126,363086404 -16437,0166441036 -14317,9966513028
-11947,6825053377 -13120,5939906354 -16375,0108797603 -14308,1671810236
-11947,6825053377 -13147,69774438 -16914,0694242237 -14288,9295923111
-11947,6825053377 -12873,1229593397 -16553,9794991936 -14323,9788260311
-11947,6825053377 -12866,8627941348 -16692,3727078703 -14285,066679902
-11947,6825053377 -13731,4538446441 -16184,6673738619 -14251,2331133545
-11947,6825053377 -13947,7550790691 -15926,48739792 -14262,96956115
-11947,6825053377 -13790,4338655381 -16111,374868432 -14451,3506536812
-11947,6825053377 -13764,9618066109 -16542,9642721688 -14350,6283032248
-11947,6825053377 -13374,1542965601 -16933,1955737057 -14306,5911537382
-11947,6825053377 -13363,2388623126 -16760,7917231869 -14300,1093870891
-11947,6825053377 -13462,5355563917 -16844,5794681527 -14315,8482110467
-11947,6825053377 -13553,1433893425 -17420,9852938378 -14422,2701842972
-11947,6825053377 -13663,8157529033 -17200,1159099617 -14614,1738534541
-11947,6825053377 -13716,1690160114 -17401,8557058723 -14566,5337163514
-11947,6825053377 -13406,923024411 -16733,7714750365 -14456,0178128446
-11947,6825053377 -13433,1670470151 -16843,4318610058 -14554,1389369597
-11947,6825053377 -13612,9753267842 -17192,1171053811 -14447,6020701643
-11947,6825053377 -13565,0444088511 -16734,2223255954 -14446,7073641522
-11947,6825053377 -13636,0861678076 -16536,381796128 -14325,8521651784
-11947,6825053377 -13645,9940263381 -16859,4962967859 -14371,1769439052
-11947,6825053377 -13543,3617357364 -16118,0904986928 -14351,1174414339
-11947,6825053377 -13572,1034256939 -16359,3952558924 -14359,5715987006
-11947,6825053377 -13874,6739425716 -16242,3358294149 -14339,5780954758
-11947,6825053377 -13761,7249976343 -16548,7410085689 -14392,7813860158
-11947,6825053377 -13760,6484705454 -16620,9657632735 -14448,0423950571
-11947,6825053377 -13810,0293037208 -16102,6825506512 -14547,829634636
-11947,6825053377 -13812,7817424954 -17073,7544168717 -14503,1208721043
-11947,6825053377 -13356,0467303078 -16181,0869538874 -14414,6229513742
-11947,6825053377 -13534,8208530886 -16509,4077074447 -14358,2298694086
-11947,6825053377 -13689,7691020667 -16186,5867281893 -14340,1670723133
-11947,6825053377 -13693,3440138437 -17031,1976475429 -14456,4613432546
-11947,6825053377 -13667,0694932011 -16330,8100507233 -14439,7670416534
-11947,6825053377 -13501,9469966437 -16778,5976528111 -14430,38461429
-11947,6825053377 -13614,7920019941 -16342,8181787232 -14522,660223106
-11947,6825053377 -13566,7564984951 -16536,5231472358 -14468,7455398687
-11947,6825053377 -13468,2486301403 -16620,7740392801 -14381,9923691276
-11947,6825053377 -13399,4360189097 -16741,5699587581 -14320,8663609538
-11947,6825053377 -13185,4029444158 -16503,3974344797 -14313,6360830709
-11947,6825053377 -13220,8997638301 -16289,9719172017 -14304,1396977301
-11947,6825053377 -13210,1283345142 -16534,5788930019 -14462,4694807371
-11947,6825053377 -13317,5280978831 -16686,5727516371 -14459,3126731957
-11947,6825053377 -13171,5258634656 -17070,5477207723 -14481,6509356633
-11947,6825053377 -13200,0811060653 -17852,890752245 -14552,4486989
-11947,6825053377 -13038,2730904207 -17153,6491017109 -14491,1185759573
-11947,6825053377 -13007,0787425539 -16888,2974211337 -14448,4126716733
-11947,6825053377 -12917,3636880504 -17027,4686837839 -14325,99297233
-11947,6825053377 -12780,8415907959 -16607,6861414472 -14293,6710744245
-11947,6825053377 -12756,8956880666 -16799,5998761218 -14332,3125028543
-11947,6825053377 -12789,5563923584 -16450,8647018496 -14318,0135910106
-11947,6825053377 -12793,3401804946 -16809,8553055801 -14304,424839366
-11947,6825053377 -12821,9446369237 -16171,910259142 -14075,6444599772
-11947,6825053377 -12763,2338617694 -16498,5211855404 -14091,7843684443
-11947,6825053377 -12957,2341335649 -16241,7509529711 -14135,7156086343
-11947,6825053377 -13124,8163774761 -16200,4943284275 -14097,719849431
-11947,6825053377 -13190,9652985764 -16698,9024480528 -14256,3585375284
-11947,6825053377 -13195,5205846438 -17002,8003397796 -14285,9414325612
-11947,6825053377 -13167,3453785187 -16535,5794109392 -14337,8725026993
-11947,6825053377 -13192,8482618597 -16316,2356064055 -14371,70566623
-11947,6825053377 -13139,7458264496 -16881,8613088263 -14373,7596359413
-11947,6825053377 -13153,2030917952 -17191,1834758691 -14442,2885996774
-11947,6825053377 -13195,1448608303 -16521,0831019455 -14350,7424447269
-11947,6825053377 -13029,1091303842 -16398,9986688082 -14367,8042376729
-11947,6825053377 -13011,9579816084 -16265,6861214819 -14285,8514018299
-11947,6825053377 -12822,5815837929 -16846,8635462803 -14220,4250101987
-11947,6825053377 -12876,4234151315 -16787,1553976238 -14248,064193472
-11947,6825053377 -12841,6924968131 -16786,836210546 -14379,8972448111
-11947,6825053377 -12644,4740890444 -17741,9441786884 -14427,3817727494
-11947,6825053377 -12814,3191994341 -17564,1870175563 -14435,8512745952
-11947,6825053377 -13378,6123691137 -17103,2004728796 -14563,6254400599
-11947,6825053377 -12861,8384923822 -17203,9334916193 -14560,7536719362
-11947,6825053377 -12889,0145924975 -17188,2201612523 -14454,1782501678
-11947,6825053377 -13025,292153278 -16907,4596028816 -14445,3385989932
-11947,6825053377 -12821,7853785443 -16812,8727320573 -14414,7809194803
-11947,6825053377 -12861,9824500937 -16675,0982396348 -14397,0793117856
-11947,6825053377 -12822,9523760408 -16921,1186181102 -14448,7668714289
-11947,6825053377 -12856,3284114361 -16643,7111682458 -14497,4811048995
-11947,6825053377 -12810,9534346106 -17575,0114112288 -14424,1636294688
-11947,6825053377 -12795,2544341767 -16243,0331180461 -14380,0313758194
-11947,6825053377 -12687,1876042129 -16840,7369162763 -14341,2924815814
-11947,6825053377 -12793,0406857296 -17236,7532752741 -14321,7271245021
-11947,6825053377 -12832,5867653062 -16397,138143546 -14315,5439145606
-11947,6825053377 -13008,2237417852 -16181,9086206186 -14284,7703315107
-11947,6825053377 -12845,067089145 -16783,3005312229 -14358,4490846089
-11947,6825053377 -13021,7643566302 -17119,6765573526 -14534,5103371759
-11947,6825053377 -13170,3066835652 -16699,3289585657 -14689,7899250132
-11947,6825053377 -13029,5803384418 -17006,4416367951 -14713,243539517
-11947,6825053377 -12965,0499624972 -17133,8172636752 -14755,339079143
-11947,6825053377 -13000,0317104552 -17238,9324100786 -14857,4141668973
-11947,6825053377 -13338,3324926298 -17392,036857401 -14828,1929867546
-11947,6825053377 -13368,988811949 -17328,4897921328 -14603,0447072419
-11947,6825053377 -13033,2853643313 -16649,751806891 -14621,9186926195
-11947,6825053377 -12974,9282888801 -17087,6917552188 -14575,0460826656
-11947,6825053377 -12876,8644882557 -16697,80962298 -14518,5255322249
-11947,6825053377 -13064,2228416885 -17214,6629161965 -14518,0478755315
-11947,6825053377 -13006,3645263336 -17015,0085074506 -14503,7293486253
-11947,6825053377 -13016,078141026 -16993,5475574028 -14520,7864112874
-11947,6825053377 -13367,9905933441 -17150,4824005625 -14602,5673871336
-11947,6825053377 -13316,9186810537 -16865,2498212072 -14670,6643703021
-11947,6825053377 -13378,1260019525 -16978,8447752648 -14669,632591282
-11947,6825053377 -13810,5900251334 -16972,7182154528 -14635,8080676735
-11947,6825053377 -13800,2171204696 -17092,6923634844 -14571,1270597083
-11947,6825053377 -13460,8561089107 -17108,433440392 -14661,7865746838
-11947,6825053377 -13805,769536963 -16774,3492719737 -14538,0974956126
-11947,6825053377 -13583,4031924106 -17219,3349425753 -14537,1417836534
-11947,6825053377 -13554,0460778488 -17012,9218735223 -14537,019294966
-11947,6825053377 -13298,0001677412 -17266,7083201639 -14474,0935961301
-11947,6825053377 -13333,4537240941 -17415,0479905819 -14417,406284984
-11947,6825053377 -13281,7351465646 -16744,4335638399 -14423,7074682284
-11947,6825053377 -13326,4888530638 -17157,1477628705 -14435,8109135889
-11947,6825053377 -13590,5766695038 -16513,4982666937 -14389,0189182854
-11947,6825053377 -13573,7360981134 -16815,3963838894 -14384,0192317242
-11947,6825053377 -13375,8286497196 -17307,3137499473 -14479,2966118851
-11947,6825053377 -13203,5175253926 -16764,0766789424 -14502,8422916878
-11947,6825053377 -13166,1853518676 -16816,4937101377 -14491,3129285942
-11947,6825053377 -13192,6580185165 -16975,7953695345 -14450,736607567
-11947,6825053377 -12901,9943981713 -17252,1129537061 -14426,2571501091
-11947,6825053377 -12973,9543031286 -16854,4445806655 -14368,7811731585
-11947,6825053377 -13071,325663467 -16610,9057730958 -14485,1555950748
-11947,6825053377 -13130,8149888161 -16764,3731016391 -14431,0810906042
-11947,6825053377 -12918,5143581779 -16736,4305417387 -14398,1159118472
-11947,6825053377 -12990,8757476255 -16638,2723154522 -14348,0030948308
-11947,6825053377 -12877,9774994145 -16883,6054123894 -14312,5173115892
-11947,6825053377 -13206,7500080121 -16654,7257677638 -14356,3569305367
-11947,6825053377 -13083,3721471638 -17002,6624543818 -14345,8748541692
-11947,6825053377 -13181,6517237116 -16750,1306478963 -14345,1848361919
-11947,6825053377 -13237,1604685637 -16650,738293815 -14464,3802669167
-11947,6825053377 -12971,6099207158 -16588,779143481 -14338,8808803463
-11947,6825053377 -12972,6638522726 -16991,8874206127 -14525,4502249063
-11947,6825053377 -12675,9756389931 -17405,6008172377 -14396,0653942396
-11947,6825053377 -12653,484207174 -16783,5862473137 -14378,9479151872
-11947,6825053377 -12845,3935259001 -17044,7056307331 -14429,0732640468
-11947,6825053377 -12546,7822814407 -16843,3627753804 -14480,3541108023
-11947,6825053377 -12515,4686661396 -16862,7339731602 -14439,4478160681
-11947,6825053377 -12654,0803361045 -17474,0069209955 -14519,980805863
-11947,6825053377 -12509,471244256 -17617,7183009617 -14529,6758666881
-11947,6825053377 -12433,8265242254 -16912,9727175649 -14464,9783381331
-11947,6825053377 -12656,8788403321 -16842,2548594698 -14447,462611865
-11947,6825053377 -12614,7407167666 -16836,8169820581 -14473,7243349524
-11947,6825053377 -12778,5902350409 -17049,3887736212 -14402,6652521166
-11947,6825053377 -12778,1006851318 -17158,9852144038 -14350,4725158789
-11947,6825053377 -12777,5845432509 -16988,4337044738 -14362,813283706
-11947,6825053377 -12333,0537610251 -17172,0809907254 -14391,3488097889
-11947,6825053377 -12366,2613122386 -16920,8073802948 -14475,6170604387
-11947,6825053377 -12942,8445767371 -16652,2574978782 -14641,6680764358
-11947,6825053377 -13000,4329762984 -16652,8877719505 -14594,1204812946
-11947,6825053377 -13028,2066993873 -17122,8800598836 -14631,7404461049
-11947,6825053377 -12777,0412559834 -16889,7023344373 -14547,8961775748
-11947,6825053377 -12615,8487602417 -16601,3575827111 -14528,4092545665
-11947,6825053377 -12515,0306520744 -17079,743420383 -14529,7192530918
-11947,6825053377 -12524,3856647008 -16810,8634360792 -14425,2441536677
-11947,6825053377 -12852,5206626402 -17020,3814468511 -14476,1878145128
-11947,6825053377 -12698,2044995455 -16312,3278178434 -14417,3971648598
-11947,6825053377 -12670,8456933433 -16742,2919702623 -14375,2791706972
-11947,6825053377 -12524,4969019522 -16628,809025945 -14254,2529944716
-11947,6825053377 -12590,1555114179 -16285,1062921311 -14248,8021897979
-11947,6825053377 -12495,5812454078 -16243,0754491067 -14249,1590263746
-11947,6825053377 -12633,9120068265 -16738,3146146272 -14261,1920384614
-11947,6825053377 -12391,3003148114 -17318,8538217236 -14391,4849672268
-11947,6825053377 -12828,1641914552 -16720,8155606683 -14437,0369615429
-11947,6825053377 -13272,8184050116 -17004,2119380997 -14427,4535046299
-11947,6825053377 -13040,3204282479 -17178,0698527286 -14339,6526174751
-11947,6825053377 -12957,4178721854 -16921,6932079238 -14237,1887271254
-11947,6825053377 -12978,9612604576 -16518,6105109082 -14189,3470830955
-11947,6825053377 -12799,0072140336 -16361,9616850447 -14227,3846130617
-11947,6825053377 -12918,2152116259 -17446,1287116043 -14275,3431009533
-11947,6825053377 -12838,2178643549 -16529,9841005716 -14209,7790216791
-11947,6825053377 -12888,9803959131 -16474,7510013932 -14306,1906856271
-11947,6825053377 -12855,1909354475 -16525,7179697631 -14283,0827544816
-11947,6825053377 -12988,833198511 -16682,5807033314 -14344,3393069468
-11947,6825053377 -12980,4801614901 -16598,8135079889 -14340,4801655458
668,870127099311
