-18429040,2737306 -18429040,2737306 -19363660,2606593 -18887860,5802459
-18322207,5265558 -18322207,5265558 -19267367,6570764 -18820910,305763
-18293225,4761589 -18293225,4761589 -19229131,5143933 -18775246,341772
-18264431,1644539 -18264431,1644539 -19314162,49358 -18717793,1812046
-18215253,1867014 -18215253,1867014 -19229292,4795673 -18662353,3622811
-18188903,5778096 -18188903,5778096 -19093978,233468 -18603528,6463392
-18181329,1482785 -18181329,1482785 -19091689,126149 -18563594,2040928
-18096769,6138577 -18096769,6138577 -19102997,9829765 -18506376,8831938
-18062750,2827548 -18062750,2827548 -19074610,553773 -18451340,1810105
-17980359,908057 -17980359,908057 -19039335,9367571 -18376514,7980821
-17940101,3987944 -17940101,3987944 -18790620,7989264 -18324462,064872
-17890153,9426136 -17890153,9426136 -18800272,0536471 -18263136,418234
-17886309,8437799 -17886309,8437799 -18752235,8804748 -18214146,7856181
-17862985,1502782 -17862985,1502782 -18673723,0111543 -18149536,546452
-17708788,3388538 -17708788,3388538 -18597663,2396614 -18094766,2417964
-17687123,0111677 -17687123,0111677 -18529043,2113465 -18037948,0932529
-17631975,3286744 -17631975,3286744 -18545235,0549863 -17967313,3782121
-17617152,470256 -17617152,470256 -18454747,4660596 -17900411,1519214
-17586666,0799179 -17586666,0799179 -18290310,0066937 -17861182,9036479
-17510799,9372374 -17510799,9372374 -18237981,101921 -17784968,2374148
-17472419,4708952 -17472419,4708952 -18204547,7125713 -17743484,3612941
-17325897,4130156 -17325897,4130156 -18099703,4434362 -17674376,679318
-17186128,1960307 -17186128,1960307 -18048576,1424888 -17608004,45301
-17186128,1960307 -17189535,8511219 -17885561,1168266 -17539385,0757116
-17109268,882155 -17109268,882155 -17888228,9585093 -17477878,9424209
-17084648,3896425 -17084648,3896425 -17796384,3166756 -17437304,0081714
-17034247,3219146 -17034247,3219146 -17770077,4297194 -17377352,5395656
-16972607,6629781 -16972607,6629781 -17715024,8216191 -17322494,3156462
-16831370,5968539 -16831370,5968539 -17691783,7073877 -17264211,5250554
-16740136,1855353 -16740136,1855353 -17634676,9584643 -17221067,6081254
-16704693,8866013 -16704693,8866013 -17608879,6186099 -17169217,7175917
-16696068,9443519 -16696068,9443519 -17517079,0048165 -17110412,7356565
-16660412,6595504 -16660412,6595504 -17512022,9240731 -17056259,1981731
-16655666,6223325 -16655666,6223325 -17361433,3205633 -16987040,0063436
-16547835,6072251 -16547835,6072251 -17324279,6813602 -16937660,8640315
-16519111,879765 -16519111,879765 -17228522,6624094 -16903040,1982563
-16434600,307439 -16434600,307439 -17208277,1768859 -16846683,3507596
-16410700,3772352 -16410700,3772352 -17188127,7003378 -16797926,8392079
-16362926,4843757 -16362926,4843757 -17095788,6032384 -16753531,7366427
-16350702,1347212 -16350702,1347212 -17121906,1773395 -16707354,6928723
-16266534,902263 -16266534,902263 -17079224,4796088 -16649317,8897443
-16172917,9693415 -16172917,9693415 -17046723,1502477 -16591576,2128329
-16076501,7449445 -16076501,7449445 -16974168,5221247 -16536557,4779967
-15970792,7280913 -15970792,7280913 -16932996,5294777 -16480598,6484343
-15970792,7280913 -15971727,1948342 -16806474,2410761 -16454142,3306651
-15942958,8430158 -15942958,8430158 -16843679,2936235 -16424040,1663388
-15888333,7771302 -15888333,7771302 -16763149,7886041 -16351129,6840978
-15821896,5449601 -15821896,5449601 -16754125,4839987 -16294717,3698741
-15766547,6851727 -15766547,6851727 -16599528,8746761 -16250387,0674221
-15724026,4321286 -15724026,4321286 -16643931,6053655 -16211950,4498708
-15721692,9459067 -15721692,9459067 -16582112,580135 -16172506,3901101
-15681627,2903477 -15681627,2903477 -16556664,0070346 -16118848,0019174
-15652178,0094102 -15652178,0094102 -16499403,5905585 -16079696,0611665
-15624769,0112799 -15624769,0112799 -16457938,3397293 -16036720,856375
-15562899,561558 -15562899,561558 -16449253,0993867 -15970683,5994526
-15554156,3287475 -15554156,3287475 -16330933,1521622 -15940252,0561732
-15501348,1465695 -15501348,1465695 -16369538,1902067 -15886296,4747646
-15398938,2108518 -15398938,2108518 -16318377,2176256 -15841167,8559013
-15359125,2552473 -15359125,2552473 -16292133,2543732 -15804204,5321458
-15322476,9945543 -15322476,9945543 -16310122,8818173 -15741784,5409683
-15236554,8327165 -15236554,8327165 -16157650,6114497 -15683662,6489213
-15196478,6879939 -15196478,6879939 -16096080,3860575 -15649036,8976095
-15150687,7598873 -15150687,7598873 -16165767,7899818 -15603726,0638957
-15141769,839189 -15141769,839189 -16050097,8791347 -15572723,3475602
-15130096,8659302 -15130096,8659302 -16100152,9532507 -15517381,7821451
-15099816,8023739 -15099816,8023739 -15980354,9813715 -15461139,9071422
-15005819,6196545 -15005819,6196545 -15912138,8984758 -15406841,1984207
-14981202,2588536 -14981202,2588536 -15948150,6557213 -15362610,6116369
-14897717,6964386 -14897717,6964386 -15945923,0907689 -15325395,012895
-14884398,2611684 -14884398,2611684 -15931070,645376 -15296334,4969899
-14879118,9469096 -14879118,9469096 -15854715,6408097 -15254830,4272072
-14805532,8492312 -14805532,8492312 -15887830,1755293 -15194092,3524995
-14693694,1385184 -14693694,1385184 -15786302,5607151 -15138864,6818547
-14692769,3162357 -14692769,3162357 -15731065,1586812 -15092768,6871603
-14609292,2920376 -14609292,2920376 -15678189,0703411 -15050501,2301634
-14574818,4914673 -14574818,4914673 -15661452,6711345 -15021497,0321213
-14528339,5513384 -14528339,5513384 -15618081,9654816 -14984616,0799917
-14503968,5341952 -14503968,5341952 -15551982,7750585 -14952694,7040431
-14498933,6928197 -14498933,6928197 -15460862,5589411 -14901555,7776527
-14408964,0573888 -14408964,0573888 -15328733,9614601 -14843101,9618736
-14401494,2245205 -14401494,2245205 -15358906,0032191 -14803697,7318888
-14367885,5196767 -14367885,5196767 -15301189,8519048 -14769810,0979521
-14336935,3559861 -14336935,3559861 -15309834,3824377 -14730859,0257292
-14329590,0189012 -14329590,0189012 -15188824,4944375 -14686399,8310571
-14256488,5245031 -14256488,5245031 -15184219,825636 -14643781,8222691
-14235314,1364561 -14235314,1364561 -15083730,9795029 -14602098,0221161
-14210016,8765044 -14210016,8765044 -15051975,5776398 -14553123,4898823
-14111553,0677536 -14111553,0677536 -14956933,1402617 -14511577,3053298
-14105135,2262102 -14105135,2262102 -14995280,4544711 -14486776,1191459
-14006801,9234053 -14006801,9234053 -14940683,6436964 -14442350,161909
-14004251,2381224 -14004251,2381224 -14849188,9433415 -14407710,0479623
-13929636,1574143 -13929636,1574143 -14843400,4945404 -14370538,5153823
-13926751,884573 -13926751,884573 -14823310,9806701 -14354112,4430023
-13913387,1762475 -13913387,1762475 -14737027,5986946 -14325017,2410763
-13909918,6693145 -13909918,6693145 -14720642,747672 -14296240,8212129
-13876613,1167029 -13876613,1167029 -14691715,4035343 -14263592,4715712
-13817685,2836338 -13817685,2836338 -14681910,3882778 -14214028,2169009
-13752234,7655663 -13752234,7655663 -14580266,5073193 -14178439,3322178
-13751110,4574229 -13751110,4574229 -14544279,8039138 -14154170,6861165
-13721135,9297058 -13721135,9297058 -14547428,2338539 -14133834,1746338
-13693368,5243734 -13693368,5243734 -14540927,1900363 -14089419,4112915
-13685366,4862185 -13685366,4862185 -14480720,9634973 -14066924,935158
-13679890,2581625 -13679890,2581625 -14544014,9477928 -14037556,4526309
-13668631,1931647 -13668631,1931647 -14481380,576592 -14001497,5898601
-13649868,0132011 -13649868,0132011 -14367258,060808 -13977024,9241892
-13611563,5458979 -13611563,5458979 -14330885,2812152 -13956479,8939035
-13518858,126563 -13518858,126563 -14324783,9320915 -13917590,6216705
-13470517,5158591 -13470517,5158591 -14378600,2624479 -13887311,6600393
-13458993,7661726 -13458993,7661726 -14241257,7997267 -13852757,8761661
-13428938,0676757 -13428938,0676757 -14197130,8508873 -13826790,3727896
-13394891,0556702 -13394891,0556702 -14153677,0528579 -13806906,6397858
-13331828,3810633 -13331828,3810633 -14203067,7864705 -13765275,4691489
-13309415,575406 -13309415,575406 -14205868,2700931 -13724825,5499065
-13265821,4360952 -13265821,4360952 -14146440,9725656 -13695909,2288353
-13222447,8467477 -13222447,8467477 -14105178,6281322 -13659243,6875962
-13203015,275023 -13203015,275023 -14096777,1327472 -13620021,8955065
-13169362,1018199 -13169362,1018199 -14013615,0308859 -13581011,872808
-13160820,0460488 -13160820,0460488 -13976988,0284585 -13564878,7220304
-13157197,1143773 -13157197,1143773 -14021100,3408936 -13533701,632362
-13147507,1844225 -13147507,1844225 -13941522,3407718 -13499994,911009
-13128074,8215936 -13128074,8215936 -13938801,0877547 -13466619,7596006
-13089634,7526163 -13089634,7526163 -13866556,1860245 -13427297,3290968
-12971832,8917478 -12971832,8917478 -13781235,6158332 -13378727,6774114
-12880612,0265365 -12880612,0265365 -13786855,5080052 -13317985,4439795
-12874336,3792311 -12874336,3792311 -13813963,9849495 -13285201,4160485
-12863734,8695822 -12863734,8695822 -13662457,2485633 -13253026,8863828
-12812430,6110034 -12812430,6110034 -13645097,2479427 -13228724,2673067
-12807676,503403 -12807676,503403 -13650361,9379045 -13207713,3999312
-12786897,6684294 -12786897,6684294 -13600587,4496762 -13187186,1851975
-12783992,4621856 -12783992,4621856 -13614572,6491504 -13152725,0491367
-12759149,2845552 -12759149,2845552 -13517203,5986075 -13119252,2980143
-12723741,0208682 -12723741,0208682 -13481172,1112186 -13095720,2728645
-12701921,7532501 -12701921,7532501 -13467953,1867981 -13058147,5109963
-12672841,3444028 -12672841,3444028 -13452652,5813697 -13032660,3196146
-12579351,7402152 -12579351,7402152 -13400786,144212 -12998992,1180187
-12567649,6604446 -12567649,6604446 -13402073,9068355 -12969342,7101725
-12543574,9083099 -12543574,9083099 -13338667,6549955 -12939734,6050479
-12492162,7586763 -12492162,7586763 -13288106,8941537 -12912526,335336
-12389929,0661308 -12389929,0661308 -13324388,0705778 -12865932,0955389
-12353052,8759968 -12353052,8759968 -13221878,2333386 -12837894,6095078
-12331435,9137436 -12331435,9137436 -13202360,7712752 -12809630,5004823
-12329158,4214506 -12329158,4214506 -13165987,5023457 -12790386,3921018
-12327591,5384278 -12327591,5384278 -13227869,7948418 -12777418,1388009
-12251649,0168685 -12251649,0168685 -13139662,5307057 -12754128,037301
-12214807,4992439 -12214807,4992439 -13125444,5558634 -12741328,3301561
-12188840,7961924 -12188840,7961924 -13112414,5564357 -12707115,7567846
-12180225,2203653 -12180225,2203653 -13079958,4199473 -12681158,6966879
-12167879,6190729 -12167879,6190729 -13076519,7698479 -12654740,3662604
-12127404,5552228 -12127404,5552228 -13018892,5453457 -12629431,2498976
-12111302,4404669 -12111302,4404669 -12997001,3371622 -12605606,8412958
-12068844,2872684 -12068844,2872684 -13002734,9744041 -12560763,5483622
-12068844,2872684 -12068866,2276673 -12967503,3122576 -12545344,8439544
-12060366,0042125 -12060366,0042125 -12972728,0134477 -12509311,6118988
-12023483,5863407 -12023483,5863407 -12974875,8458492 -12479083,2857194
-12013810,0993828 -12013810,0993828 -12905511,8773637 -12442033,0199651
-11997932,2534904 -11997932,2534904 -12909762,7661954 -12417913,0332471
-11959140,8305269 -11959140,8305269 -12819014,7700397 -12394121,9135698
-11938022,9617441 -11938022,9617441 -12827917,901221 -12364292,0034155
-11884909,0674294 -11884909,0674294 -12835643,0172871 -12345877,4870619
-11839511,9082601 -11839511,9082601 -12826420,7258619 -12313033,7435063
-11777721,508639 -11777721,508639 -12763332,7485137 -12272893,3277784
-11758332,883666 -11758332,883666 -12689827,584451 -12241761,8804732
-11756439,2080127 -11756439,2080127 -12611119,5621509 -12230058,6057706
-11741288,1220802 -11741288,1220802 -12648578,2964879 -12209994,7922596
-11735099,692601 -11735099,692601 -12602113,1419696 -12177636,6167837
-11732396,0343992 -11732396,0343992 -12587070,4023248 -12154565,0985524
-11730387,4074443 -11730387,4074443 -12502468,7195209 -12129139,9893739
-11711873,3410841 -11711873,3410841 -12538255,7535222 -12101956,0471874
-11643835,055991 -11643835,055991 -12470888,2968248 -12070919,1545156
-11619176,0213284 -11619176,0213284 -12416795,9290766 -12033003,0212336
-11619176,0213284 -11627862,5445166 -12523848,1802746 -12020954,5681035
-11610812,0414718 -11610812,0414718 -12377391,6351886 -12002569,4764604
-11610812,0414718 -11614641,5261764 -12442803,1540389 -11976520,040441
-11585833,0461742 -11585833,0461742 -12320962,4473439 -11945650,7209179
-11563634,4171207 -11563634,4171207 -12266684,7640547 -11927548,4027011
-11556310,9995112 -11556310,9995112 -12258962,8702005 -11894651,4794718
-11552056,2985633 -11552056,2985633 -12283644,7577098 -11871332,334523
-11550627,4693429 -11550627,4693429 -12257597,3264549 -11856434,6613817
-11549580,6016315 -11549580,6016315 -12187056,9900188 -11831452,1763305
-11502501,194554 -11502501,194554 -12230992,4902179 -11820357,7010416
-11488767,8019805 -11488767,8019805 -12216599,2009902 -11800884,9861556
-11484151,8857034 -11484151,8857034 -12170249,9547506 -11784897,5636977
-11475860,0547178 -11475860,0547178 -12086619,2932198 -11763397,2697489
-11458392,7862473 -11458392,7862473 -12061274,1120024 -11743615,6533976
-11458392,7862473 -11458406,7805453 -12042802,4839965 -11727111,9859353
-11408942,4936233 -11408942,4936233 -12101946,9013381 -11703854,9428332
-11400918,3423427 -11400918,3423427 -12023798,4916835 -11685004,4694459
-11367937,7392468 -11367937,7392468 -12063924,3223928 -11664706,4481219
-11362037,9789983 -11362037,9789983 -11986001,3564988 -11650113,2854001
-11331801,9955202 -11331801,9955202 -11996491,4589219 -11620972,3173459
-11252446,6188367 -11252446,6188367 -11952090,6929865 -11597633,9892361
-11250249,7332306 -11250249,7332306 -11990579,3543029 -11576333,6076368
-11236986,404721 -11236986,404721 -11924647,0342698 -11554737,7195422
-11191867,7208968 -11191867,7208968 -11859243,1769588 -11532325,9654215
-11191764,1198782 -11191764,1198782 -11840895,7550524 -11514696,9852476
-11148634,8976363 -11148634,8976363 -11910449,8441611 -11493067,8464704
-11118585,6069695 -11118585,6069695 -11819589,4747417 -11456345,7644396
-11118585,6069695 -11119368,8022931 -11838529,3048793 -11440452,9655182
-11081124,5928896 -11081124,5928896 -11824436,9435494 -11423492,5488223
-11080745,3887536 -11080745,3887536 -11883439,7236293 -11403571,0670196
-11055046,9823237 -11055046,9823237 -11810987,2861498 -11379091,6298162
-11031116,1823665 -11031116,1823665 -11839930,8456227 -11359112,3304991
-11030159,0245027 -11030159,0245027 -11789273,5725488 -11346922,5071713
-11020826,5965014 -11020826,5965014 -11762606,4786485 -11323721,667478
-10952925,1488137 -10952925,1488137 -11697184,1943416 -11304814,2724324
-10939581,056321 -10939581,056321 -11739850,0054431 -11290569,0114058
-10938598,1167161 -10938598,1167161 -11717847,7443382 -11276492,3855627
-10927682,8615812 -10927682,8615812 -11717632,451708 -11251708,9651491
-10860576,8292976 -10860576,8292976 -11751397,9530733 -11229870,7692803
-10860576,8292976 -10861695,4330838 -11699113,4945936 -11205526,4119125
-10860576,8292976 -10864189,9446268 -11682695,1306615 -11184670,9095989
-10858956,0121777 -10858956,0121777 -11674761,4266503 -11170900,3842447
-10833151,817202 -10833151,817202 -11550303,7358943 -11155601,2994477
-10828152,8542567 -10828152,8542567 -11652340,4703122 -11131955,8091313
-10817165,0089238 -10817165,0089238 -11572956,5752547 -11116190,3441435
-10798523,3780434 -10798523,3780434 -11612534,6734886 -11094281,7064272
-10778072,3050398 -10778072,3050398 -11559889,4965526 -11083202,42392
-10746744,6062728 -10746744,6062728 -11534728,9805495 -11074921,2048216
-10700573,6471926 -10700573,6471926 -11504611,5251969 -11046419,185979
-10700573,6471926 -10717802,744269 -11463312,8960563 -11027120,4590436
-10695330,3430595 -10695330,3430595 -11397482,9777083 -11012802,5455107
-10640565,7488861 -10640565,7488861 -11426548,0264913 -10984463,8737401
-10618962,2333834 -10618962,2333834 -11432993,5338655 -10967201,8010728
-10602351,6548441 -10602351,6548441 -11438733,546468 -10954696,1660712
-10598002,7164834 -10598002,7164834 -11350231,8914553 -10943008,5734696
-10558375,3691545 -10558375,3691545 -11338170,6902494 -10924493,7370939
-10557419,2736989 -10557419,2736989 -11410214,5014094 -10914123,7297555
-10541270,4893321 -10541270,4893321 -11364761,9225507 -10905451,2949175
-10536472,0753609 -10536472,0753609 -11304434,4842766 -10886336,5873241
-10506414,4403357 -10506414,4403357 -11311363,2361856 -10866813,2431604
-10468695,4846524 -10468695,4846524 -11237367,3955242 -10852540,3410181
-10459863,4500555 -10459863,4500555 -11249303,0747117 -10838354,3122149
-10442228,5688119 -10442228,5688119 -11246815,2439378 -10823976,0452595
-10386917,6341339 -10386917,6341339 -11178912,816843 -10798942,9797352
-10315427,1297993 -10315427,1297993 -11218847,9854118 -10779880,6619971
-10305431,760702 -10305431,760702 -11140735,7734877 -10767723,1826752
-10287530,9892382 -10287530,9892382 -11215800,641119 -10748609,9863337
-10287530,9892382 -10298025,9402763 -11133391,910143 -10733642,3444185
-10285503,6850113 -10285503,6850113 -11165401,5033999 -10704865,9153834
-10235042,0957533 -10235042,0957533 -11170831,0153995 -10680762,9157797
-10224179,4870916 -10224179,4870916 -11075803,9452205 -10674344,3049223
-10213920,3233786 -10213920,3233786 -11083162,3913801 -10659288,9625713
-10160344,8392658 -10160344,8392658 -11111040,3477791 -10650020,3122652
-10146038,0984883 -10146038,0984883 -11020848,9635051 -10634324,9945853
-10107771,8237157 -10107771,8237157 -11058335,8292787 -10614530,2862578
-10103918,3548376 -10103918,3548376 -10982480,967091 -10597102,3664165
-10103918,3548376 -10106745,170226 -11014791,4413384 -10584503,3764313
-10103918,3548376 -10111031,1017246 -11016936,5587804 -10568488,8432354
-10094000,0136366 -10094000,0136366 -10977693,3704278 -10551468,3486909
-10087955,3421322 -10087955,3421322 -11012742,6728018 -10533805,7187753
-10087955,3421322 -10093107,7252362 -10985864,846987 -10517249,2166498
-10075621,6189973 -10075621,6189973 -10902223,4712201 -10484843,2734719
-10071770,7564498 -10071770,7564498 -10887163,2466153 -10457836,7310013
-10047386,1772393 -10047386,1772393 -10962795,7402936 -10443064,4841225
-10003141,0073186 -10003141,0073186 -10860265,7736407 -10424647,3567621
-10003017,140473 -10003017,140473 -10817226,8338543 -10417334,0584486
-9985386,49095668 -9985386,49095668 -10855535,8144681 -10404335,5917443
-9981467,8895447 -9981467,8895447 -10816314,5211482 -10394154,8220908
-9946086,99630487 -9946086,99630487 -10821566,3245182 -10370744,7582587
-9924340,31783443 -9924340,31783443 -10802423,6064548 -10346008,7395833
-9849934,58816822 -9849934,58816822 -10817682,3720528 -10322114,224966
-9849934,58816822 -9851358,38444505 -10774627,0781045 -10305997,8946989
-9841455,8532887 -9841455,8532887 -10807684,9142959 -10296013,5437961
-9841455,8532887 -9874784,60916012 -10765454,7808392 -10284290,8950873
-9841455,8532887 -9869201,88329363 -10807820,4288863 -10267046,2632698
-9824380,04989271 -9824380,04989271 -10770773,6693218 -10254149,6131701
-9774221,320195 -9774221,320195 -10763144,9233426 -10234262,0876522
-9692439,37743988 -9692439,37743988 -10723974,5852171 -10201177,8897133
-9690451,1489439 -9690451,1489439 -10753825,221769 -10191961,2035689
-9689645,94047282 -9689645,94047282 -10751816,1704533 -10178721,6448191
-9689645,94047282 -9691103,2015768 -10734163,3412985 -10155790,4608536
-9666306,06869542 -9666306,06869542 -10794063,8715845 -10138128,5536156
-9656207,50405492 -9656207,50405492 -10701976,7498019 -10121308,8315914
-9637717,61966438 -9637717,61966438 -10604473,6480256 -10096766,0095986
-9637717,61966438 -9637767,22458255 -10643551,2838811 -10090643,5243629
-9634436,95177469 -9634436,95177469 -10705464,1645999 -10087616,3769606
-9583295,50398805 -9583295,50398805 -10711427,2890909 -10069163,2620626
-9583295,50398805 -9601672,47939288 -10695061,7633243 -10057980,1898055
-9546420,9508607 -9546420,9508607 -10613155,7225216 -10043256,5763436
-9546420,9508607 -9559331,84210881 -10630845,0220745 -10039664,0296846
-9546226,22174564 -9546226,22174564 -10634640,0252592 -10008824,9523026
-9527271,35440598 -9527271,35440598 -10612755,790836 -9990958,41057458
-9474040,68578053 -9474040,68578053 -10591725,8809061 -9964980,21586895
-9473118,1182346 -9473118,1182346 -10634373,8256678 -9945470,96876419
-9465970,1730997 -9465970,1730997 -10604432,6253345 -9937241,22775496
-9441237,75051765 -9441237,75051765 -10545080,5477385 -9920966,19645342
-9436125,5981059 -9436125,5981059 -10529104,0021369 -9899980,72810872
-9436125,5981059 -9437383,56497758 -10515815,8627945 -9886831,93683187
-9436125,5981059 -9436283,09192101 -10486540,5307857 -9875804,73697626
-9330287,54790914 -9330287,54790914 -10493912,4557298 -9851001,91321265
-9320893,98910113 -9320893,98910113 -10511287,6134354 -9836103,92150263
-9302141,37182338 -9302141,37182338 -10460477,4874212 -9824173,74145063
-9290870,72205171 -9290870,72205171 -10480646,088987 -9810306,69776173
-9290636,29060345 -9290636,29060345 -10471808,1055007 -9785836,27088899
-9277418,3860948 -9277418,3860948 -10469310,1789135 -9766328,06027227
-9268289,36786545 -9268289,36786545 -10364406,9854571 -9745353,51588634
-9265268,11858993 -9265268,11858993 -10406173,60129 -9740284,82275706
-9256681,95257776 -9256681,95257776 -10391823,384103 -9727572,39422144
-9247504,34315112 -9247504,34315112 -10353204,9258788 -9716155,22680013
-9239958,09123841 -9239958,09123841 -10381539,4895509 -9691816,23311809
-9232723,83166312 -9232723,83166312 -10357766,1611962 -9667363,84391202
-9231639,97196736 -9231639,97196736 -10319272,5819097 -9655545,03503158
-9214907,45336738 -9214907,45336738 -10245604,6861453 -9639821,91007073
-9214907,45336738 -9223830,24399694 -10242083,3487059 -9627213,87297564
-9193360,20350644 -9193360,20350644 -10265359,8771244 -9611821,76709317
-9176252,81463528 -9176252,81463528 -10236759,4458233 -9595551,34815205
-9175111,15027295 -9175111,15027295 -10246641,7863294 -9578582,95145827
-9169861,40939266 -9169861,40939266 -10232468,2045625 -9565055,50707508
-9163461,22195046 -9163461,22195046 -10247911,6946567 -9541988,55177684
-9141118,85465528 -9141118,85465528 -10068879,3867886 -9525316,84645284
-9131330,88930914 -9131330,88930914 -10151652,2005028 -9519004,12387438
-9119615,73180871 -9119615,73180871 -10127313,5148517 -9507718,3743513
-9114412,18646215 -9114412,18646215 -10078203,1822896 -9499553,65262146
-9108256,62175982 -9108256,62175982 -10055094,0683431 -9492289,27211385
-9099371,52643161 -9099371,52643161 -10053832,9577349 -9480560,65420756
-9099371,52643161 -9099789,79571775 -10046615,9684629 -9460581,05655231
-9098852,11991793 -9098852,11991793 -10029037,4675662 -9443724,72642158
-9093402,25245515 -9093402,25245515 -10017500,1355572 -9432625,17953151
-9074020,68098709 -9074020,68098709 -10082045,5115172 -9420331,79870259
-9067288,42464685 -9067288,42464685 -10010330,7741126 -9413960,62603748
-9064181,28134874 -9064181,28134874 -10056823,677634 -9397811,8427661
-9042206,55399056 -9042206,55399056 -9961747,37062212 -9383692,50876881
-9013765,16254904 -9013765,16254904 -10034474,623328 -9369602,52971819
-8962312,72722582 -8962312,72722582 -9961730,3247716 -9364678,08621917
-8942054,67387672 -8942054,67387672 -9932191,07351518 -9352949,520085
-8929036,60962538 -8929036,60962538 -9939611,7368618 -9346509,39593033
-8924386,10789661 -8924386,10789661 -9938117,40149542 -9340558,06441285
-8919515,8307447 -8919515,8307447 -9985079,0537022 -9333992,15108874
-8914836,37740056 -8914836,37740056 -9942585,95268801 -9309571,38763584
-8910670,21311072 -8910670,21311072 -9880620,76844854 -9302414,99706969
-8897098,0689121 -8897098,0689121 -9881184,35361358 -9285099,69267851
-8885685,69899228 -8885685,69899228 -9866683,28678737 -9266678,41848294
-8885685,69899228 -8886139,2410138 -9965542,18042907 -9260869,21634131
-8874099,021711 -8874099,021711 -9843716,96772277 -9253376,57965091
-8874099,021711 -8876071,33894937 -9902824,8486667 -9241763,85050264
-8874099,021711 -8879503,38291896 -9835257,501385 -9226842,50721104
-8867130,53651483 -8867130,53651483 -9909521,87896843 -9222165,22593433
-8867130,53651483 -8867957,30312901 -9819268,40585041 -9203895,05682307
-8867130,53651483 -8870802,83425498 -9845968,2063251 -9197738,82270994
-8867130,53651483 -8886670,77725909 -9805935,67761133 -9190665,5934114
-8866718,31072642 -8866718,31072642 -9765902,84515043 -9172760,87070544
-8866718,31072642 -8866869,56478102 -9755915,87601609 -9163061,40957298
-8801502,9639276 -8801502,9639276 -9784954,57399053 -9143409,02649995
-8796252,1953252 -8796252,1953252 -9762050,10546855 -9127504,61469103
-8796252,1953252 -8825825,01930264 -9699340,32328833 -9125807,65867965
-8796252,1953252 -8830580,3172294 -9714503,91077819 -9122428,89312911
-8796252,1953252 -8822194,01145447 -9755481,11219764 -9116441,54038948
-8796252,1953252 -8808257,07715398 -9727746,15828413 -9106162,075285
-8790724,80911765 -8790724,80911765 -9672351,56314066 -9096495,58543153
-8790724,80911765 -8795065,04544273 -9719220,7996868 -9092110,44243501
-8777389,41885071 -8777389,41885071 -9736719,87823052 -9075341,15038043
-8767297,89591595 -8767297,89591595 -9706700,44017532 -9064582,12154436
-8765327,56811751 -8765327,56811751 -9665695,06372848 -9055812,90161473
-8765327,56811751 -8784930,15732019 -9738067,4289489 -9051428,65434951
-8765327,56811751 -8776538,12201547 -9666478,71783141 -9039317,34636137
-8756740,83383993 -8756740,83383993 -9640088,80922516 -9033407,66428711
-8749248,66030635 -8749248,66030635 -9641215,35477245 -9022559,12583172
-8749028,68058612 -8749028,68058612 -9593717,74268011 -9005138,55602654
-8728670,88590813 -8728670,88590813 -9650227,69943113 -8989303,39030706
-8705832,31512196 -8705832,31512196 -9609851,19980153 -8984347,06818207
-8703395,3946471 -8703395,3946471 -9592727,8029779 -8978703,21798665
-8695634,91011929 -8695634,91011929 -9570261,80121707 -8965188,51059823
-8655563,22255339 -8655563,22255339 -9602158,29845603 -8956049,38277303
-8625191,13772029 -8625191,13772029 -9554116,77782259 -8938416,01387709
-8620527,92653705 -8620527,92653705 -9555360,59742015 -8931233,02795772
-8606468,36112426 -8606468,36112426 -9572654,09564745 -8910157,72751264
-8606468,36112426 -8610179,96383272 -9569125,03005031 -8897986,09850274
-8567589,68219262 -8567589,68219262 -9596665,89170814 -8889930,73565701
-8540989,15382441 -8540989,15382441 -9529638,07412164 -8882827,75059737
-8531117,80821265 -8531117,80821265 -9560286,04974124 -8878585,20850235
-8525614,52151697 -8525614,52151697 -9569362,16166816 -8868781,82920683
-8522159,7160821 -8522159,7160821 -9554279,58365251 -8858594,20886212
-8522159,7160821 -8522186,72265649 -9402588,03383609 -8858139,90245894
-8522159,7160821 -8522371,59494499 -9499024,97841161 -8855014,56779975
-8522159,7160821 -8533995,17454324 -9484494,0891148 -8831574,83029811
-8522159,7160821 -8528895,30390941 -9472357,64443144 -8818929,13696819
-8522159,7160821 -8524563,95863736 -9440825,33341735 -8804355,60231746
-8522159,7160821 -8532532,93036652 -9491751,74173743 -8790872,52011073
-8522159,7160821 -8529169,90838614 -9385432,19242211 -8774688,04115848
-8522159,7160821 -8523194,37426408 -9385292,0720445 -8758381,52602383
-8522159,7160821 -8538076,86956667 -9326243,21932622 -8753702,73984149
-8522159,7160821 -8532584,67765071 -9406162,57193983 -8746532,16946799
-8495005,57198905 -8495005,57198905 -9412913,64370246 -8736663,1977106
-8447446,00612958 -8447446,00612958 -9350667,84517161 -8722615,07502507
-8441100,89379658 -8441100,89379658 -9363085,11148373 -8708656,64192422
-8439776,55779098 -8439776,55779098 -9227113,09449526 -8702846,17300327
-8434310,86653754 -8434310,86653754 -9241755,74955229 -8687412,53428341
-8433166,45808887 -8433166,45808887 -9219859,78446163 -8677066,41459463
-8433166,45808887 -8453013,09387001 -9300367,67685381 -8681345,61809404
-8433166,45808887 -8444754,553075 -9272254,82615501 -8670498,33772153
-8433166,45808887 -8443065,04617414 -9224668,16232949 -8663729,06623209
-8422120,21033754 -8422120,21033754 -9233419,84979943 -8657383,7847163
-8404696,62198512 -8404696,62198512 -9297201,5840109 -8642726,47093582
-8400460,52680023 -8400460,52680023 -9217812,31312469 -8631702,09797508
-8384678,70110711 -8384678,70110711 -9191664,91726769 -8625721,7003283
-8370920,17635378 -8370920,17635378 -9186992,7119791 -8620481,82905023
-8366318,24617478 -8366318,24617478 -9150789,67581587 -8606062,40557956
-8366318,24617478 -8372081,45861676 -9158214,88137767 -8594361,92876487
-8366318,24617478 -8368913,77984092 -9088536,29425846 -8585131,73872942
-8362081,57100418 -8362081,57100418 -9034882,06720719 -8570542,38161256
-8348090,82040593 -8348090,82040593 -9084663,39188966 -8569451,09481503
-8344764,60017506 -8344764,60017506 -9136963,84466248 -8563857,10159365
-8325727,47389065 -8325727,47389065 -9034264,12240764 -8544325,56166138
-8314841,48246379 -8314841,48246379 -9117747,66924139 -8539347,89437902
-8314610,16726604 -8314610,16726604 -9110650,44733576 -8534756,68288111
-8275579,1469861 -8275579,1469861 -9056014,52622632 -8515971,20860049
-8258676,33200684 -8258676,33200684 -8960900,21700512 -8511189,1257504
-8257439,19479649 -8257439,19479649 -9026812,37615411 -8508213,0905015
-8251552,66372902 -8251552,66372902 -8986439,82462951 -8506787,49773033
-8200651,65791515 -8200651,65791515 -8995076,17860578 -8498156,35990824
-8186658,91861331 -8186658,91861331 -8951449,40197967 -8498677,79334193
-8148714,54867373 -8148714,54867373 -8943085,6468199 -8493811,2800441
-8140235,11202269 -8140235,11202269 -8916852,62334082 -8494187,12194292
-8140235,11202269 -8140984,10374001 -8991044,53062508 -8488299,94697439
-8132833,43388583 -8132833,43388583 -8989142,19322352 -8483832,86933991
-8125838,10127308 -8125838,10127308 -8976478,95094179 -8474148,45053945
-8121432,30324293 -8121432,30324293 -8973555,06062524 -8468262,99172356
-8109054,31065702 -8109054,31065702 -9070591,90952776 -8456838,5448965
-8108570,92351574 -8108570,92351574 -9023532,28781946 -8455298,86105878
-8108570,92351574 -8124379,73094447 -9010538,81822543 -8448655,03643953
-8108570,92351574 -8120879,48664004 -8988704,11364174 -8437350,47815025
-8108570,92351574 -8120172,03449458 -8935083,31666391 -8430270,71554097
-8108570,92351574 -8115285,62232642 -8942890,42924651 -8420691,02799808
-8083589,25754017 -8083589,25754017 -8901637,6440416 -8411332,24490682
-8083589,25754017 -8100012,09776962 -8932904,89927163 -8415836,45791574
-8022292,84545725 -8022292,84545725 -8909024,70715854 -8401620,35980893
-8022292,84545725 -8025652,08878621 -8904171,06421053 -8390335,14532627
-8017551,89380992 -8017551,89380992 -8902416,47804955 -8384542,64249226
-8007584,10349758 -8007584,10349758 -8886381,77713631 -8370218,15408893
-8007584,10349758 -8008002,53852989 -8927337,14790792 -8355155,60879232
-7985745,54222526 -7985745,54222526 -8851429,13796678 -8350139,0755818
-7978395,7737564 -7978395,7737564 -8858607,58085886 -8345487,67832362
-7968057,00148908 -7968057,00148908 -8885207,37741818 -8343711,04736957
-7957657,39182266 -7957657,39182266 -8896427,64127443 -8339372,38841178
-7955502,93182013 -7955502,93182013 -8869773,11638908 -8332979,70047173
-7955502,93182013 -7958811,76583423 -8878275,18901057 -8325779,38374509
-7955502,93182013 -7960459,35034273 -8844148,63944609 -8321506,47351134
-7955502,93182013 -7960777,18044779 -8883548,38553775 -8312176,72064721
-7955502,93182013 -7957121,2748792 -8867173,79386968 -8308372,50531645
-7955502,93182013 -7981398,29118653 -8836295,7879446 -8310094,35686522
-7955502,93182013 -7979073,6630086 -8925802,97916001 -8296134,40618066
-7955502,93182013 -7971057,46993063 -8808374,73049974 -8289371,69983525
-7955502,93182013 -7962796,94270148 -8769220,10891736 -8290031,37630723
-7955502,93182013 -7984733,42418508 -8876773,65608404 -8281977,07509958
-7955502,93182013 -7987931,94026039 -8817213,82913838 -8270798,25471826
-7955502,93182013 -7977598,3848407 -8787750,32964838 -8264073,31558263
-7955502,93182013 -7978434,90804304 -8751954,04358502 -8258670,60580159
-7955502,93182013 -7970036,00793225 -8729882,72293544 -8248677,61374119
-7955502,93182013 -7965443,5224835 -8731087,01999296 -8241389,843095
-7955502,93182013 -7960933,92828898 -8815978,49812756 -8231909,66032825
-7948373,80846952 -7948373,80846952 -8764882,17451416 -8221545,82179096
-7948373,80846952 -7948632,77460961 -8682483,67647925 -8213957,21112663
-7941719,93478613 -7941719,93478613 -8678566,70074812 -8211028,81406111
-7934989,86708931 -7934989,86708931 -8704012,790482 -8199399,06728699
-7930877,80425197 -7930877,80425197 -8693867,35615445 -8180564,63049429
-7891969,04979243 -7891969,04979243 -8596695,24486203 -8163030,91828271
-7876123,7715792 -7876123,7715792 -8599487,26733536 -8154737,3108147
-7836512,80846435 -7836512,80846435 -8633505,85725637 -8136083,23275267
-7836512,80846435 -7841771,47922489 -8660542,14693752 -8124579,24043068
-7835401,09867391 -7835401,09867391 -8576078,82376208 -8115443,34728671
-7824623,31326596 -7824623,31326596 -8591545,44988791 -8100655,35000763
-7822229,85804136 -7822229,85804136 -8518051,74689211 -8097942,37332097
-7822229,85804136 -7838633,83829182 -8561285,95016159 -8090494,66172154
-7822229,85804136 -7832286,74323903 -8564424,00117403 -8073940,4259383
-7758067,29474332 -7758067,29474332 -8526256,20552206 -8066399,15777345
-7756687,36424243 -7756687,36424243 -8492104,28351991 -8061675,17928523
-7756687,36424243 -7781027,57531419 -8504038,50802636 -8062137,52836136
-7756687,36424243 -7781230,8126648 -8508887,49412312 -8053788,2115772
-7754204,87586202 -7754204,87586202 -8514390,65558771 -8047361,57944375
-7754204,87586202 -7755348,18777322 -8545285,35260519 -8033022,97317488
-7744181,71743097 -7744181,71743097 -8486874,22265206 -8030716,51211066
-7744181,71743097 -7756236,27681507 -8479791,42407126 -8026093,98660841
-7744181,71743097 -7751903,568412 -8526983,16874082 -8017657,89676514
-7732297,55075671 -7732297,55075671 -8475196,32188558 -8007801,32949191
-7728780,96176299 -7728780,96176299 -8497603,99362809 -8000598,82024912
-7728780,96176299 -7739587,87493308 -8483587,96387986 -7997738,01973461
-7728780,96176299 -7737532,5026144 -8506040,70485933 -7995354,21380732
-7725592,12403604 -7725592,12403604 -8465383,29078859 -7986356,46355108
-7725592,12403604 -7728559,52812999 -8474123,76149048 -7982824,6449491
-7723513,92061502 -7723513,92061502 -8454952,79276855 -7975300,67541088
-7723513,92061502 -7729363,60745856 -8461639,96172414 -7968150,23823425
-7723513,92061502 -7733479,25523077 -8402321,71618592 -7960094,43137004
-7723513,92061502 -7733479,25523077 -8440140,72932355 -7956846,15830345
-7723513,92061502 -7729868,99634802 -8392942,48826557 -7950632,90375369
-7723513,92061502 -7728531,86868714 -8402011,54553917 -7940161,09842228
-7708787,03378374 -7708787,03378374 -8372339,82328696 -7932319,27322455
-7706450,78620072 -7706450,78620072 -8331160,3842405 -7931790,91582098
-7663046,28117724 -7663046,28117724 -8366193,72977285 -7915951,03317895
-7663046,28117724 -7667297,62101217 -8351465,7115204 -7912739,07964002
-7663046,28117724 -7664047,74720749 -8316297,46407718 -7907650,60605879
-7663046,28117724 -7667977,19632339 -8390123,75991886 -7895188,75675542
-7648634,88813727 -7648634,88813727 -8322982,83572499 -7888365,84877151
-7641432,26512749 -7641432,26512749 -8322290,34290214 -7885618,79976801
-7627878,59397106 -7627878,59397106 -8285373,66443568 -7880977,42595605
-7596129,32380873 -7596129,32380873 -8264610,7245855 -7865996,51766318
-7588344,5343303 -7588344,5343303 -8307281,48843337 -7867407,14653164
-7583519,65164312 -7583519,65164312 -8268946,13451485 -7847399,98290165
-7574733,92186149 -7574733,92186149 -8272890,5764173 -7838441,48477719
-7568674,34101315 -7568674,34101315 -8247876,08641434 -7837433,5397945
-7562738,05417177 -7562738,05417177 -8274293,12694395 -7835569,93600841
-7562738,05417177 -7564281,67640332 -8319185,74467102 -7830395,2439004
-7549738,19885707 -7549738,19885707 -8263879,18310364 -7820957,72176506
-7549148,25144595 -7549148,25144595 -8258521,89237409 -7816050,19704656
-7547189,81968354 -7547189,81968354 -8294880,56660427 -7806721,40092452
-7539406,53899532 -7539406,53899532 -8254579,07280046 -7801640,64756957
-7539406,53899532 -7545601,08004105 -8255688,15245047 -7798089,84043893
-7539406,53899532 -7551112,54918584 -8275865,91128553 -7792324,99196307
-7539406,53899532 -7561609,76131969 -8285004,39321967 -7788458,96879097
-7539406,53899532 -7551589,19547359 -8239630,54519619 -7782477,76276162
-7527970,49358579 -7527970,49358579 -8287672,41201173 -7772128,24031577
-7527970,49358579 -7533497,17845576 -8272027,93217953 -7765898,18679838
-7524706,1791859 -7524706,1791859 -8274073,90933043 -7762851,26272255
-7508194,36926146 -7508194,36926146 -8199041,18320087 -7759826,2901978
-7496804,54079728 -7496804,54079728 -8222354,01551236 -7751240,23100701
-7496804,54079728 -7499027,75348391 -8230293,12133089 -7752928,93588165
-7496804,54079728 -7501951,35309938 -8195331,94505721 -7743729,20923738
-7496804,54079728 -7509486,46509904 -8252402,65151873 -7733765,45630836
-7456362,99558703 -7456362,99558703 -8212791,58989504 -7724598,76796079
-7446286,56113774 -7446286,56113774 -8237086,98262436 -7711035,82564396
-7446232,17318192 -7446232,17318192 -8257105,32908094 -7700299,63884869
-7440799,38375141 -7440799,38375141 -8160064,50519856 -7702867,48895677
-7440637,6867286 -7440637,6867286 -8206344,55282646 -7694086,08977412
-7436066,37898027 -7436066,37898027 -8157050,27226425 -7689160,34724869
-7436066,37898027 -7437818,89738223 -8244380,61980436 -7683853,80009947
-7436066,37898027 -7437082,03718967 -8218620,85011044 -7678086,95751323
-7436066,37898027 -7437253,01342844 -8176663,97805731 -7678847,10243444
-7436066,37898027 -7452135,71527061 -8229320,59903059 -7676147,6451041
-7436066,37898027 -7436237,6157657 -8212661,74936899 -7667407,49728763
-7433611,22646562 -7433611,22646562 -8150682,80047319 -7663731,73433236
-7433611,22646562 -7438989,24083793 -8142572,28493883 -7660232,92779863
-7396859,65682703 -7396859,65682703 -8144697,35491642 -7645663,32003449
-7389873,26684575 -7389873,26684575 -8128503,31404859 -7634406,24907008
-7330758,09216028 -7330758,09216028 -8193527,51447163 -7623974,48088343
-7330758,09216028 -7348145,76192572 -8203941,96037424 -7623847,76186316
-7330758,09216028 -7346116,85285824 -8143455,85321349 -7608723,97719799
-7325167,62502161 -7325167,62502161 -8158523,50230492 -7591457,86543148
-7312718,76645954 -7312718,76645954 -8045941,60467648 -7591646,39586785
-7312718,76645954 -7313916,27538972 -8072701,83001936 -7584374,22224042
-7280484,35852812 -7280484,35852812 -8065683,99953961 -7579170,88103946
-7276678,96907487 -7276678,96907487 -8072160,49570496 -7570492,78135741
-7276678,96907487 -7278246,84842133 -8077370,77653681 -7558335,14346544
-7276678,96907487 -7280555,70127857 -8128391,29206833 -7554504,58149985
-7272034,74031995 -7272034,74031995 -8078389,36381979 -7545723,62428743
-7272034,74031995 -7272603,25223815 -8072715,76421951 -7542362,36729952
-7269078,30626534 -7269078,30626534 -8049242,21659026 -7536522,51910646
-7269078,30626534 -7278118,89874296 -8084554,20850395 -7541274,50138234
-7269023,47254933 -7269023,47254933 -8096878,5266415 -7532875,10778057
-7255228,38353422 -7255228,38353422 -8084719,79818228 -7527672,92282489
-7250998,12654311 -7250998,12654311 -8009531,23420717 -7523053,37978405
-7241680,93601996 -7241680,93601996 -8059552,20919711 -7511260,56866465
-7240989,78223404 -7240989,78223404 -8002723,53655056 -7507146,62050878
-7240989,78223404 -7243172,73839645 -8047031,38940577 -7496260,81585954
-7240989,78223404 -7243750,84007618 -8023426,83153823 -7485855,3765947
-7239710,08906927 -7239710,08906927 -8020191,15786693 -7481349,9464073
-7239710,08906927 -7248282,20722934 -8020770,43562274 -7476069,02602858
-7239710,08906927 -7256689,7960958 -8008380,93787478 -7465519,14349282
-7239710,08906927 -7246712,85568853 -7939209,56133177 -7452577,95680251
-7231910,95845508 -7231910,95845508 -7968666,30074473 -7445266,79822247
-7178826,9759101 -7178826,9759101 -7962785,58935454 -7441272,98282554
-7174109,5889315 -7174109,5889315 -7983918,50861503 -7439835,44392752
-7163829,28905047 -7163829,28905047 -7947031,31889572 -7431094,95568584
-7162813,34500965 -7162813,34500965 -7931197,97500692 -7424190,81620705
-7162813,34500965 -7180931,68292346 -7924685,90222072 -7419481,91406203
-7157403,0590719 -7157403,0590719 -7985995,05535922 -7407284,77526607
-7154943,14526604 -7154943,14526604 -8009579,80510935 -7401224,87128576
-7137952,52332066 -7137952,52332066 -7979390,0652276 -7393623,0285975
-7137952,52332066 -7141837,49871209 -7922356,72539469 -7383781,64409116
-7137952,52332066 -7144122,8122012 -7960799,2012148 -7382321,52068332
-7128665,4644167 -7128665,4644167 -7915909,98277666 -7381517,35286176
-7128665,4644167 -7134703,71894344 -7982773,59626114 -7377514,75625467
-7124971,304542 -7124971,304542 -7971129,23515235 -7369556,75427411
-7117975,39228021 -7117975,39228021 -7884399,32924746 -7364377,47161938
-7104777,65197295 -7104777,65197295 -7892971,51550372 -7360903,93528834
-7096044,15732158 -7096044,15732158 -7938296,14807397 -7357871,64306802
-7096044,15732158 -7096553,54460419 -7857896,33472807 -7349229,29773469
-7096044,15732158 -7096216,8260954 -7859189,52462292 -7346006,59409517
-7092753,98991236 -7092753,98991236 -7906343,71853982 -7336454,07520896
-7092753,98991236 -7107721,24881425 -7857057,36129191 -7337009,81727016
-7092753,98991236 -7097104,52164363 -7849883,96109115 -7336541,45033745
-7091271,62214719 -7091271,62214719 -7887160,95575038 -7326864,60986013
-7089650,23806672 -7089650,23806672 -7866076,49754851 -7317013,87974696
-7089650,23806672 -7090685,60728127 -7842926,72485335 -7318721,32078903
-7089650,23806672 -7093157,0650431 -7895324,41403272 -7311576,00307184
-7089650,23806672 -7102096,63487603 -7821455,48901387 -7308436,00528877
-7078512,15432457 -7078512,15432457 -7813086,96518388 -7296812,62713628
-7072288,2639839 -7072288,2639839 -7840083,19224645 -7284904,05668343
-7062892,60740175 -7062892,60740175 -7833531,45698605 -7277222,04416928
-7062892,60740175 -7079930,98604824 -7759547,33029961 -7274364,75734614
-7062892,60740175 -7071528,36498063 -7770645,74610179 -7273042,32920126
-7062892,60740175 -7071434,89382048 -7799962,38956535 -7270173,18214556
-7062892,60740175 -7072219,33756949 -7807339,10439977 -7270028,33607301
-7055559,47200373 -7055559,47200373 -7770909,91805454 -7264551,13868941
-7055559,47200373 -7066253,20201876 -7775808,19659939 -7264812,15800006
-7026596,61173667 -7026596,61173667 -7791932,40210418 -7249535,21776426
-7025189,1006472 -7025189,1006472 -7706081,71591183 -7241053,93115984
-7022299,02302622 -7022299,02302622 -7795642,41167083 -7233877,11282471
-7020681,01392757 -7020681,01392757 -7761719,87608735 -7231386,31688444
-7020681,01392757 -7021373,33908471 -7812133,3789558 -7227973,85900054
-7007157,33207747 -7007157,33207747 -7746263,15634581 -7223413,62561377
-6996088,84226808 -6996088,84226808 -7747355,51909337 -7219083,92749453
-6989066,21497834 -6989066,21497834 -7724959,99513745 -7218338,03076098
-6989066,21497834 -6992371,72030349 -7716183,67057098 -7216362,68055085
-6987477,75680559 -6987477,75680559 -7723393,93539115 -7209027,15175182
-6987477,75680559 -6987622,42895754 -7716711,68832191 -7212048,90197529
-6985578,93680481 -6985578,93680481 -7735881,10932121 -7211697,56369656
-6985578,93680481 -6990831,48150357 -7702178,39437984 -7208559,01389537
-6985578,93680481 -6989602,20485047 -7719869,59270644 -7205860,88742172
-6985578,93680481 -6998996,10813906 -7685605,72410414 -7202546,18427213
-6985578,93680481 -6993043,01012246 -7719247,6336448 -7194548,1343437
-6968967,80864875 -6968967,80864875 -7640575,59723669 -7189316,08277122
-6966953,39786574 -6966953,39786574 -7667439,91964167 -7189580,0997507
-6956285,81096907 -6956285,81096907 -7655076,62995969 -7187680,84861884
-6949331,43474983 -6949331,43474983 -7708678,00705824 -7183917,30725944
-6926338,20040376 -6926338,20040376 -7621391,67861341 -7176866,93866212
-6926338,20040376 -6940134,00601167 -7645648,13945759 -7175195,53941459
-6926338,20040376 -6933261,8379002 -7705718,67627534 -7171277,19318227
-6926338,20040376 -6935709,36640349 -7648059,47151593 -7172260,05101041
-6926338,20040376 -6942306,39780383 -7650360,18039341 -7170682,55141317
-6926338,20040376 -6932103,21275975 -7713812,86899784 -7158971,73195967
-6926338,20040376 -6931922,31505668 -7621095,66612861 -7151433,27786732
-6926338,20040376 -6935309,91758108 -7659729,39063856 -7147378,03095954
-6926338,20040376 -6937639,24624869 -7605713,39895509 -7141299,99151921
-6922813,1550014 -6922813,1550014 -7604703,01347162 -7133374,84450751
-6917825,52522464 -6917825,52522464 -7633654,60982075 -7129944,45493836
-6900075,38477496 -6900075,38477496 -7617317,90489418 -7125720,65744996
-6890930,43079083 -6890930,43079083 -7570851,75906745 -7125328,76634882
-6889892,73782364 -6889892,73782364 -7608880,66186616 -7123818,24369547
-6878303,77887792 -6878303,77887792 -7600796,53595615 -7114876,89887278
-6853869,74754632 -6853869,74754632 -7608733,59076527 -7117452,66967863
-6837491,66234197 -6837491,66234197 -7587458,500713 -7120084,48423672
-6831491,43435092 -6831491,43435092 -7546310,00122964 -7118750,30611878
-6828047,69088458 -6828047,69088458 -7599891,90232702 -7115352,15852236
-6825714,32738574 -6825714,32738574 -7593290,8077033 -7112816,95315332
-6824119,53710084 -6824119,53710084 -7580856,29743179 -7105350,98498766
-6824119,53710084 -6845654,78931701 -7606917,96161012 -7101906,96310208
-6824119,53710084 -6836366,56160394 -7593923,23073061 -7101146,23966127
-6824119,53710084 -6850359,46413128 -7609481,39143242 -7102011,65098077
-6824119,53710084 -6828887,31485849 -7585189,80857035 -7101450,18906737
-6814731,68986074 -6814731,68986074 -7580261,3538867 -7093733,37713073
-6813898,50423428 -6813898,50423428 -7518386,64278751 -7086110,87376032
-6805294,88461106 -6805294,88461106 -7593681,71168817 -7084555,61868718
-6805294,88461106 -6807405,40461686 -7531143,0137027 -7084339,93513818
-6805294,88461106 -6808735,15745342 -7508193,15229147 -7080378,01278453
-6787532,81035674 -6787532,81035674 -7439914,72337559 -7076292,94591871
-6786799,03106491 -6786799,03106491 -7585507,24985436 -7068175,87358488
-6786799,03106491 -6792737,93823926 -7551738,49526913 -7063576,39173994
-6786799,03106491 -6792517,80634494 -7562415,57428825 -7062710,920685
-6786799,03106491 -6788394,35070327 -7477153,02901464 -7064575,92038968
-6767907,4955918 -6767907,4955918 -7488435,7739585 -7055911,6658215
-6764062,97699837 -6764062,97699837 -7481238,92296244 -7053317,39166022
-6756115,55076004 -6756115,55076004 -7479293,86217546 -7052487,6072846
-6744403,92928104 -6744403,92928104 -7457953,07374705 -7046176,61338842
-6744403,92928104 -6761765,75411457 -7475290,69019145 -7048983,15181276
-6744403,92928104 -6760987,41590789 -7525351,51823036 -7046655,36286968
-6744403,92928104 -6803576,92860558 -7476426,81660349 -7046622,01725845
-6744403,92928104 -6806480,51165144 -7459008,80973177 -7044817,4366595
-6744403,92928104 -6816550,31828409 -7494757,27913383 -7046365,5364575
-6744403,92928104 -6819585,25285645 -7444977,09814885 -7044480,07527812
-6744403,92928104 -6816371,40315935 -7512172,96636127 -7044071,94710099
-6744403,92928104 -6814066,22225911 -7462437,414014 -7041735,7521656
-6744403,92928104 -6809476,73123391 -7407608,38397438 -7039071,18395808
-6744403,92928104 -6795912,70280284 -7420658,25375056 -7036727,18851316
-6744403,92928104 -6797231,36043438 -7424703,4657832 -7033539,01084741
-6744403,92928104 -6797257,4771694 -7419034,78828551 -7027900,1062135
-6744403,92928104 -6769719,51283262 -7414982,66225896 -7026957,95027011
-6744403,92928104 -6770375,32384334 -7440160,2449603 -7022372,38649993
-6744403,92928104 -6766190,57981592 -7417483,0081452 -7019297,9428635
-6744403,92928104 -6774758,65282027 -7441788,23871404 -7018961,34841112
-6744403,92928104 -6768896,42955686 -7469452,95756219 -7006379,86968794
-6744403,92928104 -6768042,22591394 -7430777,09591073 -7005278,78658967
-6744403,92928104 -6761149,07961503 -7468926,91678415 -7000566,13348197
-6744403,92928104 -6769480,73135012 -7436500,89656 -7000701,42447806
-6744403,92928104 -6790095,62081841 -7387498,80264897 -7002866,2419441
-6744403,92928104 -6799594,6486459 -7470251,11448841 -7000212,27425325
-6742014,4105148 -6742014,4105148 -7391526,12407839 -6990774,97140082
-6742014,4105148 -6750568,25963643 -7433285,19412889 -6993348,7279468
-6742014,4105148 -6760355,59250767 -7411938,48028518 -6992119,78517631
-6742014,4105148 -6755083,41136791 -7465351,68957558 -6993468,94889394
-6736217,34262059 -6736217,34262059 -7480837,45945353 -6992811,24965502
-6736217,34262059 -6744616,64730068 -7403764,96804043 -6988324,34814562
-6727325,49376395 -6727325,49376395 -7422145,67949841 -6979325,77978063
-6727325,49376395 -6743905,17622687 -7341314,1228539 -6980156,18191264
-6727325,49376395 -6738403,38182436 -7345944,24880048 -6974086,3064344
-6727325,49376395 -6734178,24392705 -7426511,78059226 -6971214,98480395
-6727325,49376395 -6739464,0766622 -7328760,00999459 -6964881,57316416
-6709829,51540811 -6709829,51540811 -7356658,39621177 -6953662,17985968
-6702548,14828467 -6702548,14828467 -7288481,5290931 -6953359,47603983
-6701580,94836344 -6701580,94836344 -7280839,98917905 -6952722,26416361
-6675101,52148096 -6675101,52148096 -7275225,98339389 -6951003,57941339
-6674042,79645837 -6674042,79645837 -7267756,62783647 -6945451,50003535
-6661374,7230892 -6661374,7230892 -7300323,93725172 -6939897,20277287
-6660088,60303756 -6660088,60303756 -7359512,57661243 -6927381,27279246
-6660088,60303756 -6661781,83122716 -7337239,29163833 -6926117,79257567
-6660088,60303756 -6664579,93449452 -7304912,10404585 -6916724,15270809
-6660088,60303756 -6660849,56477984 -7272246,89909414 -6908656,07900403
-6660088,60303756 -6661430,51325995 -7248535,99032641 -6909777,95357199
-6660088,60303756 -6664285,0409227 -7323647,72188242 -6914918,16991442
-6660088,60303756 -6667262,05815592 -7258328,25265238 -6913728,83816095
-6647571,01470312 -6647571,01470312 -7261403,20762942 -6906750,18893436
-6644194,41459443 -6644194,41459443 -7209289,01554175 -6907676,85214825
-6622402,02754433 -6622402,02754433 -7219186,27392643 -6901777,49256096
-6616391,25230437 -6616391,25230437 -7233609,16051955 -6899034,29107338
-6594778,94949757 -6594778,94949757 -7294718,27079306 -6892933,1034626
-6581374,28222183 -6581374,28222183 -7292345,5358223 -6883402,74348137
-6581374,28222183 -6583798,92693881 -7301878,13258777 -6884343,74064383
-6579840,09194954 -6579840,09194954 -7340106,67859537 -6873216,64065182
-6573039,6328515 -6573039,6328515 -7282735,96305486 -6870180,23909794
-6573039,6328515 -6582310,04021406 -7345315,99405648 -6872075,54053761
-6573039,6328515 -6583054,28491395 -7288042,81636623 -6873401,40221723
-6573039,6328515 -6589100,60774695 -7325878,13251397 -6866964,80139146
-6573039,6328515 -6592113,54069879 -7318159,36019261 -6854594,07514534
-6573039,6328515 -6598223,35533988 -7324084,97770324 -6854945,4903631
-6573039,6328515 -6586560,8050956 -7299274,8499518 -6852187,26034352
-6573039,6328515 -6591147,61503115 -7277488,99910124 -6848407,53157669
-6573039,6328515 -6590344,02539604 -7285841,43301619 -6848597,24227489
-6573039,6328515 -6592766,61879514 -7348652,27956757 -6847146,33047703
-6573039,6328515 -6640870,73310801 -7389509,0359942 -6851289,00136445
-6573039,6328515 -6641875,06774028 -7299753,34987287 -6839247,9376069
-6573039,6328515 -6641664,43775828 -7291419,29979409 -6842850,88617703
-6573039,6328515 -6642365,50140359 -7358639,90471904 -6839037,31792505
-6573039,6328515 -6659045,58686825 -7322565,67644634 -6839613,5458958
-6573039,6328515 -6663365,63251874 -7347066,06521398 -6833482,70916221
-6573039,6328515 -6661171,44606403 -7317467,56715701 -6829386,93228392
-6573039,6328515 -6659726,04020875 -7347610,62935457 -6827118,1354623
-6573039,6328515 -6650600,4472874 -7317394,05693843 -6818437,70488728
-6573039,6328515 -6649276,98732249 -7286667,30651937 -6809297,97834129
-6573039,6328515 -6647501,07351694 -7353972,7377367 -6802438,97950967
-6573039,6328515 -6620043,77810339 -7272028,8851597 -6798346,51527877
-6573039,6328515 -6616699,63910707 -7257671,26002614 -6798216,21441906
-6573039,6328515 -6607628,20042939 -7294747,06314138 -6791680,69595355
-6573039,6328515 -6606484,17873635 -7215938,59069493 -6792836,39175302
-6573039,6328515 -6606206,08418205 -7308268,37877802 -6794977,47775646
-6573039,6328515 -6605755,85038233 -7240579,81287273 -6789340,27852095
-6573039,6328515 -6604977,69669602 -7252124,57231129 -6791177,94162862
-6573039,6328515 -6602323,89361144 -7273315,2632889 -6788448,94142292
-6573039,6328515 -6606481,8705317 -7217714,56752385 -6785175,33526953
-6573039,6328515 -6602758,0061746 -7225203,36219233 -6777142,45102529
-6573039,6328515 -6577722,38488928 -7242201,7077458 -6772163,07118766
-6573039,6328515 -6583440,2956065 -7283780,14660501 -6763778,78986915
-6573039,6328515 -6581443,20616614 -7244813,07413376 -6755709,64279895
-6573039,6328515 -6579518,21219532 -7179148,41406022 -6747403,66420194
-6563843,47094089 -6563843,47094089 -7160487,36098075 -6738987,4221134
-6551077,50932132 -6551077,50932132 -7160608,54986949 -6736623,81041006
-6545436,88898616 -6545436,88898616 -7218209,16604206 -6736231,28877393
-6543813,64182434 -6543813,64182434 -7142479,81089438 -6740964,98737299
-6542821,66470254 -6542821,66470254 -7144711,7470702 -6724244,80863116
-6536766,5162028 -6536766,5162028 -7179789,37107189 -6713228,19160508
-6536766,5162028 -6538558,80943698 -7197648,66464592 -6707145,14255833
-6536766,5162028 -6538418,78921455 -7160064,56323977 -6702791,07156732
-6536766,5162028 -6563701,34823509 -7162469,95441963 -6705903,36186506
-6536766,5162028 -6559096,0658791 -7159697,60113693 -6707981,06439541
-6536766,5162028 -6543994,29078755 -7165147,70149689 -6704625,53225125
-6536766,5162028 -6553272,42778399 -7153067,48504907 -6696471,27381693
-6534065,36865179 -6534065,36865179 -7143476,03039581 -6689414,58360154
-6528977,6763665 -6528977,6763665 -7164911,37474098 -6687813,27943721
-6528977,6763665 -6532657,21982441 -7143431,52033955 -6687462,53647777
-6498998,21861219 -6498998,21861219 -7195886,35419857 -6678779,36989875
-6498998,21861219 -6503221,37669822 -7094370,17001927 -6670290,64906686
-6498998,21861219 -6506809,50909752 -7104450,72281444 -6663775,47838247
-6498998,21861219 -6506700,25388765 -7094142,85621731 -6661448,00617046
-6498998,21861219 -6505701,23189434 -7100771,33404242 -6654481,97470214
-6494391,70386149 -6494391,70386149 -7068351,40953013 -6652265,55627777
-6494391,70386149 -6505456,39220045 -7127703,10666395 -6650512,75684452
-6483903,05811515 -6483903,05811515 -7127289,44648483 -6643088,44498177
-6483903,05811515 -6487189,51643145 -7133963,23371658 -6645938,99039101
-6473356,9739884 -6473356,9739884 -7148344,49374951 -6644845,27300533
-6473356,9739884 -6475933,00089977 -7126180,71371348 -6648477,35244235
-6471307,70746009 -6471307,70746009 -7173888,13726468 -6646511,50505109
-6471307,70746009 -6484517,96613979 -7108044,40344354 -6647213,44826313
-6471307,70746009 -6473356,90893809 -7142471,5948299 -6647951,54361982
-6471307,70746009 -6482181,02088267 -7113897,70698609 -6648421,56446752
-6471307,70746009 -6478394,5689564 -7147826,81817086 -6646812,22998123
-6471307,70746009 -6474422,35043916 -7087402,84961426 -6644195,09639982
-6470375,39171087 -6470375,39171087 -7104442,44298283 -6634994,67300266
-6462185,71696855 -6462185,71696855 -7087935,02568629 -6631329,87197725
-6462185,71696855 -6462963,78763022 -7072754,58027543 -6627385,38945636
-6462185,71696855 -6462963,78763022 -7147044,73749078 -6624242,06559475
-6462185,71696855 -6474113,21306775 -7114836,48082109 -6626927,73399086
-6462185,71696855 -6473164,46556524 -7135271,40157222 -6624769,26094191
-6456916,97709218 -6456916,97709218 -7067902,18967146 -6606780,25423112
-6437810,73473702 -6437810,73473702 -6991010,26038392 -6611151,81180379
-6437810,73473702 -6454091,0461176 -7095014,47476341 -6609273,50810926
-6437810,73473702 -6446406,32952807 -7004619,97984292 -6606706,05943025
-6437810,73473702 -6449755,3889851 -6981533,02098554 -6611675,89358304
-6437810,73473702 -6451376,61258847 -7014508,50507003 -6611782,02679737
-6437810,73473702 -6459172,93160472 -7056363,70409752 -6612706,43736572
-6437810,73473702 -6466650,02776521 -7081639,123493 -6607634,07594223
-6437810,73473702 -6452980,0189326 -6976882,27646361 -6601996,55342618
-6437810,73473702 -6465348,45345234 -6996022,338701 -6603060,18931252
-6437810,73473702 -6459573,07431387 -6945871,05279706 -6596022,96286999
-6437810,73473702 -6466568,31987282 -6962181,32173139 -6596707,18298523
-6437810,73473702 -6471531,87986539 -6948289,5735263 -6598328,76747664
-6437810,73473702 -6470919,32055206 -6922704,66202552 -6598169,01184036
-6437810,73473702 -6478355,63398753 -6991627,96559361 -6593320,69615187
-6437810,73473702 -6469115,18086552 -6949905,52796548 -6597656,78608377
-6437810,73473702 -6488147,47616977 -6925328,96867849 -6592744,71868368
-6437810,73473702 -6502380,06872371 -6941030,82968092 -6598179,02880055
-6437810,73473702 -6510722,74244359 -6926090,76429625 -6599149,28470426
-6437810,73473702 -6516210,25417073 -6972995,82120153 -6597562,95433604
-6437810,73473702 -6515084,93831811 -6893859,89720487 -6599343,48683718
-6437810,73473702 -6487739,48115643 -6947240,16739305 -6590266,07571857
-6437810,73473702 -6479539,73825196 -6996357,36678302 -6582428,84026493
-6433375,44176285 -6433375,44176285 -6987415,84324987 -6572729,00696355
-6433375,44176285 -6435292,550529 -6952382,64459114 -6561147,83992545
-6431520,80779558 -6431520,80779558 -6926898,24048306 -6562553,68917983
-6425862,31664167 -6425862,31664167 -6997719,55839552 -6557297,19621622
-6425862,31664167 -6428745,83988337 -6929492,19612041 -6552285,53216172
-6408497,17921521 -6408497,17921521 -6992783,22195243 -6547402,09451726
-6401025,33420395 -6401025,33420395 -6915207,68550201 -6543684,1564269
-6399048,27879819 -6399048,27879819 -6928800,92565652 -6545750,31226827
-6399048,27879819 -6408508,69875317 -6955162,80118646 -6543052,16872669
-6399048,27879819 -6404877,45575575 -6935969,33976347 -6546289,37016747
-6399048,27879819 -6400220,85085827 -6949087,72806914 -6543801,50298344
-6351971,06417733 -6351971,06417733 -6899405,68183117 -6535701,3754236
-6334090,88549417 -6334090,88549417 -6874013,50547903 -6534889,91280209
-6333700,65576965 -6333700,65576965 -6914829,37149916 -6534604,77606741
-6314405,89180131 -6314405,89180131 -6948495,05762943 -6526847,40062847
-6310524,68439178 -6310524,68439178 -6874000,95736203 -6526720,87367209
-6307773,68766101 -6307773,68766101 -6856420,33295859 -6523811,69282326
-6299534,05271906 -6299534,05271906 -6838067,71511576 -6524865,52523299
-6291425,8481716 -6291425,8481716 -6890871,5029033 -6517703,29532619
-6284437,94264741 -6284437,94264741 -6850382,54264298 -6507220,35737262
-6263987,07269664 -6263987,07269664 -6830360,54986219 -6499121,23704124
-6263638,46051551 -6263638,46051551 -6782902,87706755 -6502696,71937787
-6255714,01447319 -6255714,01447319 -6923427,53131954 -6501127,40021745
-6255714,01447319 -6259437,81057708 -6848527,99410762 -6496535,1459946
-6255714,01447319 -6259721,37426258 -6866409,11512533 -6494210,93528696
-6255714,01447319 -6259262,48159756 -6829667,3038806 -6483728,22159011
-6255714,01447319 -6259500,98383067 -6823202,22438101 -6483841,83499784
-6251876,67501333 -6251876,67501333 -6829692,89302856 -6483387,1862646
-6235117,72187055 -6235117,72187055 -6919101,10383658 -6477737,48126766
-6230544,50247473 -6230544,50247473 -6875260,77617935 -6479318,78287421
-6230544,50247473 -6236107,26279082 -6860763,19983469 -6483028,25314967
-6230544,50247473 -6252609,27403097 -6854317,47617496 -6474873,28134424
-6230544,50247473 -6236159,00867011 -6845886,18608937 -6476304,93355147
-6230544,50247473 -6231474,02801434 -6862989,57404068 -6467252,79993402
-6224492,79259701 -6224492,79259701 -6814060,43497281 -6464179,94360518
-6172552,64371022 -6172552,64371022 -6842911,14014751 -6460573,91095698
-6172552,64371022 -6176456,38157034 -6846942,30069079 -6460082,98150864
-6150187,40621832 -6150187,40621832 -6836205,10774486 -6456974,96561114
-6150187,40621832 -6162531,08939144 -6844158,07850454 -6463842,89034512
-6150187,40621832 -6155988,25479962 -6853953,09080379 -6470144,1126521
-6150187,40621832 -6154626,36322941 -6793742,56582981 -6466606,85107026
-6150187,40621832 -6154431,12423129 -6903140,32055458 -6463067,21948157
-6144525,93659652 -6144525,93659652 -6797627,65559679 -6460154,79909887
-6126563,26003494 -6126563,26003494 -6848149,55365549 -6457505,44868281
-6126563,26003494 -6131177,01811298 -6820307,68503877 -6453063,41223844
-6123049,61404739 -6123049,61404739 -6816711,17494011 -6450808,71597361
-6120121,38771267 -6120121,38771267 -6809130,07441303 -6442719,94600535
-6120121,38771267 -6126043,9477342 -6804968,4634233 -6440384,71054053
-6116940,67471311 -6116940,67471311 -6787515,25931045 -6435797,46088243
-6116940,67471311 -6127152,41337897 -6816493,94094386 -6436660,56330503
-6116940,67471311 -6118073,55889853 -6786343,03228708 -6429662,61699739
-6116940,67471311 -6119704,77425169 -6843761,3486667 -6428782,39932781
-6116940,67471311 -6118642,42470025 -6745739,04244626 -6423850,70694812
-6116940,67471311 -6120785,15511167 -6752680,24120397 -6423359,6134507
-6116940,67471311 -6124298,21445041 -6768623,25845573 -6421131,65034113
-6116940,67471311 -6131251,37320756 -6747346,82724297 -6422894,64775773
-6116940,67471311 -6135486,65541517 -6751016,54320364 -6418996,00536915
-6116940,67471311 -6123588,93301727 -6774351,55666624 -6415123,49102862
-6108349,00335983 -6108349,00335983 -6744061,14147612 -6416761,18186654
-6108349,00335983 -6108664,53118137 -6820033,71836776 -6414244,32447772
-6108349,00335983 -6116392,06207806 -6718391,11586766 -6413485,15333906
-6105129,38041043 -6105129,38041043 -6723869,95342172 -6417111,55211207
-6105129,38041043 -6116144,00553114 -6758924,09187362 -6415339,63127998
-6097440,32493515 -6097440,32493515 -6744152,55977871 -6411720,48408634
-6097440,32493515 -6123541,91107759 -6753959,62573932 -6406180,63873059
-6097440,32493515 -6118098,89928181 -6712235,92222973 -6406506,89361093
-6097440,32493515 -6115865,42023822 -6732444,25207146 -6409839,39292828
-6097440,32493515 -6117132,05246656 -6739025,92521422 -6408840,21007887
-6097440,32493515 -6118807,42278078 -6754093,93280694 -6412594,07313214
-6097440,32493515 -6126151,37331182 -6738810,24027759 -6413366,89938555
-6097440,32493515 -6127539,92141175 -6712371,46440807 -6414200,43229492
-6097440,32493515 -6133035,31274893 -6765533,70544478 -6415469,99532049
-6097440,32493515 -6132008,72836418 -6747750,59732095 -6412713,77931466
-6097440,32493515 -6137116,7623864 -6711446,90730062 -6413890,31196535
-6097440,32493515 -6137425,82445726 -6716619,28920102 -6412699,05348812
-6097440,32493515 -6127232,32835295 -6708896,70359486 -6411207,42346319
-6097440,32493515 -6110469,57461118 -6699079,14046195 -6409760,48960615
-6097440,32493515 -6130232,13625427 -6705099,48212257 -6409518,08644916
-6097440,32493515 -6131727,3261086 -6711770,07131478 -6407610,14456411
-6097440,32493515 -6127304,52546025 -6718864,60437248 -6404396,98201447
-6097440,32493515 -6122928,18224317 -6749486,13543466 -6411386,22464338
-6097440,32493515 -6122608,21721122 -6807559,82223442 -6400159,10967426
-6097440,32493515 -6125572,77866841 -6833620,67433851 -6396718,62920489
-6097440,32493515 -6129648,46431257 -6766790,25260129 -6389378,31246377
-6097440,32493515 -6129154,49181911 -6751634,72759729 -6386624,42131579
-6097440,32493515 -6127540,79616889 -6798032,67452135 -6383565,11154908
-6097440,32493515 -6152565,87222505 -6800118,86720703 -6384812,43825038
-6097440,32493515 -6122021,67555195 -6795062,06489196 -6380961,60205619
-6097440,32493515 -6132396,37083554 -6798279,62355032 -6376802,69175221
-6097440,32493515 -6127178,80268213 -6849078,52661942 -6377458,92665682
-6097440,32493515 -6125184,14720111 -6803350,07481903 -6376050,29984441
-6097440,32493515 -6124061,00116977 -6828321,77467285 -6373311,90933082
-6097440,32493515 -6124413,2444 -6834053,96703558 -6371017,64211812
-6088208,43152544 -6088208,43152544 -6799517,56188188 -6364067,58395588
-6088208,43152544 -6106301,74395368 -6806620,32565187 -6365674,15125298
-6088208,43152544 -6107641,89679684 -6774281,794351 -6362441,39718826
-6088208,43152544 -6106251,56775002 -6886251,40076039 -6367369,92331808
-6088208,43152544 -6109737,76036684 -6836216,74911267 -6361590,33984255
-6088208,43152544 -6095742,48339443 -6757122,28772662 -6359401,02382635
-6088208,43152544 -6094335,58685237 -6821192,11299096 -6354078,30403328
-6088208,43152544 -6093921,89967093 -6777088,33569254 -6345159,22099045
-6088208,43152544 -6104394,76501859 -6761154,54041926 -6341291,89449708
-6088208,43152544 -6104867,15422362 -6800160,66257656 -6342628,51911935
-6088208,43152544 -6101976,09429795 -6793649,37202636 -6340075,17582073
-6088208,43152544 -6101936,29585175 -6811205,61330443 -6337730,04556619
-6088208,43152544 -6103361,27282671 -6793290,53767428 -6330806,45836649
-6088208,43152544 -6103892,0769393 -6747427,07025143 -6333327,86032153
-6088208,43152544 -6097995,3649707 -6742129,01317204 -6331861,60801435
-6088208,43152544 -6099003,73910382 -6774932,96083173 -6332045,77555956
-6088208,43152544 -6099883,37344491 -6754110,21704418 -6332128,70756753
-6085269,2737098 -6085269,2737098 -6764261,13363755 -6325527,09451652
-6073882,31784781 -6073882,31784781 -6725544,83212454 -6323110,11445604
-6073882,31784781 -6074153,38527818 -6720284,94404128 -6319831,05544125
-6069411,1027698 -6069411,1027698 -6777730,01856306 -6314459,09804657
-6069411,1027698 -6073363,64492914 -6721768,49831967 -6313228,95533672
-6069411,1027698 -6072949,84760414 -6762133,65349434 -6310189,13657412
-6069411,1027698 -6076354,68710648 -6717372,4980424 -6313160,21759161
-6069411,1027698 -6083056,63865283 -6745041,30051537 -6318904,77705023
-6069411,1027698 -6074816,48207048 -6757747,23003561 -6317271,04193207
-6069411,1027698 -6105104,41697458 -6713755,90553207 -6314764,48692214
-6069411,1027698 -6096891,94275046 -6776681,30993355 -6310598,09519255
-6069411,1027698 -6086309,41157222 -6773347,86287271 -6309578,0494983
-6053849,40525309 -6053849,40525309 -6748051,60218423 -6313183,92347304
-6052068,9942859 -6052068,9942859 -6747376,21885719 -6311972,13962769
-6052068,9942859 -6062226,89917184 -6701725,42578419 -6310656,66185821
-6052068,9942859 -6063081,17457253 -6783195,79009581 -6308154,14336602
-6027352,86807449 -6027352,86807449 -6763458,46314163 -6302797,26882352
-6023222,49089974 -6023222,49089974 -6760531,8265137 -6304245,70978557
-6018121,63903514 -6018121,63903514 -6698381,18236263 -6304630,18308388
-6017441,13531055 -6017441,13531055 -6797771,68489422 -6298651,38800051
-6014090,51967187 -6014090,51967187 -6785928,86969532 -6294757,97296001
-6014090,51967187 -6024944,39597874 -6775624,33181149 -6294711,03382285
-6014090,51967187 -6017670,5573928 -6687503,35923706 -6292834,53357883
-6014069,7027743 -6014069,7027743 -6690121,37258256 -6284719,08307591
-6012767,30348451 -6012767,30348451 -6760433,87436941 -6284232,8333351
-6006724,17195945 -6006724,17195945 -6712276,19661521 -6281946,86047155
-5986080,58626935 -5986080,58626935 -6773659,09988428 -6277835,77670328
-5985139,0217501 -5985139,0217501 -6740832,11885198 -6278190,41336518
-5981700,22089275 -5981700,22089275 -6721544,31488266 -6277592,88292285
-5978405,03040959 -5978405,03040959 -6661085,37902566 -6276216,12889999
-5959405,03040959 -5959405,03040959 -6714539,65754757 -6271874,57764797
-5945054,0442265 -5945054,0442265 -6662447,7188331 -6271230,66220432
-5873296,4042777 -5873296,4042777 -6697601,60728928 -6264179,90266933
-5868192,38739843 -5868192,38739843 -6731052,05047862 -6262026,51321428
-5868192,38739843 -5877800,03643259 -6696300,95493094 -6265078,08331291
-5868192,38739843 -5889550,81007251 -6662663,26359003 -6263482,9707595
-5868192,38739843 -5909736,36252242 -6696068,12721649 -6261542,03856842
-5868192,38739843 -5925789,22646769 -6671155,94767623 -6254645,92911527
-5868192,38739843 -5938198,18214943 -6587874,02766258 -6255331,61565551
-5868192,38739843 -5929240,60289284 -6586271,08978399 -6252197,59997868
-5868192,38739843 -5918193,06571869 -6636362,12011582 -6254932,23065782
-5868192,38739843 -5911101,77264956 -6626645,00980357 -6246567,33238101
-5868192,38739843 -5926295,97837495 -6643208,5228126 -6253162,4142428
-5868192,38739843 -5921036,18738944 -6648825,54520048 -6250457,99120777
-5868192,38739843 -5903391,69261869 -6634574,95136835 -6247169,05544136
-5868192,38739843 -5902149,05193157 -6638809,93373704 -6255793,40703346
-5868192,38739843 -5896238,18715803 -6614287,51330854 -6249618,01059908
-5868192,38739843 -5897145,35638937 -6644564,30452551 -6244580,26772415
-5868192,38739843 -5877289,34510317 -6611995,03411275 -6237158,9210745
-5868192,38739843 -5889333,48967886 -6607199,79617481 -6235721,28989183
-5868192,38739843 -5912845,2459496 -6595599,60533769 -6236925,51216805
-5868192,38739843 -5912990,11602253 -6655556,5198458 -6230209,40488652
-5868192,38739843 -5873164,2402811 -6644645,70745847 -6226368,72216961
-5868192,38739843 -5885251,67057251 -6643365,18326436 -6228071,85450823
-5868192,38739843 -5877292,88432898 -6641684,10158238 -6224066,84974885
-5868192,38739843 -5879025,1573075 -6619355,96866092 -6224120,64809386
-5868192,38739843 -5892201,23633841 -6664591,70961359 -6228361,17401232
-5868192,38739843 -5889699,24999508 -6655323,70303596 -6226027,20271137
-5868192,38739843 -5885804,33898039 -6685989,32519602 -6221269,65254248
-5868192,38739843 -5886348,29176423 -6652299,49828306 -6225629,87476222
-5868192,38739843 -5890782,12705049 -6664315,56008403 -6229464,8317449
-5868192,38739843 -5891114,45534787 -6677676,70604385 -6229831,65672971
-5868192,38739843 -5904994,82304896 -6702519,17782497 -6234476,65133753
-5868192,38739843 -5908622,88941667 -6677913,8521968 -6233997,36399261
-5868192,38739843 -5907884,56546186 -6644546,54387848 -6240820,32695011
-5868192,38739843 -5934270,51181655 -6642111,51929869 -6246136,03111958
-5868192,38739843 -5939413,47363288 -6637068,78613312 -6247352,32035231
-5868192,38739843 -5941386,4881002 -6695494,48997554 -6251410,22336212
-5868192,38739843 -5941596,0402567 -6650225,94841876 -6255080,22380322
-5868192,38739843 -5934583,31125361 -6698794,81214042 -6252024,62319898
-5868192,38739843 -5896509,05921411 -6733769,49635954 -6243801,68627872
-5850134,92874633 -5850134,92874633 -6736973,6071033 -6238698,94576086
-5850134,92874633 -5853385,39839526 -6735378,17331663 -6236909,85407178
-5850134,92874633 -5855954,90427386 -6726955,36073374 -6238201,86151468
-5850134,92874633 -5855954,90427386 -6791150,28581256 -6234457,97783235
-5822071,95682031 -5822071,95682031 -6747662,96301918 -6230529,99033409
-5806313,95352972 -5806313,95352972 -6668348,96896873 -6228062,96852662
-5804606,28750866 -5804606,28750866 -6672181,28903534 -6231689,79003454
-5804384,77133286 -5804384,77133286 -6631266,23177554 -6233795,50941444
-5804384,77133286 -5840804,3973989 -6646113,43418089 -6235886,88033557
-5804384,77133286 -5809430,24699869 -6646347,5633785 -6231730,47855074
-5804384,77133286 -5805745,75271477 -6619217,21615253 -6231238,09875547
-5802797,78200396 -5802797,78200396 -6668634,76872717 -6232863,13335862
-5802797,78200396 -5807599,57493298 -6700679,61800419 -6241644,32364652
-5800753,50281853 -5800753,50281853 -6708057,9310107 -6234845,28056585
-5794445,79722471 -5794445,79722471 -6640920,34935409 -6231656,72335971
-5794445,79722471 -5816026,94281209 -6651628,88170709 -6232142,47735931
-5794445,79722471 -5807055,80449479 -6631694,92938654 -6226681,44907445
201106,126432461
