-26240,3241451318 -26240,3241451318 -31021,9049758323 -28329,9028445856
-24703,2328735275 -24703,2328735275 -30520,831646825 -27604,3541357869
-24184,1933881212 -24184,1933881212 -29946,5571033697 -27010,6862223611
-23383,5753035338 -23383,5753035338 -29472,3325959458 -26317,8262836817
-22921,4116843949 -22921,4116843949 -28803,377503571 -25708,9269643569
-22921,4116843949 -23014,2266289 -28167,3024358869 -25772,9119098191
-22921,4116843949 -23182,6458831161 -28341,9161755031 -25505,8151424146
-22830,8067395559 -22830,8067395559 -27567,7105717666 -25126,3683620026
-22232,8803331317 -22232,8803331317 -26809,4422906862 -24551,5510760986
-22112,8487696777 -22112,8487696777 -26342,6523690365 -24183,7883877341
-21535,5409584474 -21535,5409584474 -26034,533673105 -23706,9789286078
-21469,4847522876 -21469,4847522876 -25719,0999862766 -23346,1035420822
-21439,6586123664 -21439,6586123664 -25236,5882400959 -22861,7237714225
-21191,4456027711 -21191,4456027711 -24886,0361794688 -22495,1451992551
-20492,7335531148 -20492,7335531148 -24803,668013955 -22087,3346805088
-20492,7335531148 -20493,2539142613 -24803,3624833621 -21854,2012774255
-20192,6435210053 -20192,6435210053 -24307,7404570626 -21373,7587693161
-20097,213152707 -20097,213152707 -23753,5793420717 -21124,6590451689
-19769,963058778 -19769,963058778 -23604,9157015327 -20852,7459018579
-19477,6317165569 -19477,6317165569 -23456,7194764789 -20477,9025697904
-19141,4395998779 -19141,4395998779 -23091,1354883414 -20119,7473861351
-19027,6846946937 -19027,6846946937 -22445,1704944866 -19885,6615509244
-18810,0747771159 -18810,0747771159 -22275,5754581985 -19591,755826603
-18536,28851311 -18536,28851311 -22494,0526488857 -19360,9040255938
-18147,5609279418 -18147,5609279418 -22114,0440808334 -18990,8994382559
-17974,1053869616 -17974,1053869616 -22008,6358009162 -18913,210260267
-17670,6797298862 -17670,6797298862 -22066,212394007 -18749,3178334322
-17345,8565936554 -17345,8565936554 -21932,2212292253 -18417,3646693807
-16962,9551354453 -16962,9551354453 -21571,9525980397 -18035,7733450426
-16438,3275497487 -16438,3275497487 -20253,8371103691 -17756,8336250814
-16230,5426273894 -16230,5426273894 -20099,0968473583 -17581,0056731561
-16181,3907775989 -16181,3907775989 -19826,8120750904 -17280,4515140228
-15883,9187564593 -15883,9187564593 -19602,236423474 -17058,1603004786
-15883,9187564593 -15965,0486280565 -19296,369186829 -16905,0361049594
-15666,0627230469 -15666,0627230469 -18793,6888832427 -16703,0546625731
-15325,605688659 -15325,605688659 -18193,5885986805 -16502,024849029
-15248,7016562699 -15248,7016562699 -18690,8387611506 -16325,0020905767
-14891,3188333004 -14891,3188333004 -18498,5542746873 -16147,0299814215
-14820,4874082092 -14820,4874082092 -18355,7724086015 -16012,5022890922
-14615,651696246 -14615,651696246 -17934,9603951771 -15906,3274023109
-14409,0358120074 -14409,0358120074 -18112,5067374052 -15772,0450374145
-13845,9735578797 -13845,9735578797 -18134,7001774369 -15572,5404298297
-13814,0224234892 -13814,0224234892 -17887,5881816385 -15362,4106745639
-13814,0224234892 -13814,0224234892 -17755,0966443453 -15298,7471537543
-13649,118973658 -13649,118973658 -17832,5772786249 -15208,1689716912
-13502,4942834361 -13502,4942834361 -17483,4636537609 -15152,7640433199
-13085,4675470211 -13085,4675470211 -17591,8936922753 -15142,2268563487
-13085,4675470211 -13285,1042092263 -17783,235361103 -15145,0306060257
-13085,4675470211 -13275,5824263413 -17778,1028147626 -15085,7760250603
-13085,4675470211 -13415,1291268558 -17344,6382701672 -15019,3902976226
-13085,4675470211 -13279,997742108 -17527,571840514 -14980,4987908369
-13085,4675470211 -13279,997742108 -17602,6146713739 -14950,1445966807
-13085,4675470211 -13344,8857875346 -17625,0758565832 -14912,6668636539
-13031,0660346503 -13031,0660346503 -17312,6255632049 -14818,5820854248
-13031,0660346503 -13262,0221453994 -17393,9441826001 -14740,4307435938
-13031,0660346503 -13322,0104477751 -17325,9818694018 -14695,8677465687
-13031,0660346503 -13068,1052074616 -17419,4482193422 -14590,8286362843
-12915,0337118575 -12915,0337118575 -17122,5010607863 -14497,4773510482
-12826,6323108629 -12826,6323108629 -17099,3526322258 -14474,6571472918
-12826,6323108629 -12892,1358134915 -17353,2982534751 -14496,090443636
-12826,6323108629 -12913,7238615816 -17102,6460686479 -14423,913828065
-12826,6323108629 -12971,1132832018 -17188,7403296635 -14367,9566093952
-12826,6323108629 -12982,0469492113 -16652,429955835 -14389,467800427
-12826,6323108629 -12843,6310516221 -16972,8663541702 -14267,1110328123
-12707,5265030992 -12707,5265030992 -16180,3900916924 -14108,5269547647
-12638,5093238937 -12638,5093238937 -15860,7932090606 -14065,044860045
-12584,6473335155 -12584,6473335155 -16133,6319380213 -13999,1999498276
-12584,6473335155 -12661,8557891389 -16072,5880823036 -13901,7534369931
-12584,6473335155 -12682,9754202139 -16370,7388720839 -13917,2785752992
-12545,5492842984 -12545,5492842984 -16051,1680077502 -13862,284620546
-12545,5492842984 -12743,7714650766 -16103,4313996958 -13897,4940552937
-12545,5492842984 -12679,235111949 -16135,1720171311 -13737,2389726238
-12545,5492842984 -12679,7375465557 -15644,8506028779 -13676,2102333319
-12171,2328124053 -12171,2328124053 -15760,7112999937 -13600,456376535
-12163,7365395156 -12163,7365395156 -15565,2463276472 -13549,4070126584
-12162,7661782751 -12162,7661782751 -15766,872756119 -13430,5924124715
-12038,2024688433 -12038,2024688433 -15611,390049731 -13283,9999378244
-11975,9419921132 -11975,9419921132 -15656,8678351778 -13230,1547281426
-11975,9419921132 -11988,2912408419 -15589,5094872175 -13152,5432308954
-11975,9419921132 -12166,1601667978 -15502,0126317579 -13195,658648065
-11975,9419921132 -12192,8062757134 -15641,4239039585 -13208,4497644015
-11975,9419921132 -12195,8341771621 -15434,7762379505 -13255,0937401354
-11975,9419921132 -12195,8341771621 -15231,7032053041 -13149,6491759983
-11975,9419921132 -12195,8341771621 -15313,1485063675 -13075,1768324304
-11975,9419921132 -12289,6031019737 -15122,6373657036 -13027,6891717835
-11975,9419921132 -12187,1377956221 -14861,5283208004 -12945,6958568593
-11941,2820726021 -11941,2820726021 -14749,4296291344 -12946,6729311184
-11941,2820726021 -11979,3346539673 -14616,8477587916 -12912,6272748785
-11941,2820726021 -12042,0322084357 -14404,332200046 -12908,6689575568
-11941,2820726021 -12095,8207290932 -14861,7476350639 -12990,6257510513
-11941,2820726021 -12207,0082724797 -14915,1215756513 -12985,187125209
-11941,2820726021 -12191,7033587245 -14951,8205166871 -13039,2545538461
-11941,2820726021 -12171,797670369 -15391,073415394 -12991,0882785817
-11941,2820726021 -12150,1147882217 -15109,8880748355 -12953,6044571227
-11941,2820726021 -12208,1106186829 -15008,1783516522 -12983,7287398842
-11941,2820726021 -12204,5683860682 -14827,752329451 -12927,672203283
-11941,2820726021 -12206,9924097886 -14915,3244885807 -12968,5325851126
-11941,2820726021 -12060,7305924846 -14871,4103052047 -12960,5315404166
-11941,2820726021 -11970,6831804272 -15070,4325419559 -12913,9318686978
-11811,9690725725 -11811,9690725725 -15060,6199592968 -12963,3068515174
-11707,7251638322 -11707,7251638322 -14781,7233422682 -12934,9864774855
-11707,7251638322 -11893,9033904592 -14943,6023691719 -12930,2499684118
-11707,7251638322 -11714,849562175 -14865,905250629 -12846,2429880259
-11654,2960309373 -11654,2960309373 -14944,2138817723 -12883,162995594
-11654,2960309373 -11694,357655924 -15106,03781267 -12915,4460384329
-11654,2960309373 -11796,2539031295 -15106,7415212033 -12882,2223496557
-11654,2960309373 -11831,4475815028 -15181,5627548269 -12882,5298645726
-11654,2960309373 -11748,055039195 -14873,5640975008 -12839,8131339989
-11654,2960309373 -12008,1115101294 -14784,1203370429 -12936,284208217
-11654,2960309373 -11990,4071588435 -14712,2799822002 -12859,6930594339
-11654,2960309373 -11955,7119117109 -14842,9606676326 -12804,2600662334
-11654,2960309373 -11954,8111583976 -14383,6902446981 -12707,7471906697
-11522,0798474941 -11522,0798474941 -14484,4269450107 -12606,428545001
-11522,0798474941 -11528,9589997883 -13893,5342803587 -12605,7265507734
-11522,0798474941 -11648,2918660918 -13767,8691545403 -12631,6728828237
-11522,0798474941 -11761,0137785741 -13980,9018746266 -12669,4943272672
-11522,0798474941 -11839,0311778502 -14210,0223294289 -12720,6270599823
-11522,0798474941 -11523,5616512827 -14135,8135308624 -12698,3093605281
-11522,0798474941 -11523,5616512827 -14121,4991168296 -12698,7027096788
-11350,8107102342 -11350,8107102342 -14313,6879647381 -12671,7676362589
-11350,8107102342 -11351,7199760727 -14659,470273183 -12653,9508748116
-11238,671548022 -11238,671548022 -14297,0665591854 -12550,2028201617
-11107,0162037838 -11107,0162037838 -14067,9869738602 -12614,7526640027
-11107,0162037838 -11111,7036029716 -14306,0821523704 -12590,8504817201
-11107,0162037838 -11187,5499259117 -13867,4285531726 -12667,3194680116
-11107,0162037838 -11227,069414748 -13943,1071455484 -12746,0547849432
-11107,0162037838 -11168,3515970411 -14270,1798790294 -12651,4050850366
-11107,0162037838 -11194,3957380027 -14048,9448187164 -12569,6792960985
-11107,0162037838 -11125,4737463649 -14243,742384671 -12465,0419772241
-11107,0162037838 -11109,6485341146 -14168,2482838745 -12481,1348694043
-11107,0162037838 -11244,5768336065 -13814,6887126173 -12574,0121086019
-11107,0162037838 -11610,2068549317 -13931,1303967319 -12572,1558272516
-11107,0162037838 -11710,9835592205 -14032,8631473905 -12544,5199325652
-11107,0162037838 -11936,8353006048 -14041,6747740959 -12548,012490027
-11107,0162037838 -11928,6902295798 -13986,9273315672 -12531,1696592636
-11107,0162037838 -11547,3599996722 -14123,3138836944 -12465,6311297212
-11107,0162037838 -11927,8520752964 -13911,1092758605 -12469,8103720014
-11107,0162037838 -11908,0342730917 -13832,6604650791 -12450,1050314256
-11107,0162037838 -11865,758870098 -13932,539396935 -12410,9512595331
-11107,0162037838 -11800,1724039353 -13807,7046203371 -12461,0283277575
-11107,0162037838 -11778,5766690692 -13833,5116166976 -12446,9861257839
-11107,0162037838 -11730,0966696196 -13725,4754941805 -12453,2133339807
-11107,0162037838 -11718,4626777227 -13735,2579065745 -12467,2648294146
-11107,0162037838 -11603,025292636 -13867,9476802154 -12468,0954649369
-11107,0162037838 -11605,7008746183 -13834,9031428159 -12390,9950914045
-11107,0162037838 -11365,906670919 -13843,2541235427 -12419,773211326
-11107,0162037838 -11458,8029416123 -13596,5037399139 -12441,2597889107
-11107,0162037838 -11385,6890499154 -13837,9625427812 -12397,9453552331
-11107,0162037838 -11170,0904645441 -13604,7684279491 -12369,7073006793
-11107,0162037838 -11137,4977724362 -13810,9310513543 -12301,4095166816
-11095,5422883705 -11095,5422883705 -13746,4645082839 -12301,0550107794
-11095,5422883705 -11120,7982850402 -13834,6732036923 -12198,9024644336
-11095,5422883705 -11120,7982850402 -13918,2779291471 -12153,7025734215
-11095,5422883705 -11225,0421937804 -13884,0858928718 -12201,6421266116
-11095,5422883705 -11138,8180003653 -13653,8876899379 -12191,8461175336
-11074,1807473828 -11074,1807473828 -13679,1826621327 -12208,3500142489
-11074,1807473828 -11343,9263872001 -13835,3823433966 -12265,2501811814
-11074,1807473828 -11294,152193469 -13536,7054793912 -12248,6700052279
-11074,1807473828 -11409,1290878302 -13825,645656907 -12327,0410506191
-11074,1807473828 -11556,035578923 -13822,1865466235 -12298,1185621711
-11074,1807473828 -11379,8663904501 -14321,4765068554 -12244,6351767775
-11074,1807473828 -11344,9988328944 -14001,4434867165 -12234,3849386764
-11074,1807473828 -11395,1689431386 -14027,5723608618 -12239,020326446
-11074,1807473828 -11432,5366634463 -14081,1581173707 -12207,0849560043
-11074,1807473828 -11286,8251224445 -14019,7339142645 -12159,9669941689
-11074,1807473828 -11366,8346726499 -14050,9389140565 -12266,9879094225
-11074,1807473828 -11366,8346726499 -13794,0022626996 -12217,4127159893
-11074,1807473828 -11368,2088749355 -13725,8324140072 -12195,4540231611
-11074,1807473828 -11243,9247137442 -13670,2533148229 -12174,0823736885
-11074,1807473828 -11322,9831826075 -13963,8099962909 -12152,1515822044
-11074,1807473828 -11276,2073673074 -14044,468228842 -12105,6313678655
-11074,1807473828 -11414,7117346507 -13935,9258898653 -12135,2427533723
-11074,1807473828 -11445,4927371472 -13795,6163626837 -12138,5351231009
-11074,1807473828 -11366,2193602285 -13976,2870614254 -12125,486037092
-11074,1807473828 -11300,7956896977 -13979,5216065455 -12047,5217758656
-11074,1807473828 -11271,6338290322 -13846,9596872975 -12044,9838168494
-11074,1807473828 -11211,7110684194 -14015,0895404744 -12064,5457291398
-11074,1807473828 -11084,2406108251 -14054,9053340048 -12085,1028130845
-11074,1807473828 -11194,5231611223 -13915,3913026788 -12063,3712398877
-11074,1807473828 -11145,2726344109 -14232,2277969803 -12115,3054799049
-11074,1807473828 -11130,8625254451 -14846,2125016192 -12186,0531066819
-10940,4446334071 -10940,4446334071 -14745,3188615728 -12250,0046888173
-10940,4446334071 -11060,6057199703 -14417,084878334 -12214,7553505884
-10940,4446334071 -10965,4387112594 -14849,3653327278 -12172,1362848432
-10940,4446334071 -10941,9680399846 -14546,48632328 -12178,5835933378
-10940,4446334071 -11124,8824596528 -14819,7182548417 -12197,5714894409
-10940,4446334071 -11120,4764973294 -14640,3162936674 -12223,0813782839
-10940,4446334071 -11321,1863584852 -14409,005906707 -12309,6111657911
-10940,4446334071 -10967,140224231 -14760,4194420818 -12322,5301026638
-10927,311026976 -10927,311026976 -14485,7584412774 -12300,911940884
-10927,311026976 -10940,9966065078 -14847,931940265 -12275,2357120763
-10927,311026976 -11114,4453671211 -14326,0468960649 -12354,2863205159
-10927,311026976 -11160,5881774942 -14595,7846418874 -12327,4277054278
-10927,311026976 -11274,9122935841 -14667,7870470425 -12339,8975384866
-10927,311026976 -11076,0494417505 -14303,4957091899 -12278,0892395099
-10840,1045799136 -10840,1045799136 -14003,3220776827 -12261,1438526844
-10589,0528795713 -10589,0528795713 -13831,9052234459 -12287,6987951568
-10467,0961355735 -10467,0961355735 -13922,2087999346 -12323,0682481284
-10467,0961355735 -10514,725976056 -14266,6417681922 -12244,7689629335
-10467,0961355735 -10964,2049280582 -14133,3132476384 -12274,2543781428
-10467,0961355735 -11070,0953264647 -13978,6852642756 -12315,7762615711
-10467,0961355735 -11098,739970492 -13911,4706849286 -12394,5287740928
-10467,0961355735 -11433,7149366392 -14174,1076158894 -12439,8728402539
-10467,0961355735 -11275,9765006277 -14167,1859863434 -12338,5838657959
-10467,0961355735 -11275,9765006277 -14269,202902255 -12330,7072477249
-10467,0961355735 -11438,8548028425 -14199,8504677492 -12275,2257185194
-10467,0961355735 -11413,6724948593 -14110,6675197774 -12161,4450758015
-10467,0961355735 -11497,0013052464 -14383,70818412 -12141,5986066486
-10467,0961355735 -11486,3293717549 -14470,7270616966 -12193,6452975177
-10467,0961355735 -11348,9966859712 -14305,4041421746 -12254,7222821731
-10467,0961355735 -11362,0650566837 -14361,3758504956 -12253,5186205917
-10467,0961355735 -11184,5120165265 -14245,9724681838 -12224,2151555475
-10467,0961355735 -10937,6076766238 -14170,5012611317 -12106,4883788274
-10467,0961355735 -10857,5981264184 -14114,4612576577 -12061,0171239326
-10467,0961355735 -10870,5412480836 -13744,5955225239 -12072,2660455286
-10467,0961355735 -11111,3855560786 -13745,0398008413 -12105,3516565456
-10467,0961355735 -11257,493427208 -13871,6298223891 -12109,6565824809
-10467,0961355735 -11250,1027433413 -13807,1467717335 -12015,8199938675
-10467,0961355735 -11347,4559496867 -13681,8562904172 -11991,5937583502
-10467,0961355735 -11281,6411928253 -13539,9498229976 -11972,7106578195
-10467,0961355735 -11570,1936582472 -13501,1012589635 -11975,5007836637
-10467,0961355735 -11616,1503863157 -13315,244147824 -12006,7704025197
-10467,0961355735 -11632,697710876 -13542,2624800934 -11985,3747530325
-10467,0961355735 -11462,6019564322 -13458,7682144375 -11965,1572212919
-10467,0961355735 -11399,6285536976 -13352,3487665178 -12010,8888421181
-10467,0961355735 -11446,4996828205 -13399,6500927521 -12017,1284107396
-10467,0961355735 -11391,2082627905 -14058,8842117692 -12003,6044652879
-10467,0961355735 -11391,2082627905 -13612,9820039613 -12008,7319292106
-10467,0961355735 -11446,0438203458 -13379,6337270149 -12027,6715651472
-10467,0961355735 -11383,4815639658 -13497,9708821705 -12016,3056865657
-10467,0961355735 -11106,5499990003 -13661,0649851588 -11996,1796717322
-10467,0961355735 -11022,2612626931 -13348,0620947891 -11947,8175729756
-10467,0961355735 -11040,1527895628 -13477,6681632284 -12008,5802119118
-10467,0961355735 -11338,6116427297 -13417,2035053955 -12049,5554084701
-10467,0961355735 -11454,3351551448 -13321,2947522211 -12053,3502531243
-10467,0961355735 -11446,2830303261 -13317,3328384016 -12051,1319132609
-10467,0961355735 -11347,7427075882 -13391,870703475 -12132,7684896644
-10467,0961355735 -10907,1253642159 -13458,1120458711 -12098,9152033475
-10467,0961355735 -10866,6551941597 -13386,4992735547 -12058,5434101622
-10467,0961355735 -10889,0028729467 -13492,7021533361 -12044,2590776777
-10467,0961355735 -10797,9124937574 -13571,8258362191 -12059,5936179344
-10467,0961355735 -10684,3637110245 -13616,5972871361 -12029,9145116326
-10467,0961355735 -10777,2476819579 -13692,5108941716 -12137,0130009546
-10467,0961355735 -10780,2285252848 -13654,4921362625 -12166,7194176578
-10467,0961355735 -10775,6605593275 -13282,5178549065 -12104,8306927641
-10467,0961355735 -11225,4431742573 -13350,9974420029 -12108,1018389213
-10467,0961355735 -11332,3971000082 -13200,3651288832 -12085,2793260174
-10467,0961355735 -11271,9992564196 -13203,3836786581 -12074,5745567344
-10467,0961355735 -11217,6067752877 -13579,8649676474 -12054,0597618027
-10467,0961355735 -11283,8124427857 -13266,4027863604 -11983,5471380789
-10467,0961355735 -11273,9294234807 -13286,9787323865 -11955,7233092575
-10467,0961355735 -11129,0598321752 -13133,4898200272 -11871,298082544
-10467,0961355735 -11081,8787511052 -13125,9861146409 -11922,7674651678
-10467,0961355735 -11259,8156370693 -13476,2269719504 -12020,5266463191
-10467,0961355735 -11194,3067840056 -13514,7790560848 -12016,8060519281
-10467,0961355735 -11428,9411533258 -13299,3474532984 -12090,2713061245
-10467,0961355735 -11388,3699216119 -13310,188319057 -12125,064553481
-10467,0961355735 -11175,2189246805 -13199,7279066645 -12125,7231315526
-10467,0961355735 -11461,8003128572 -13410,2806799236 -12090,7248286922
-10467,0961355735 -11406,5016305829 -13400,6369917688 -12090,651490199
-10467,0961355735 -11396,6111092698 -13540,7645224575 -12065,2006426037
-10467,0961355735 -11473,0113878078 -13473,7179350036 -12031,794467764
-10467,0961355735 -11457,9068612167 -13468,1980910247 -12001,9383724915
-10467,0961355735 -11197,7367873307 -13036,3135028 -12002,6095477193
-10467,0961355735 -11166,281782903 -13615,1692360007 -12066,536964888
-10467,0961355735 -11320,3582797937 -13507,3718294461 -12044,4066127277
-10467,0961355735 -11133,1644401305 -13338,2733675256 -11958,9007306134
-10467,0961355735 -10778,1884703085 -13865,4838906852 -11875,6112645289
-10467,0961355735 -10849,5065680612 -13583,4447386265 -11897,9968762318
-10467,0961355735 -10763,0000487169 -13704,7410001293 -11982,1195688323
-10467,0961355735 -10811,7115554438 -13965,8756424123 -12010,1354740948
-10467,0961355735 -10728,7919447517 -14237,6033327023 -11975,5446748636
-10467,0961355735 -10680,0804380248 -13800,3470009765 -11995,0535457483
-10467,0961355735 -10822,8512950757 -13688,5576317759 -12022,0524785146
-10467,0961355735 -10906,1889374828 -14077,2664355893 -12045,219430244
-10467,0961355735 -10971,2486901679 -13710,1136584816 -12059,3125583697
-10467,0961355735 -10962,0105441347 -13554,2218136074 -12028,7672801845
-10467,0961355735 -11077,898335437 -13455,7398991122 -12015,5902583842
-10467,0961355735 -11400,775985479 -13257,5754933128 -11998,6908309602
-10467,0961355735 -11351,8445075778 -13351,8774466299 -11927,9694534864
-10467,0961355735 -11470,6184528404 -13373,3409838434 -12144,2226778504
-10467,0961355735 -11499,2630968677 -13742,3290528988 -12129,9957871408
-10467,0961355735 -11505,917084845 -13866,1904417192 -12080,7363171014
-10467,0961355735 -11235,7540866427 -13858,8939371908 -11988,4129588417
-10467,0961355735 -11235,7540866427 -13571,5310317911 -11999,6126464175
-10467,0961355735 -11177,4625593961 -13591,6205457177 -11980,1355619054
-10467,0961355735 -11276,1615888381 -13828,1150623975 -11980,3682340516
-10467,0961355735 -11260,5852664134 -13341,8948933485 -11948,9771093554
-10467,0961355735 -11275,3887317002 -13244,0774171286 -11978,6525665482
-10467,0961355735 -11277,0838916149 -13357,346667529 -12019,6452792878
-10467,0961355735 -11277,3802009625 -13535,6241196329 -12042,3743794972
-10467,0961355735 -11348,4179044747 -13610,2684382926 -12082,5496657367
-10467,0961355735 -11315,5122315957 -13562,731893568 -12136,9897782097
-10467,0961355735 -11171,3229764464 -13740,3103116627 -12142,4126061716
-10467,0961355735 -11040,5269835569 -13945,5032179132 -12067,7859071927
-10467,0961355735 -11070,2368949235 -13928,5459763647 -12071,4459636145
-10467,0961355735 -11044,4785390077 -14036,0446322167 -12079,5474654489
-10467,0961355735 -10899,2669827338 -14003,960251165 -12132,5404012618
-10467,0961355735 -10981,3496401843 -14065,6183548285 -12134,5808419552
-10467,0961355735 -11254,3398699257 -14026,5875608379 -12111,8140262339
-10467,0961355735 -11229,7100838555 -13974,9926900132 -12105,0304145746
-10467,0961355735 -11196,7609803114 -14173,2035978476 -12134,8126345275
-10467,0961355735 -11077,768260553 -14563,931324474 -12086,3691404163
-10467,0961355735 -11200,8395600133 -13933,5829016295 -12073,3113188855
-10467,0961355735 -11050,1871697484 -14349,7173655804 -11979,1665743676
-10467,0961355735 -10914,19329583 -13719,0608547075 -12024,6694236283
-10467,0961355735 -10914,3449952004 -13612,3779909025 -12097,6190999162
-10467,0961355735 -10762,8879351276 -13481,5406047731 -12037,4106843911
-10467,0961355735 -10743,4726359357 -13337,4769522659 -12026,8188353042
-10467,0961355735 -10616,0559894852 -13350,5463993504 -12019,6225076454
-10467,0961355735 -10616,0559894852 -13430,1807735414 -12032,9871424844
-10396,4697984454 -10396,4697984454 -13454,7133195831 -11914,2836645844
-10289,1001247296 -10289,1001247296 -13393,9870578178 -11927,3696234629
-10289,1001247296 -10536,2833577149 -13829,0831514998 -11881,2777152695
-10289,1001247296 -10698,7379922228 -13643,7606604041 -11848,5853640312
-10289,1001247296 -10698,7379922228 -13839,1743445584 -11849,9736713752
-10289,1001247296 -10796,309181669 -13669,9147998687 -11863,3024156715
-10289,1001247296 -10776,705469097 -13415,3760421017 -11869,1251419215
-10289,1001247296 -10800,5921842649 -13475,8203269981 -11856,4450280899
-10289,1001247296 -10798,3559124091 -13433,8518046816 -11861,6855550866
-10289,1001247296 -10792,1079425883 -13532,1724709746 -11869,9753263655
-10289,1001247296 -10942,9319161975 -13636,0556916672 -11902,0095943722
-10289,1001247296 -11000,3072669887 -13830,2066567839 -11903,5676162068
-10289,1001247296 -10998,8495426591 -13751,2333461756 -11822,7317492987
-10289,1001247296 -10811,7629629844 -13748,1732110882 -11829,9050038189
-10289,1001247296 -10826,1369036622 -13572,625472475 -11771,1862911702
-10289,1001247296 -10798,7768503533 -13596,3182838785 -11757,7482607633
-10289,1001247296 -10981,9353410342 -13397,9529030522 -11851,9004615268
-10289,1001247296 -10717,2429324563 -14043,4857431074 -11814,7434622387
-10289,1001247296 -10635,5404633324 -13795,0720310458 -11747,8468572491
-10289,1001247296 -10621,9081469658 -13383,6932252742 -11772,885144175
-10289,1001247296 -10575,7156461654 -13647,6193428123 -11849,9618371895
-10289,1001247296 -10557,1525885262 -13687,3361687992 -11849,8778969406
-10289,1001247296 -10522,2831866136 -13760,4945229386 -11847,8530986662
-10289,1001247296 -10678,4512157159 -13583,1407724961 -11818,8086646229
-10289,1001247296 -10655,3555076767 -13388,4828882768 -11863,5682657076
-10289,1001247296 -10744,9922518004 -13493,7279549616 -11842,914537266
-10289,1001247296 -11125,835695961 -13333,8303339859 -11884,3254107249
-10289,1001247296 -10987,3751758763 -13341,8742640718 -11863,174969952
-10289,1001247296 -10897,7384317525 -13690,7390284247 -11924,2503918047
-10289,1001247296 -11076,1454972199 -13908,1803153569 -11953,2769812581
-10289,1001247296 -11020,5584897974 -13467,155945436 -11919,1436803496
-10289,1001247296 -11043,296567012 -13597,9125333863 -11915,2105595377
-10289,1001247296 -11237,8424893892 -13478,0890054339 -11903,5249189066
-10289,1001247296 -11256,4055470284 -13198,4732175433 -11927,1766899446
-10289,1001247296 -11218,3248343606 -13211,3721681333 -11886,0652775112
-10289,1001247296 -11218,3248343606 -13388,5306653153 -11852,2379360936
-10289,1001247296 -11258,3356502568 -13380,268096196 -11895,0253421709
-10289,1001247296 -11257,6488020065 -13505,9966900428 -11885,1960017352
-10289,1001247296 -10805,1691539966 -13794,0508643538 -11875,3485786987
-10289,1001247296 -10718,1232164319 -13205,1955743803 -11778,7266061905
-10289,1001247296 -10700,5298613048 -13355,5091824589 -11856,81039374
-10289,1001247296 -10540,942261972 -13618,1337936381 -11907,6323814328
-10289,1001247296 -10756,0206917059 -13888,2267661573 -11969,116007165
-10289,1001247296 -10804,0698072505 -13848,6604097535 -11945,4108342273
-10289,1001247296 -10727,3403349898 -14048,5492180936 -11975,5208311604
-10289,1001247296 -10802,6103488514 -14370,0261245297 -12018,4761511655
-10289,1001247296 -10938,9543821564 -14392,2953179853 -12137,1725150381
-10289,1001247296 -10945,1738671482 -14216,648827326 -12066,9218259015
-10289,1001247296 -10974,0048334053 -14075,684383643 -11952,4946453366
-10289,1001247296 -10985,1441939318 -14295,6704060683 -12032,2442203501
-10289,1001247296 -10775,4640624166 -14687,4410363395 -12018,393418325
-10289,1001247296 -10583,6363758391 -14776,8109861298 -11955,1443667138
-10289,1001247296 -10987,0191477016 -13964,5479771221 -11966,7706316399
-10289,1001247296 -10874,1838533133 -13641,0276326463 -11839,9534294807
-10289,1001247296 -10879,7728466386 -13630,8059731573 -11885,277114599
-10289,1001247296 -10750,3883962236 -13639,752701577 -11877,1694285128
-10289,1001247296 -10721,7437521963 -13763,4431316453 -11943,073992223
-10289,1001247296 -10767,8865625694 -13614,6663736516 -11885,058678481
-10289,1001247296 -10645,7560701307 -13486,4349912111 -11855,2065187943
-10289,1001247296 -10720,3886867172 -13609,0923837223 -11855,6176931116
-10289,1001247296 -10859,2130826681 -13590,4057496697 -11891,2318656968
-10289,1001247296 -10880,7509160053 -13557,1289978844 -11793,1459031554
-10289,1001247296 -10877,0591714424 -13143,063531374 -11790,368011746
-10289,1001247296 -11102,9147248609 -13434,2669976042 -11736,3282554289
-10289,1001247296 -11082,8332251327 -13374,4763864907 -11752,4062974668
-10289,1001247296 -11000,1689881255 -13264,6869891476 -11787,3189220135
-10289,1001247296 -11099,7183620723 -13668,2081490025 -11782,0796151469
-10289,1001247296 -11039,0678321395 -13328,6303479138 -11774,5755488218
-10289,1001247296 -11008,662769585 -13734,9302989781 -11720,4330256665
-10289,1001247296 -11171,6013040133 -13893,4314811272 -11750,538408493
-10289,1001247296 -11207,527854827 -13265,577607715 -11789,1412746839
-10289,1001247296 -11184,498039466 -13470,0349354024 -11773,0703615718
-10289,1001247296 -11208,1880851694 -13614,2506720086 -11839,2613424629
-10289,1001247296 -11206,6594217788 -13794,154680896 -11795,6938654093
-10289,1001247296 -10987,7940015688 -13437,830071437 -11746,2955060848
-10289,1001247296 -11156,0991231244 -13729,1440850176 -11753,8538547899
-10289,1001247296 -11119,0496933535 -13472,5405812897 -11793,8107861407
-10289,1001247296 -11103,8698874058 -13338,4959472311 -11744,4670648782
-10289,1001247296 -10826,0376543528 -13354,9973805319 -11707,6117925751
-10289,1001247296 -10944,4083194442 -13607,770033715 -11735,715061568
-10289,1001247296 -11051,9406296518 -13329,1105410739 -11683,1867259733
-10289,1001247296 -10669,7613677891 -13223,2448188941 -11562,3947633471
-10289,1001247296 -10466,6571266566 -13209,3987671347 -11614,4348662237
-10289,1001247296 -10503,9283309696 -13201,6838291866 -11719,8018715054
-10289,1001247296 -10503,9283309696 -13185,1762914221 -11719,2658343624
-10289,1001247296 -10705,7621235944 -13453,5571498838 -11751,0857686853
-10289,1001247296 -10708,9361684333 -13574,5479716702 -11711,1050907904
-10289,1001247296 -10803,9298433402 -13501,9467932203 -11655,8212581972
-10289,1001247296 -10436,1962905279 -13711,3248955016 -11604,2487411475
-10289,1001247296 -10471,6993529193 -13364,87277728 -11632,8703880364
-10289,1001247296 -10471,6993529193 -13450,0593583809 -11646,6031265833
-10289,1001247296 -10485,5132588575 -13717,4156348045 -11675,7477718169
-10289,1001247296 -10364,6213654634 -13665,0623166755 -11633,8146801648
-10289,1001247296 -10343,0716746652 -13928,521070454 -11661,9627362132
-10289,1001247296 -10590,2304040096 -13693,9286423966 -11776,6701842825
-10289,1001247296 -10588,9828240172 -13712,3165511993 -11794,8558315786
-10289,1001247296 -10367,6379974883 -13169,9328613901 -11761,8278426172
-10289,1001247296 -10358,272692131 -13471,428943189 -11817,5481983458
-10289,1001247296 -10328,0294243764 -13407,3811397239 -11854,8697079104
-10289,1001247296 -10536,4355852584 -13637,209234499 -11863,4304543593
-10227,2826274204 -10227,2826274204 -13604,1392661099 -11819,1736199951
-10227,2826274204 -10227,2826274204 -13562,7733158884 -11849,3622171177
-10227,2826274204 -10612,5949668467 -13451,1644555424 -11879,9504662077
-10227,2826274204 -10598,2786778375 -13633,7535868795 -11885,1794065879
-10227,2826274204 -10603,4606176262 -13522,7994595669 -11955,3016622947
-10227,2826274204 -10807,439808202 -13310,5591363615 -11942,0559385356
-10227,2826274204 -10624,143452331 -13589,6554603043 -11882,7847502048
-10227,2826274204 -10983,1084163332 -13739,1941855306 -11969,1334414591
-10227,2826274204 -11016,5182436702 -13482,9469739581 -11995,4352691006
-10227,2826274204 -10708,734226762 -13548,6846297423 -11906,9645499925
-10227,2826274204 -10703,4778675947 -13519,7453979194 -11856,1778327251
-10227,2826274204 -10748,0499381124 -13931,2307220165 -11892,7527159427
-10227,2826274204 -10922,2533723367 -13661,6906267423 -11906,0199768755
-10227,2826274204 -10612,5856359806 -13497,4151928302 -11926,5343555934
-10227,2826274204 -10668,5387926149 -13747,540294032 -11888,4678149554
-10227,2826274204 -11115,4585045933 -13198,701096103 -11931,4847050527
-10227,2826274204 -11010,9432433806 -13127,8773640743 -11862,1504666081
-10227,2826274204 -10854,3598306632 -13369,6232958238 -11901,725534701
-10227,2826274204 -10853,481801346 -13255,5078792221 -11894,4788162589
-10227,2826274204 -10798,1976950915 -13322,2151962958 -11810,5884128394
-10227,2826274204 -10762,8938616515 -13767,1277194532 -11828,724558359
-10227,2826274204 -10708,6906485438 -13973,4293765516 -11774,6468076277
-10227,2826274204 -10797,5850126314 -13743,7639332121 -11773,7953821473
-10227,2826274204 -10692,7788369509 -13560,1013712109 -11732,894435943
-10227,2826274204 -10673,0424614246 -13526,1834403706 -11728,9751270199
-10227,2826274204 -10765,8034473709 -13644,3296136666 -11703,694722536
-10227,2826274204 -10922,2506703213 -13695,2761433619 -11706,4020123077
-10227,2826274204 -11031,421989342 -13529,2465523229 -11769,8343487289
-10227,2826274204 -11031,421989342 -13545,4495520764 -11825,4644638467
-10227,2826274204 -10984,5285888485 -13643,3758129067 -11828,2961036384
-10227,2826274204 -10997,5921277251 -13084,794826333 -11842,6523606066
-10227,2826274204 -11145,1546225151 -13673,8618462995 -11955,0548173863
-10227,2826274204 -11136,2110521845 -13861,9283022918 -11918,7510022996
-10227,2826274204 -11074,9820487816 -14222,2638881745 -11936,95199352
-10227,2826274204 -11072,2432553947 -14193,3181428926 -11963,7670270984
-10227,2826274204 -11072,2432553947 -13870,3463309087 -11990,4062000717
-10227,2826274204 -10979,751873354 -14193,9107022827 -11982,7497434308
-10227,2826274204 -11018,5498150963 -14309,8664406482 -12002,5739574896
-10227,2826274204 -11008,3672282089 -14130,1241887762 -12024,3596440501
-10227,2826274204 -11034,4113691705 -13945,242707617 -12041,1292584594
-10227,2826274204 -10966,7757358264 -14142,6232787362 -12029,2082316196
-10227,2826274204 -10907,9556384357 -13800,0201076555 -11997,808817005
-10227,2826274204 -10988,2531811633 -13781,7971866256 -11970,6445412691
-10227,2826274204 -11095,0189424222 -13868,8690362696 -11929,2847343046
-10227,2826274204 -11205,5759317155 -13794,6088237778 -11978,9326680056
-10227,2826274204 -11292,5348690538 -13567,7737914548 -11880,1719907375
-10227,2826274204 -11190,0017490253 -13147,8361601194 -11904,4278674156
-10227,2826274204 -11295,7827023786 -13108,0384926419 -11914,542846588
-10227,2826274204 -11266,7040802897 -13371,5208233897 -11908,4332511691
-10227,2826274204 -11190,0916316412 -13494,1361202214 -11938,0581413575
-10227,2826274204 -11100,8898928227 -13538,4315912992 -11930,7835961245
-10227,2826274204 -10891,1594122733 -13475,7307686004 -11943,4696605135
-10227,2826274204 -10936,8135502343 -13350,1731606042 -11926,5819284126
-10227,2826274204 -10901,8081322059 -13323,4342499837 -11919,2915257497
-10227,2826274204 -10968,0089298351 -13277,041495571 -11918,671408765
-10227,2826274204 -11115,5466155776 -13595,5569478598 -11900,6435282854
-10227,2826274204 -10810,0536610493 -13392,7242679381 -11928,3497383064
-10227,2826274204 -10910,8211648696 -13607,6163215165 -11966,168032324
-10227,2826274204 -10910,8211648696 -13382,6683054786 -11903,922737886
-10227,2826274204 -11088,354522879 -13648,7153220026 -11921,7870678438
-10227,2826274204 -11215,1664033858 -13275,5576420138 -11861,6449342009
-10227,2826274204 -11212,0470911484 -13522,5033420443 -11900,5847298623
-10227,2826274204 -11085,2944090701 -13447,1664940414 -11919,8061238836
-10227,2826274204 -11162,6191276015 -13192,9097778723 -11943,837381345
-10227,2826274204 -11164,0231422507 -13264,417879058 -11903,5619538482
-10227,2826274204 -11090,273376666 -13512,6884045 -11890,5068471186
-10227,2826274204 -11031,4681835742 -13573,4773950464 -11876,8832084208
-10227,2826274204 -11001,6487930825 -13411,5337909769 -11899,4417024093
-10227,2826274204 -10996,2376932465 -13428,9380283075 -11953,5694898828
-10227,2826274204 -10901,2517990079 -13472,1741348581 -12007,1175251885
-10227,2826274204 -10830,4265528663 -13874,7810782463 -12052,5602566343
-10227,2826274204 -10830,4265528663 -13930,9134765539 -12096,0584103271
-10227,2826274204 -11106,2386585369 -13928,4898998186 -12100,2910080044
-10227,2826274204 -10933,7230499323 -14304,1613989147 -12085,3987480076
-10227,2826274204 -11022,6284625924 -13980,6947853616 -12102,6276132722
-10227,2826274204 -11022,6284625924 -13909,9290306545 -12098,4692182953
-10227,2826274204 -11029,1669855019 -13751,2539918041 -12088,3098077532
-10227,2826274204 -11127,4187180324 -13763,8603191793 -12052,6337661088
-10227,2826274204 -11094,2673635819 -13455,6800616619 -12009,9468029997
-10227,2826274204 -11057,5635378894 -13676,7603983914 -12037,7827221884
-10227,2826274204 -11182,1497738008 -13713,2075512518 -12075,6248791557
-10227,2826274204 -11098,4534859272 -13470,9297970946 -11974,3360140722
-10227,2826274204 -11096,154995925 -13507,7742836593 -11974,8635097061
-10227,2826274204 -11075,8369574355 -13488,1137727117 -11989,1323146422
-10227,2826274204 -11222,640143825 -13654,2370900772 -11972,7510356909
-10227,2826274204 -11112,3307083585 -13541,1140634567 -12022,3587680127
-10227,2826274204 -11294,4448968934 -13377,2459910782 -12027,5377799753
-10227,2826274204 -11306,7684080422 -13626,1161478632 -11982,4657601738
-10227,2826274204 -11290,4125511307 -13277,8474027841 -12037,4948418507
-10227,2826274204 -11375,8147175782 -13489,4301828835 -12077,6176776005
-10227,2826274204 -11599,9481026021 -13868,9772138068 -12169,8571887886
-10227,2826274204 -11605,2393094739 -13980,5034545305 -12166,9133469286
-10227,2826274204 -11709,6898552102 -13471,2101364787 -12248,6259336087
-10227,2826274204 -11678,2816165482 -13759,0960990263 -12204,2488953876
-10227,2826274204 -11557,8739343407 -13610,1984503003 -12183,9904778344
-10227,2826274204 -11480,810432585 -13429,8814377584 -12184,4080122088
-10227,2826274204 -11389,9103998658 -13835,4572275457 -12118,4098544376
-10227,2826274204 -11468,2073836631 -13422,4114839171 -12132,4552776887
-10227,2826274204 -11335,7434100806 -13513,7091203122 -12109,8777518816
-10227,2826274204 -11434,5779933743 -13493,0199802097 -12154,2326329829
-10227,2826274204 -11597,9949725251 -13704,3142130072 -12143,5424559621
-10227,2826274204 -11294,2917840677 -13603,473194198 -12119,6778068988
-10227,2826274204 -11306,5276226966 -13377,4597304769 -12125,8985074785
-10227,2826274204 -11221,9250944967 -13683,7213773873 -12151,3439301796
-10227,2826274204 -11147,9972976618 -14156,232099622 -12097,7674157911
-10227,2826274204 -11108,6839189141 -13822,0660262234 -12135,2268573079
-10227,2826274204 -11056,6274260368 -13350,1660909674 -12089,1192128184
-10227,2826274204 -10929,6118168465 -13773,5028232174 -12034,7579819009
-10227,2826274204 -10929,6118168465 -13842,5652758488 -11985,4967202591
-10227,2826274204 -10842,8071914109 -13375,6935260136 -11994,1554962687
-10227,2826274204 -10762,8057735128 -13353,6331131039 -11973,1486085589
-10227,2826274204 -10977,0351553697 -13523,0851299735 -12048,4662629862
-10227,2826274204 -11056,0577605371 -13319,4136547278 -12057,7388129072
-10227,2826274204 -11122,2634280351 -13535,63684185 -12110,5708823913
-10227,2826274204 -11174,8856079421 -13478,5546360465 -12182,039066075
-10227,2826274204 -10972,2687851296 -13494,9606903606 -12114,0609589471
-10227,2826274204 -11114,6120031317 -13440,9246069198 -12100,585812069
-10227,2826274204 -11401,6371194197 -13550,0412815026 -12151,8761203498
-10227,2826274204 -11202,7332980161 -13548,6344075175 -12197,2541380346
-10227,2826274204 -10985,6091054131 -13594,703159037 -12136,1294555938
-10227,2826274204 -10954,5577007368 -13567,7459498205 -12149,2395696976
-10227,2826274204 -10938,5843334238 -13827,0804909365 -12110,5778322532
-10227,2826274204 -10810,0892821966 -14253,8184871073 -12082,5947781989
-10227,2826274204 -10909,2852139369 -14158,6040995318 -12073,9557781079
-10227,2826274204 -10982,2129628261 -13914,3187080913 -12094,8979996516
-10227,2826274204 -10849,4496018023 -14053,5797751689 -12107,235477057
-10227,2826274204 -10622,4030805106 -14189,5957494406 -12114,619180886
-10227,2826274204 -10905,1340676984 -13865,1269098653 -12107,5105340711
-10227,2826274204 -10807,5305961262 -13719,9785946726 -12084,0902463163
-10227,2826274204 -10732,4662530107 -14057,4787921796 -12150,9172949717
-10227,2826274204 -10751,2947910548 -14241,7517126415 -12110,0533587419
-10227,2826274204 -10841,4088362868 -13725,5766533218 -12129,8375324325
-10227,2826274204 -10822,5802982427 -13634,9316330567 -12030,6351061416
-10227,2826274204 -10539,1912959367 -13671,6128121716 -11970,8022515581
-10227,2826274204 -10566,3009235276 -13762,0126293582 -11923,8490024499
-10227,2826274204 -10500,0952560296 -13499,6073261476 -11831,1693895863
-10227,2826274204 -10437,7274726371 -13598,5146776727 -11790,9115549588
-10227,2826274204 -10420,5582130587 -13535,3103386232 -11748,8884000187
-10227,2826274204 -10578,0735042857 -13370,8942653835 -11776,613389962
-10227,2826274204 -10446,7702821836 -13416,7744018334 -11802,9438636853
-10194,7986003447 -10194,7986003447 -13856,8181156217 -11822,0934980302
-10194,7986003447 -10310,1768711987 -13877,0760430731 -11811,3276734373
-10168,7714073163 -10168,7714073163 -14095,9257269586 -11836,4387953837
-10168,7714073163 -10224,8770264967 -13828,4039525128 -11849,233308704
-10168,7714073163 -10413,143349216 -13687,9970174335 -11828,2493945886
-10168,7714073163 -10325,3473709254 -13716,1621557059 -11898,899414542
-10168,7714073163 -10281,5270846689 -13622,4831414321 -11837,4999115671
-10168,7714073163 -10371,3303452365 -14099,4595396254 -11782,3220402048
-10168,7714073163 -10489,5643592219 -13653,9823812584 -11797,9933839398
-10168,7714073163 -10382,3724950536 -13748,7060798403 -11692,7574580215
-10168,7714073163 -10441,9573688706 -13554,894134743 -11761,8509769416
-10168,7714073163 -10450,9651251017 -13667,2717052942 -11783,1360590384
-10168,7714073163 -10220,5133938505 -13759,6037649508 -11726,2867142387
-10168,7714073163 -10468,0615053598 -13457,2307161741 -11702,2597644589
-10168,7714073163 -10453,1096548852 -13807,2838298786 -11650,719801637
-10168,7714073163 -10229,0786765948 -13935,130137103 -11609,8168885824
-10168,7714073163 -10274,1836585567 -13704,7468159662 -11606,4610658215
-10168,7714073163 -10271,116919963 -13865,4705390479 -11558,5272324898
-10168,7714073163 -10241,8400564759 -13691,0409387238 -11594,4984755856
-10168,7714073163 -10372,57030715 -14043,6362187671 -11620,8458949091
-10168,7714073163 -10417,4946852292 -14110,3477234137 -11625,9071624089
-10168,7714073163 -10354,6706143316 -13831,0639202084 -11592,2213177523
-10168,7714073163 -10469,3599111696 -13712,4126604283 -11605,706519241
-10168,7714073163 -10475,2747428988 -13673,4629144356 -11512,8479720705
-10168,7714073163 -10469,1084078541 -13606,887837204 -11501,4350024123
-10168,7714073163 -10504,702828074 -13755,176679637 -11495,4414433982
-10168,7714073163 -10432,7649734229 -13580,1202273304 -11547,9707795168
-10068,2448062004 -10068,2448062004 -13612,6297370495 -11511,6842450474
-10066,8453802096 -10066,8453802096 -13456,0586535144 -11452,2626762348
-10066,8453802096 -10445,7639257087 -13575,9192305247 -11637,9559424179
-10066,8453802096 -10685,9666625748 -13751,0869526144 -11685,2756243383
-10066,8453802096 -10671,1722103364 -13832,9076529216 -11715,2257817308
-10066,8453802096 -10671,1722103364 -13943,0262849253 -11721,2251931769
-10066,8453802096 -10716,8940426105 -13680,5559242113 -11701,3193492235
-10066,8453802096 -10635,1778602944 -13655,1520478987 -11709,7067550355
-10066,8453802096 -10603,2450607631 -14048,0216426189 -11712,5224161454
-10066,8453802096 -10586,7655485877 -13854,7321494365 -11690,4246698242
-10066,8453802096 -10705,8203053952 -13938,1549317691 -11687,177472291
-10066,8453802096 -10971,4725242464 -13198,6898640609 -11688,2608812309
-10066,8453802096 -10953,3003948343 -13053,0483935145 -11702,0958313478
-10066,8453802096 -10972,0228085216 -13043,1241438269 -11710,57256332
-10066,8453802096 -10867,7041749093 -13042,5751224781 -11611,0258268912
-10066,8453802096 -10929,5886047212 -13162,4678676819 -11664,7988593238
-10066,8453802096 -10904,3306422105 -12937,9867174987 -11659,4966828128
-10066,8453802096 -10844,7853704807 -12852,8094806633 -11671,5046444412
-10066,8453802096 -10965,3753418937 -13232,6225732247 -11671,8626081023
-10066,8453802096 -11121,6376069809 -13293,0099341922 -11710,4279484661
-10066,8453802096 -11073,09499452 -13141,1141318185 -11766,1039220676
-10066,8453802096 -10910,2480013996 -13446,8665302028 -11756,5663622794
-10066,8453802096 -10811,2485617232 -13285,2418567933 -11708,8559028197
-10066,8453802096 -10802,4173768259 -13289,8631173607 -11709,900537209
-10066,8453802096 -10648,027235245 -13110,8054856992 -11668,4316413824
-10066,8453802096 -10718,8487386691 -12934,6134312513 -11689,5148047211
-10066,8453802096 -10741,9472657838 -12968,9519575877 -11664,8573611769
-10066,8453802096 -10721,71306143 -13375,6302655301 -11708,5248461812
-10066,8453802096 -10653,6547974655 -13645,3816382596 -11695,1728526538
-10066,8453802096 -10557,6929833127 -13354,9993288133 -11665,5600476063
-10066,8453802096 -10561,6988640755 -13079,4416293583 -11631,1673870191
-10066,8453802096 -10663,1108758025 -12951,6580753707 -11576,3624575282
-10066,8453802096 -10752,3836272914 -12987,0108431081 -11634,9573627239
-10066,8453802096 -10615,7507796468 -13091,1782370276 -11641,7135408487
-10066,8453802096 -10641,1047206625 -13271,0620666008 -11684,2434893861
-10066,8453802096 -10910,4506131377 -13034,7533091891 -11662,6504684309
-10066,8453802096 -10989,4868633081 -12989,2636604594 -11705,5723844098
-10066,8453802096 -10970,8082523655 -13008,4588557678 -11663,0606106354
-10066,8453802096 -10997,9951720633 -13182,9383755232 -11723,340545801
-10066,8453802096 -11032,891328946 -13172,6093515065 -11710,4110428415
-10066,8453802096 -11153,8891272915 -13421,4889431786 -11843,8874040929
-10066,8453802096 -11232,0466969298 -13183,470464404 -11768,2294502832
-10066,8453802096 -11190,2590116443 -13107,5185513982 -11713,4976548312
-10066,8453802096 -11190,2590116443 -13321,007596228 -11652,6116029721
-10066,8453802096 -11213,3832904616 -13040,1268694894 -11690,1169039919
-10066,8453802096 -10755,2013253503 -13009,2998807806 -11618,3207337868
-10066,8453802096 -10910,9030444195 -12924,2701778637 -11690,9482539324
-10066,8453802096 -10892,6528483886 -13159,6965356139 -11716,7016992492
-10066,8453802096 -11005,5636095142 -13321,9888177323 -11806,0598768099
-10066,8453802096 -10973,9514295526 -13127,5282034788 -11832,4403568522
-10066,8453802096 -10679,0528231195 -13169,7360575758 -11775,7621902876
-10066,8453802096 -10679,0528231195 -12915,6095400305 -11780,5034680044
-10066,8453802096 -10837,2939394636 -13189,8992997654 -11774,6195267355
-10066,8453802096 -10836,8559748199 -13149,8312736031 -11749,0686785457
-10066,8453802096 -10804,5472609407 -13205,2862331714 -11736,9359026863
-10066,8453802096 -10842,2644483365 -12988,0998771987 -11696,8497002561
-10066,8453802096 -10856,0576197335 -13225,2227419346 -11802,7352307309
-10066,8453802096 -10972,5257833335 -13452,6325931866 -11840,8099034461
-10066,8453802096 -10958,7326119365 -13310,0340590168 -11774,2220137078
-10066,8453802096 -11070,1796538757 -13455,0159057828 -11719,3788157292
-10066,8453802096 -11099,2517172612 -13191,9727025494 -11690,180733171
-10066,8453802096 -11036,0772062827 -13089,6400777215 -11676,7057754622
-10066,8453802096 -11201,6594503111 -13066,8714185207 -11705,0021923345
-10066,8453802096 -11102,2451869275 -13078,9378819397 -11706,9432844658
-10066,8453802096 -11325,6987754096 -13256,2126243451 -11757,0736434321
-10066,8453802096 -11352,9554142662 -13258,3955472045 -11725,9158590574
-10066,8453802096 -11335,0954306999 -13445,5113024493 -11812,9613100539
-10066,8453802096 -11220,2060578024 -13481,2107827286 -11789,1714498601
-10066,8453802096 -11141,2001874493 -13458,9751748918 -11868,005397444
-10066,8453802096 -11104,2058817742 -13246,4030833551 -11837,8611135244
-10066,8453802096 -11188,0020785183 -13491,7800518442 -11810,0248904518
-10066,8453802096 -11011,34363606 -13629,4462244916 -11786,0193335444
-10066,8453802096 -10953,4788383238 -13642,7408942445 -11794,3936456519
-10066,8453802096 -10709,7906880611 -13757,8335661653 -11791,329385885
-10066,8453802096 -10659,380853248 -13673,6349212807 -11835,7231089797
-10066,8453802096 -10492,6980311854 -13716,882641348 -11821,6279894535
-10066,8453802096 -10497,5750509926 -13744,6057312316 -11853,6794724152
-10066,8453802096 -10402,0249390158 -13587,6744226571 -11842,6949305296
-10066,8453802096 -10509,3727445686 -13438,6119414568 -11756,8575337878
-10066,8453802096 -10798,2007502718 -13654,4949038763 -11805,5261994064
-10066,8453802096 -10702,0210868086 -13847,851825643 -11798,2511821135
-10066,8453802096 -10527,77674977 -13731,6762534056 -11710,6454132856
-10066,8453802096 -10507,6127337059 -14283,4506390822 -11706,644338679
-10066,8453802096 -10481,4681328981 -13627,1408471182 -11738,1479522876
-10066,8453802096 -10479,1496687562 -13529,4707733538 -11715,9077733476
-10066,8453802096 -10372,8510185684 -13379,0831656295 -11664,3752462118
-10066,8453802096 -10358,0146765981 -13440,7942444401 -11674,506458741
-10066,8453802096 -10360,3710739836 -13552,6480257471 -11620,7508385551
-10066,8453802096 -10269,9804475984 -13691,0037135554 -11625,9726720476
-10066,8453802096 -10265,8351102437 -13504,3485127421 -11616,3453345616
-10066,8453802096 -10264,4602103749 -13740,7134995855 -11565,9350708414
-10066,8453802096 -10542,9374434382 -13549,9297702229 -11573,6260474687
-10066,8453802096 -10398,0187732369 -13375,1622543834 -11631,6792750325
-10066,8453802096 -10427,0674118831 -13515,0465098981 -11756,6851162558
-10066,8453802096 -10386,2290922372 -13774,6507795766 -11756,6641059726
-10066,8453802096 -10403,1604429678 -13599,297667469 -11720,7845930299
-10066,8453802096 -10190,0512433618 -14156,008291542 -11712,3525078705
-10066,8453802096 -10229,9668371425 -14090,2043221228 -11817,3607150932
-10066,8453802096 -10454,2170534298 -13749,8731276877 -11847,8525491645
-10066,8453802096 -10437,7375412544 -14104,9219295964 -11832,0672511803
-10066,8453802096 -10500,2676458061 -14106,6370317225 -11845,3381064764
-10066,8453802096 -10500,2676458061 -13854,5949380139 -11797,1889113048
-10066,8453802096 -10437,7375412544 -13996,3803575303 -11790,9541444624
-10066,8453802096 -10427,2514121254 -14123,7423228996 -11910,2243655666
-10066,8453802096 -10606,7254914266 -13868,3457419892 -11958,3395728441
-10066,8453802096 -10666,8726097831 -13914,9862494514 -12023,8370832145
-10066,8453802096 -10809,4487498134 -13672,0384285398 -11980,9514156143
-10066,8453802096 -10687,9692297634 -13764,9826212151 -12041,9701886914
-10066,8453802096 -10567,8478163792 -13681,3139745384 -11949,1310633064
-10066,8453802096 -10511,923212959 -13596,6018795681 -11985,3628194384
-10066,8453802096 -10554,2451212186 -13832,5183197041 -12008,3001891494
-10066,8453802096 -10554,2451212186 -13760,3971437707 -11973,3758962252
-10066,8453802096 -10556,3548278939 -13838,2141110384 -11916,4335041969
-10066,8453802096 -10447,0580293743 -13842,835378534 -11877,3039669243
-10066,8453802096 -10312,436233214 -13642,3835374971 -11891,6969870964
-10066,8453802096 -10260,2115766208 -13354,9032675475 -11898,4107555121
-10066,8453802096 -10535,798140474 -13598,8117092834 -11918,3295173754
-10066,8453802096 -10693,1257457085 -13917,3153062046 -11892,7193392507
-10066,8453802096 -10675,2519736203 -13573,4990276098 -11780,2093291679
-10066,8453802096 -10765,0552341878 -13428,0818625828 -11769,234014652
-10066,8453802096 -10828,8336635671 -13473,4910971938 -11802,656477056
-10066,8453802096 -10976,9583839652 -13566,5239303518 -11786,085035665
-10066,8453802096 -10877,5936333505 -13666,4497338947 -11819,8112670255
-10066,8453802096 -11039,6659909315 -13799,0433801978 -11825,5655504652
-10066,8453802096 -11048,1201761333 -14245,3802134653 -11860,7110792962
-10066,8453802096 -10940,1920935856 -13823,869029735 -11857,9103690708
-10066,8453802096 -10975,8495394203 -14383,4584439125 -11971,0363392148
-10066,8453802096 -10953,9855128778 -14341,4283904656 -11941,5662251201
-10066,8453802096 -11074,9852334018 -14537,689868845 -11941,9363296043
-10066,8453802096 -10992,456864713 -14379,2977247368 -11946,2787934585
-10066,8453802096 -11011,9638484164 -14602,8651790662 -11917,1445804199
-10066,8453802096 -11040,5090141499 -14299,317379097 -11949,8113789219
-10066,8453802096 -11053,844872663 -14603,4381331363 -11954,1882961473
-10066,8453802096 -11062,8374629776 -14280,7584171413 -11898,0193259607
-10066,8453802096 -11002,4084054047 -14403,1487896672 -11925,7400501151
-10066,8453802096 -10894,1492824864 -14562,6531475327 -11886,5350177604
-10066,8453802096 -10898,4629266152 -14688,0823990894 -11929,3332130092
-10066,8453802096 -11013,373867025 -14672,7767062093 -11850,7915359544
-10066,8453802096 -10819,9031631332 -14554,9850695668 -11787,9767864637
-10066,8453802096 -10731,9065440176 -14426,1150364556 -11773,7005181764
-10066,8453802096 -10794,3317260958 -14146,4322333588 -11837,2300871194
-10066,8453802096 -10982,458802097 -13677,5606308079 -11840,8738864202
-10066,8453802096 -10853,510142347 -13622,1008239191 -11828,515102507
-10066,8453802096 -11023,9972719484 -14167,2809504553 -11887,2816481428
-10066,8453802096 -11036,1390691115 -13866,0762947135 -11920,731018617
-10066,8453802096 -10976,5152618738 -13331,4770612851 -11885,0317532063
-10066,8453802096 -10845,4443888827 -13844,7186842577 -11920,6730977755
-10066,8453802096 -11098,4633005415 -13716,4229724461 -11835,783503748
-10066,8453802096 -11042,2290573362 -13581,0464793527 -11914,6708587883
-10066,8453802096 -10806,7883224621 -14162,7105149285 -11923,0214304334
-10066,8453802096 -10490,3364777298 -14000,4232076875 -11888,0353923571
-10066,8453802096 -10467,1111769812 -13599,1487046439 -11791,0038139926
-10066,8453802096 -10533,9155969812 -13675,9628384695 -11760,8725808397
-10066,8453802096 -11047,2612738482 -13695,6480414839 -11841,5964885122
-10066,8453802096 -10769,2983477918 -13491,1071646136 -11816,0043030813
-10066,8453802096 -10729,3827540111 -13323,5874240769 -11741,7357771361
-10066,8453802096 -10806,4462557668 -13335,5611326543 -11719,9855216084
-10066,8453802096 -10684,7194057887 -13621,995551075 -11811,7784531368
-10066,8453802096 -10692,6431463271 -13154,5449630328 -11777,8209926527
-10066,8453802096 -10778,6567861564 -13150,3266259629 -11797,1252335867
-10066,8453802096 -10784,6703252887 -13492,136304782 -11767,9700845847
-10066,8453802096 -10778,871610188 -13613,2324279232 -11716,29862254
-10066,8453802096 -10652,0528253579 -13440,6203498767 -11806,2429000885
-10066,8453802096 -10694,3087447681 -13907,5132702239 -11856,0494579766
-10066,8453802096 -10380,6810438538 -13668,7006480213 -11778,3022630617
-10066,8453802096 -10627,1244830983 -13453,4896410529 -11719,0414624705
-10066,8453802096 -10568,0101975413 -13256,1311099889 -11699,3756454099
-10066,8453802096 -10645,5332711436 -13249,1032585253 -11737,1672368735
-10066,8453802096 -10727,7045075626 -13535,4248337639 -11740,1736105033
-10066,8453802096 -10862,6207572245 -13602,8353623355 -11733,4633988673
-10066,8453802096 -10785,3600658828 -13392,437257807 -11696,0816036635
-10066,8453802096 -10870,060261833 -13419,322650295 -11683,9924310411
-10066,8453802096 -11018,375422331 -13197,2711666126 -11674,1077557564
-10066,8453802096 -10993,345346878 -13487,9285804253 -11786,7178487581
-10066,8453802096 -10693,7352833285 -13674,9550887238 -11844,8557046995
-10066,8453802096 -10787,7227307766 -14047,9454924947 -11837,7643845165
-10066,8453802096 -10743,0023825783 -13848,2254330005 -11824,954280566
-10066,8453802096 -10682,0298880118 -14005,3686436052 -11828,0447914274
-10066,8453802096 -10622,5547787409 -14392,5205849409 -11877,8609773776
-10066,8453802096 -10622,5547787409 -13936,2438905437 -11874,5765531997
-10066,8453802096 -10459,2605023452 -13961,9534814421 -11878,2470654308
-10066,8453802096 -10485,501948606 -14134,7088329004 -11969,9910900558
-10066,8453802096 -10595,8458867896 -13787,1370971216 -11994,7277607282
-10066,8453802096 -10675,0788610363 -14139,1962697308 -11996,2284137478
-10066,8453802096 -10607,9340979834 -14090,2300963324 -11969,337200621
-10066,8453802096 -10605,9149989914 -13780,5849658116 -11911,6588203201
-10066,8453802096 -10558,7916821995 -13648,2218218482 -11890,4576459618
-10066,8453802096 -10642,2793648588 -13304,9044874577 -11919,3110938262
-10066,8453802096 -10733,8016246698 -13393,1863838962 -11829,1812359121
-10066,8453802096 -10681,1871690558 -13345,832158718 -11835,0776348764
-10066,8453802096 -10631,7990208103 -13471,383345554 -11806,4272657077
-10066,8453802096 -10430,2977644138 -13548,7479678558 -11825,0282897603
-10066,8453802096 -10463,078040314 -13101,9525512025 -11806,1253809062
-10066,8453802096 -10545,76368359 -13563,2289619423 -11837,1739870643
-10066,8453802096 -10506,1457535802 -13280,2536917771 -11791,8262999172
-10066,8453802096 -10461,9805646282 -13422,6886073585 -11791,8823519969
-10066,8453802096 -10420,546344059 -13539,6807734104 -11745,913147809
-10066,8453802096 -10230,8169273382 -13936,5420149026 -11758,7847691
-10066,8453802096 -10168,6097052854 -13742,6051226956 -11748,2970299959
-10066,8453802096 -10440,9784882745 -13532,5265137347 -11784,3538176291
-10066,8453802096 -10532,5813004058 -13450,2329653124 -11826,6468209608
-10066,8453802096 -10603,8455122092 -13483,2022839983 -11804,1665829458
-10066,8453802096 -10787,9930708506 -13135,996479874 -11847,1806583847
-10066,8453802096 -10788,2839729713 -13183,4894185325 -11898,0607162304
-10066,8453802096 -11241,2558447484 -13088,8137715937 -11937,5542052959
-10066,8453802096 -11350,8448812101 -13115,2021244825 -12041,6102783018
-10066,8453802096 -11138,5298253527 -13489,8882500436 -12061,1217694173
-10066,8453802096 -11060,6635085665 -13267,7002487259 -12091,8029770168
-10066,8453802096 -11266,112053766 -13238,9536259828 -12073,1362904112
-10066,8453802096 -11163,1907010249 -13376,1834633012 -12071,9218462799
-10066,8453802096 -11208,6002824587 -13316,2275740085 -12057,5395291348
-10066,8453802096 -11171,7557588713 -13612,9476461107 -12043,7645600464
-10066,8453802096 -11249,6220756575 -13886,3359004852 -12141,4122002781
-10066,8453802096 -10942,9658101667 -13556,8035524184 -12039,9363696322
-10066,8453802096 -11075,4832318852 -13442,5811242719 -12051,4484501788
-10066,8453802096 -11082,9686845292 -13621,0578054053 -12079,7709942597
-10066,8453802096 -11029,2320992007 -13155,9357912333 -11977,8223666485
-10066,8453802096 -10948,9813955483 -13479,5963041434 -12025,6428779751
-10066,8453802096 -11017,6597565752 -13582,9742580487 -12021,6645189597
-10066,8453802096 -11149,3935713878 -13553,1974058625 -12051,6034701167
-10066,8453802096 -11032,4865570757 -13588,6014595801 -12057,6155819565
-10066,8453802096 -10961,2200101284 -13384,6621378292 -12049,1619682167
-10066,8453802096 -10834,3901284161 -13773,4591807942 -12018,8215563625
-10066,8453802096 -11155,093209382 -13620,2444047553 -12059,6249518991
-10066,8453802096 -11127,4046133044 -13948,1889530712 -12079,1857711
-10066,8453802096 -11181,4429158636 -13413,1627519138 -12006,5794525588
-10066,8453802096 -11064,4478342687 -13566,1431748888 -12011,8994196081
-10066,8453802096 -11079,3819153378 -13751,3826110967 -11949,9562323078
-10066,8453802096 -11228,4712519519 -13563,4042694707 -12010,9336726153
-10066,8453802096 -10907,768170986 -13574,7603820382 -11970,9902567836
-10066,8453802096 -10991,054815737 -13440,8366115377 -11916,9870342862
-10066,8453802096 -11086,0032678055 -13515,4587021157 -11925,2643191693
-10066,8453802096 -11092,9711605104 -13548,0375441019 -11918,5684122128
-10066,8453802096 -11014,1586568959 -13471,9740442923 -11970,8918785937
-10066,8453802096 -10913,4528365803 -13512,2605338258 -11918,0631870335
-10066,8453802096 -10883,0912297668 -13652,2630275593 -11944,4767104013
-10066,8453802096 -11099,9542730269 -13602,1816352063 -11952,1344138741
-10066,8453802096 -10997,1399962411 -13380,6771853375 -11986,1639629234
-10066,8453802096 -10979,8537705428 -13648,9214745203 -11921,9695246465
-10066,8453802096 -11089,3944208711 -13726,2986234857 -11974,7956397429
-10066,8453802096 -11162,4291248155 -13798,1712610061 -11971,361554207
-10066,8453802096 -11139,4744769214 -13869,6206090071 -11981,339267354
-10066,8453802096 -11104,5532109579 -13550,8942911608 -11968,7915784342
-10066,8453802096 -11100,7374839731 -13801,6846481074 -11928,3465061278
-10066,8453802096 -11056,0954117215 -13779,5040816886 -11886,2386293874
-10066,8453802096 -11089,2251147842 -14043,9458095277 -11980,5718301871
-10066,8453802096 -10740,6419098053 -13571,2966174089 -11897,3978363057
-10066,8453802096 -10928,6112503198 -13272,4543787402 -11881,1373093814
-10066,8453802096 -10710,3868071382 -13288,073020353 -11938,4449523249
-10066,8453802096 -10833,7080378737 -13504,0816056777 -11869,0375282239
-10066,8453802096 -10833,7080378737 -13627,199008608 -11797,0403201684
-10066,8453802096 -10656,3177441364 -14082,6316658843 -11726,0479191047
-10066,8453802096 -11119,1625649872 -13672,9459378625 -11863,5525248659
-10066,8453802096 -11127,8738545066 -13398,887836706 -11906,4573198745
-10066,8453802096 -11204,1657981783 -13534,7165446203 -11960,2483655829
-10066,8453802096 -11204,1657981783 -13706,0141603615 -11934,2888818263
-10066,8453802096 -11204,1657981783 -13568,6322525308 -11954,5135293877
-10066,8453802096 -11094,6518593236 -13264,5035702437 -11951,3195583915
-10066,8453802096 -11051,2877058963 -13243,5483213338 -11932,6725463598
-10066,8453802096 -11051,2877058963 -13492,7865775318 -11945,1796991722
-10066,8453802096 -11215,34184833 -13261,8137709245 -12017,7725476515
-10066,8453802096 -11181,8614850318 -13223,0314285953 -12022,0444949175
-10066,8453802096 -11247,5762596832 -13472,387038425 -12025,4488441994
-10066,8453802096 -11239,7760486785 -13650,7732219161 -12026,7190202932
-10066,8453802096 -11191,0252349013 -13689,2066482452 -11964,0065795277
-10066,8453802096 -11209,5771771885 -13470,1593693797 -11902,2936103841
-10066,8453802096 -11107,1218001506 -13265,3634529887 -11828,8637334414
-10066,8453802096 -11267,8479299289 -13563,2953157427 -11959,762313948
-10066,8453802096 -11099,9378088082 -13606,7221791468 -11981,8660091195
-10066,8453802096 -11099,4484947077 -13539,0038256265 -11966,0365228642
-10066,8453802096 -11069,3039044686 -13420,9789430203 -11895,1834153409
-10066,8453802096 -11207,7214990239 -13308,1033924983 -11931,7108145586
-10066,8453802096 -11083,09454787 -13155,8278279543 -11941,7042041872
-10066,8453802096 -11049,319155986 -13592,4082208919 -11958,1264209131
-10066,8453802096 -11064,7011590045 -13261,6592443117 -11992,2496825571
-10066,8453802096 -11025,8472296509 -13236,6384083413 -11987,4771150858
-10066,8453802096 -11154,795889401 -13332,9029246438 -11981,7796039219
-10066,8453802096 -11154,795889401 -13233,0271098621 -11985,2836047729
-10066,8453802096 -11222,1991447728 -13702,0141961197 -12033,7585078052
-10066,8453802096 -11222,3559596325 -13553,0194040442 -11974,7031027589
-10066,8453802096 -11236,0692467356 -13528,4370052784 -11965,3967018863
-10066,8453802096 -11167,256977429 -13465,0241901805 -11980,0944822615
-10066,8453802096 -10864,1672673313 -13199,7415066698 -11904,1485890877
-10066,8453802096 -10740,7859071941 -13322,3957664374 -11887,4197584354
-10066,8453802096 -10740,7859071941 -13402,8848151654 -11820,4679389166
-10066,8453802096 -10697,8836908784 -13660,206478648 -11798,1450411728
-10066,8453802096 -10999,3976359493 -13648,5395905241 -11796,0893814119
-10066,8453802096 -11028,1705533913 -13682,7946103542 -11869,1584471856
-10066,8453802096 -11078,9276772581 -13473,8176868258 -11849,2795022722
-10066,8453802096 -11052,8749695949 -13459,376257046 -11893,0294943459
-10066,8453802096 -11003,8651282823 -14042,3279240614 -11876,0835270005
-10066,8453802096 -10773,3814246922 -14086,9206739671 -11839,2735369539
-10066,8453802096 -10896,3286968875 -13986,5473704807 -11862,0374286458
-10066,8453802096 -10751,7669975793 -14232,0523136632 -11912,7810698586
-10066,8453802096 -10879,8222536005 -14439,8446530987 -11921,5305525019
-10066,8453802096 -10887,1728193116 -14258,0840246722 -11868,5964093058
-10066,8453802096 -10887,1728193116 -13744,8270609493 -11834,7541189476
-10066,8453802096 -10740,3534168404 -13587,1408155751 -11871,4732468645
-10066,8453802096 -10723,2627020458 -13569,165781702 -11802,2362610056
-10066,8453802096 -10723,2627020458 -13419,4114297752 -11773,5671864305
-10066,8453802096 -10616,2635950537 -13705,617860621 -11794,5363942733
-10066,8453802096 -10608,211470235 -13982,3556040262 -11770,0630467389
-10066,8453802096 -10679,2054300984 -14282,7427318299 -11795,1588023125
-10066,8453802096 -10612,1591557931 -14088,5457687312 -11708,1449817576
-10066,8453802096 -10595,975697629 -13993,6797975926 -11720,758911696
-10066,8453802096 -10844,6391026217 -14022,3839177745 -11842,7033111332
-10066,8453802096 -10884,9099728741 -14287,6378187526 -11825,7958736401
-10066,8453802096 -10862,4202384083 -13767,4728867734 -11756,072627171
-10066,8453802096 -10828,0683532542 -13935,6036717236 -11786,4832030559
-10066,8453802096 -10558,489553595 -13872,2482540182 -11774,7041928706
-10066,8453802096 -10539,8432732991 -14093,4063390835 -11784,54229133
-10066,8453802096 -10532,7388365746 -13818,7985882511 -11800,106469264
-10066,8453802096 -10557,26346858 -13497,4298423242 -11874,7213176709
-10066,8453802096 -10485,863883376 -13387,8882207013 -11794,1260460563
-10066,8453802096 -10694,6886782227 -13597,312484381 -11800,1833922558
-10066,8453802096 -10803,5394219683 -13616,4498856177 -11808,9038246521
-10066,8453802096 -10727,7164165949 -13533,662035551 -11847,1953767244
-10066,8453802096 -10637,1737852584 -13391,380850976 -11916,3407422945
-10066,8453802096 -10880,725637238 -13594,819934985 -11932,997822808
-10066,8453802096 -10832,0199536374 -13434,0857998708 -11805,4010728899
-10066,8453802096 -10834,6300208694 -13445,9319306271 -11800,7178568212
-10066,8453802096 -10821,3576554997 -13164,1572581515 -11756,5669743998
-10066,8453802096 -10959,6423666455 -13290,7499585577 -11737,3727457226
-10066,8453802096 -10941,418607253 -12985,6565698246 -11686,0988858811
-10066,8453802096 -11018,6270628765 -13274,3804351628 -11737,0587414592
-10066,8453802096 -11052,620554671 -13212,2446259713 -11716,0894205985
-10066,8453802096 -11064,695465038 -13103,2681589139 -11724,0082319684
-10066,8453802096 -11087,3705236464 -13074,4258024357 -11733,4557971804
-10066,8453802096 -11051,6832794802 -13212,761977158 -11800,2884901776
-10066,8453802096 -10878,661968709 -14081,6347113119 -11766,4109113552
-10066,8453802096 -10885,5383308893 -13771,9846026166 -11763,0383638876
-10066,8453802096 -10847,5884017989 -13535,201656051 -11798,8131133225
-10066,8453802096 -10907,3788112432 -13766,4511022237 -11748,4423528905
-10066,8453802096 -10869,1832946381 -13642,2834881909 -11740,7975748626
-10066,8453802096 -11328,5407708888 -13603,4486670011 -11823,3098716936
-10066,8453802096 -11309,2995187575 -13501,3773152543 -11799,2080424008
-10066,8453802096 -11293,5286430275 -13254,8584300084 -11796,6217383988
-10066,8453802096 -11052,0721829053 -13223,0425028818 -11776,8511187878
-10066,8453802096 -10780,9571688398 -13224,2496001485 -11731,2909523923
-10066,8453802096 -10864,7569881272 -13310,0085191654 -11726,2547604486
-10066,8453802096 -10864,7569881272 -13246,4855970444 -11739,9957914585
-10066,8453802096 -10876,3909800241 -13152,5822731879 -11721,8701423422
-10066,8453802096 -10876,9092743525 -13085,4187984632 -11653,3976181491
-10066,8453802096 -10874,3871390825 -13269,7786706276 -11646,4893871359
-10066,8453802096 -10914,3676328843 -13398,0638174621 -11703,9705137413
-10066,8453802096 -11109,8817163918 -13344,6628665417 -11708,7688252592
-10066,8453802096 -10884,5466104671 -13343,6090772608 -11608,7100350998
-10066,8453802096 -11037,7904503807 -13101,2148459758 -11574,6867792793
-10066,8453802096 -11111,4012585774 -13090,5468336427 -11594,1418297282
-10066,8453802096 -10999,0457207607 -13065,4128346981 -11552,9856854997
-10066,8453802096 -11026,4666063919 -13111,3779716006 -11609,1612890901
-10066,8453802096 -10849,6552366386 -12871,0693839993 -11622,3739348071
-10066,8453802096 -10809,4725437299 -12833,3416619985 -11580,933145978
-10066,8453802096 -10970,5219772378 -13180,646287222 -11577,8662485638
-10066,8453802096 -11017,2367084634 -12667,0005552166 -11597,878484405
-10066,8453802096 -10872,5215546482 -12585,5707087024 -11568,7103646712
-10066,8453802096 -10843,302160423 -12956,1924412473 -11622,9307010301
-10066,8453802096 -10668,3441581492 -13190,8308604743 -11574,2030268759
-10066,8453802096 -10574,8974302768 -13334,49637389 -11638,7133112983
-10066,8453802096 -10724,5263105653 -12844,6087132888 -11684,109384111
-10066,8453802096 -10853,8766048328 -12873,2323477879 -11740,1404765147
-10066,8453802096 -11323,2014129667 -12787,5479451073 -11801,1546843586
-10066,8453802096 -11263,0156737807 -12859,7012321279 -11801,3673496699
-10066,8453802096 -11229,373392202 -13011,4543808665 -11793,6202499956
-10066,8453802096 -11171,2320591832 -13136,1935890289 -11866,2935314081
-10066,8453802096 -11037,8881104428 -12956,7070468648 -11873,9462925784
-10066,8453802096 -10969,2333080172 -13315,2278880346 -11936,5535187074
-10066,8453802096 -10926,3557181997 -13348,0990777633 -11884,5529233364
-10066,8453802096 -11190,6289781434 -13258,9232292829 -11901,3078225476
-10066,8453802096 -11125,0672821777 -13368,1458483566 -11950,0442966234
-10066,8453802096 -11254,5741474506 -13390,6451354145 -12057,1354455276
-10066,8453802096 -11179,117333968 -13520,7349594456 -12033,0394178439
-10066,8453802096 -11039,0084737628 -13529,3349020699 -11968,6384495546
-10066,8453802096 -10439,27168171 -13372,9824958979 -11879,0347784878
-10066,8453802096 -10259,3861807237 -13304,7728969563 -11869,4464968435
-10066,8453802096 -10340,5245283638 -13294,8692921017 -11822,2231113193
-9868,89571119714 -9868,89571119714 -13375,7034133398 -11782,6485957046
-9840,52281852335 -9840,52281852335 -13188,1430276469 -11810,6852655034
-9840,52281852335 -10053,8934934628 -13287,0826461684 -11743,0102697866
-9840,52281852335 -9967,84422787244 -13313,2957332463 -11746,0026185747
-9840,52281852335 -9917,55903350858 -13160,0390818781 -11683,2048690799
-9840,52281852335 -9963,1688629194 -13164,6393110592 -11694,4232528611
-9840,52281852335 -9966,94174851055 -13174,2391738095 -11731,9395280637
-9840,52281852335 -9965,71011824333 -13151,3384544758 -11745,9270110096
-9840,52281852335 -9933,38518922679 -13248,5844131503 -11705,1121613151
-9840,52281852335 -10243,7138823045 -13083,8998868196 -11682,5807633064
-9840,52281852335 -10511,4308127107 -13218,463499041 -11730,4879333397
-9840,52281852335 -10683,2427908193 -13022,9471402087 -11778,642835544
-9840,52281852335 -10683,6573047673 -13296,1771087212 -11756,3838675967
-9840,52281852335 -10659,916105811 -12927,5959054244 -11678,0564138797
-9840,52281852335 -10655,9767878643 -13346,643810444 -11661,7337168854
-9840,52281852335 -10590,4453661685 -13057,5297672206 -11607,4496677294
-9840,52281852335 -10590,4453661685 -13061,1909101337 -11618,2785260923
-9840,52281852335 -10701,7970977038 -13473,6537197975 -11629,1538820246
-9840,52281852335 -10486,7597200183 -13472,0839457241 -11629,6292399361
-9840,52281852335 -10440,9052770861 -13609,7492239141 -11586,4072509956
-9840,52281852335 -10680,7021331072 -13038,1118700133 -11579,4490937686
-9840,52281852335 -10565,391764366 -13413,7225803824 -11564,7301574737
-9840,52281852335 -10531,577235943 -12962,7142197503 -11520,4233055181
-9840,52281852335 -10488,1018207802 -12873,6938227876 -11511,6719131842
-9840,52281852335 -10455,5091286723 -13302,6682185858 -11486,171796356
-9840,52281852335 -10455,5091286723 -13111,5870437898 -11521,392479212
-9840,52281852335 -10595,5089977672 -13147,0108908094 -11452,6784844956
-9840,52281852335 -10855,4178493972 -12786,4339440806 -11475,6858811217
-9840,52281852335 -11053,4904151027 -12888,9459738588 -11593,0278606871
-9840,52281852335 -11066,5721573205 -12933,0824515483 -11573,7832707338
-9840,52281852335 -10959,3986656271 -13095,2981912276 -11531,0054075393
-9840,52281852335 -10828,6390868964 -12893,6403667458 -11480,4499959766
-9840,52281852335 -10857,8091789803 -12866,7004787194 -11500,8532408105
-9840,52281852335 -10801,5019760846 -13049,6835857864 -11498,8527759006
-9840,52281852335 -10839,9086265922 -12747,1936758213 -11428,6533699054
-9840,52281852335 -10858,5514376788 -12940,9883440023 -11409,6020946295
-9840,52281852335 -10860,2088035791 -12927,8183359029 -11581,5057558774
-9840,52281852335 -10727,2921180576 -13191,874064487 -11660,3188697894
-9840,52281852335 -10743,1250330565 -12842,4769246599 -11664,2615378084
-9840,52281852335 -10716,9550150661 -13014,3555591224 -11560,8725274349
-9840,52281852335 -10644,6382632354 -13052,9015929716 -11585,5239505216
-9840,52281852335 -10729,5890392576 -13413,4605331533 -11618,7849772559
-9840,52281852335 -10755,5332737006 -13317,6641782384 -11658,5512831472
-9840,52281852335 -10840,7387643135 -13099,1322177826 -11615,5718224942
-9840,52281852335 -10908,8704727532 -13379,8883647104 -11690,0546430706
-9840,52281852335 -10900,2656173208 -13344,0080825109 -11668,073103636
636,118508997625
